# Matter power spectrum P(k) at redshift z=0
# for k=9.33795e-06 to 0.563093 h/Mpc,
# number of wavenumbers equal to 565
#    1:k (h/Mpc)              2:P (Mpc/h)^3        
       9.337945868099e-06       1.262346373001e+07 
       2.086113282258e-05       1.122974813251e+06 
       3.241674263592e-05       3.052823701557e+05 
       4.402964585924e-05       1.267070978458e+05 
       5.572504268005e-05       6.607421273702e+04 
       6.752864288619e-05       3.982142555667e+04 
       7.946685047450e-05       2.656134713219e+04 
       9.156695490003e-05       1.908909841209e+04 
       1.038573309784e-04       1.453352512746e+04 
       1.163676494740e-04       1.160115482924e+04 
       1.291291004250e-04       9.607490550339e+03 
       1.421746312584e-04       8.208108943138e+03 
       1.555392017261e-04       7.197669881669e+03 
       1.692600576218e-04       6.450032071924e+03 
       1.833770250990e-04       5.889641755188e+03 
       1.979328271674e-04       5.464620802331e+03 
       2.129734235579e-04       5.140623492813e+03 
       2.285483745609e-04       4.893983050899e+03 
       2.447112285942e-04       4.708055228660e+03 
       2.615199320555e-04       4.570884667337e+03 
       2.790372583687e-04       4.473338547934e+03 
       2.973312509126e-04       4.408994202842e+03 
       3.164756716062e-04       4.372952055193e+03 
       3.365504431582e-04       4.361455410271e+03 
       3.576420682577e-04       4.371889388020e+03 
       3.798440031736e-04       4.401960293392e+03 
       4.032569563202e-04       4.450010766110e+03 
       4.279890744556e-04       4.514910274507e+03 
       4.541559706091e-04       4.595664431702e+03 
       4.818805392391e-04       4.691580088168e+03 
       5.112924965436e-04       4.802015577340e+03 
       5.425275788635e-04       4.926666395316e+03 
       5.757263318529e-04       5.065029383455e+03 
       6.110324301299e-04       5.216872650183e+03 
       6.485904842501e-04       5.381769039188e+03 
       6.885433214485e-04       5.559410516865e+03 
       7.310287698524e-04       5.749363710220e+03 
       7.761760316520e-04       5.951189546274e+03 
       8.241017945943e-04       6.164344748233e+03 
       8.749062948969e-04       6.388275708591e+03 
       9.286695966674e-04       6.622216857358e+03 
       9.854483801850e-04       6.865563641193e+03 
       1.045273522755e-03       7.117594890240e+03 
       1.108148705754e-03       7.377459016494e+03 
       1.174050193019e-03       7.644493155652e+03 
       1.242927811325e-03       7.917889213318e+03 
       1.314707042714e-03       8.196974515447e+03 
       1.389292032343e-03       8.481012989366e+03 
       1.466569241864e-03       8.769396047333e+03 
       1.546411446653e-03       9.061462024431e+03 
       1.628681785027e-03       9.356528660413e+03 
       1.713237610554e-03       9.654039913149e+03 
       1.799933961441e-03       9.953387978598e+03 
       1.888626530246e-03       1.025408655025e+04 
       1.979174081653e-03       1.055545742351e+04 
       2.071440318694e-03       1.085727010778e+04 
       2.165295235659e-03       1.115870454402e+04 
       2.260616019198e-03       1.145964499935e+04 
       2.357287570082e-03       1.175954948601e+04 
       2.455202719695e-03       1.205816328210e+04 
       2.554262210861e-03       1.235507218339e+04 
       2.654374504449e-03       1.264999865351e+04 
       2.755455463693e-03       1.294271414075e+04 
       2.857427958323e-03       1.323300070813e+04 
       2.960221421611e-03       1.352061131736e+04 
       3.063771385480e-03       1.380532377922e+04 
       3.168019012158e-03       1.408709467499e+04 
       3.272910635508e-03       1.436569529754e+04 
       3.378397320919e-03       1.464093878083e+04 
       3.484434449363e-03       1.491294792443e+04 
       3.590981328847e-03       1.518128255021e+04 
       3.698000834666e-03       1.544611236981e+04 
       3.805459078634e-03       1.570730603684e+04 
       3.913325106602e-03       1.596482445329e+04 
       4.021570622997e-03       1.621857286210e+04 
       4.130169740801e-03       1.646854273376e+04 
       4.239098755158e-03       1.671467309797e+04 
       4.348335938791e-03       1.695696687248e+04 
       4.457861357344e-03       1.719539731041e+04 
       4.567656702894e-03       1.742996775849e+04 
       4.677705143908e-03       1.766067049003e+04 
       4.787991190088e-03       1.788750227808e+04 
       4.898500570607e-03       1.811047612033e+04 
       5.009220124415e-03       1.832952793625e+04 
       5.120137701381e-03       1.854471835278e+04 
       5.231242073162e-03       1.875608454217e+04 
       5.342522852795e-03       1.896354742106e+04 
       5.453970422122e-03       1.916726511600e+04 
       5.565575866222e-03       1.936712750022e+04 
       5.677330914140e-03       1.956321451994e+04 
       5.789227885261e-03       1.975550462988e+04 
       5.901259640739e-03       1.994410172088e+04 
       6.013419539479e-03       2.012892335052e+04 
       6.125701398198e-03       2.031006230412e+04 
       6.238099455155e-03       2.048752601495e+04 
       6.350608337183e-03       2.066137091010e+04 
       6.463223029690e-03       2.083156770135e+04 
       6.575938849337e-03       2.099823943684e+04 
       6.688751419131e-03       2.116125851945e+04 
       6.801656645693e-03       2.132075191757e+04 
       6.914650698494e-03       2.147682001212e+04 
       7.027729990874e-03       2.162941523364e+04 
       7.140891162661e-03       2.177859315448e+04 
       7.254131064261e-03       2.192427335806e+04 
       7.367446742061e-03       2.206662804397e+04 
       7.480835425034e-03       2.220571797306e+04 
       7.594294512438e-03       2.234137597823e+04 
       7.707821562503e-03       2.247380949229e+04 
       7.821414282019e-03       2.260304229343e+04 
       7.935070516757e-03       2.272911279792e+04 
       8.048788242624e-03       2.285196029859e+04 
       8.162565557516e-03       2.297163815475e+04 
       8.276400673794e-03       2.308822597066e+04 
       8.390291911327e-03       2.320176711381e+04 
       8.504237691066e-03       2.331227011591e+04 
       8.618236529094e-03       2.341979973812e+04 
       8.732287031119e-03       2.352429373565e+04 
       8.846387887372e-03       2.362588934512e+04 
       8.960537867871e-03       2.372459971269e+04 
       9.074735818039e-03       2.382043848649e+04 
       9.188980654622e-03       2.391342034420e+04 
       9.303271361910e-03       2.400363645837e+04 
       9.417606988217e-03       2.409104811612e+04 
       9.531986642613e-03       2.417578509528e+04 
       9.646409491882e-03       2.425776567455e+04 
       9.760874757693e-03       2.433707174274e+04 
       9.875381713961e-03       2.441376765199e+04 
       9.989929684399e-03       2.448781642284e+04 
       1.010451804023e-02       2.455930856161e+04 
       1.021914619804e-02       2.462825235467e+04 
       1.033381361784e-02       2.469467093721e+04 
       1.044851980116e-02       2.475858489516e+04 
       1.056326428935e-02       2.482011985614e+04 
       1.067804666196e-02       2.487916653576e+04 
       1.079286653526e-02       2.493585153970e+04 
       1.090772356083e-02       2.499018070292e+04 
       1.102261742423e-02       2.504212866922e+04 
       1.113754784383e-02       2.509179405782e+04 
       1.125251456964e-02       2.513923250054e+04 
       1.136751738229e-02       2.518432775968e+04 
       1.148255609198e-02       2.522723615430e+04 
       1.159763053765e-02       2.526799515020e+04 
       1.171274058609e-02       2.530654168753e+04 
       1.182788613111e-02       2.534297128656e+04 
       1.194306709290e-02       2.537731112257e+04 
       1.205828341724e-02       2.540955771705e+04 
       1.217353507496e-02       2.543975607561e+04 
       1.228882206131e-02       2.546790194404e+04 
       1.240414439544e-02       2.549406573758e+04 
       1.251950211989e-02       2.551823755769e+04 
       1.263489530014e-02       2.554051226892e+04 
       1.275032402421e-02       2.556083094034e+04 
       1.286578840225e-02       2.557924472596e+04 
       1.298128856624e-02       2.559573231452e+04 
       1.309682466961e-02       2.561042560722e+04 
       1.321239688702e-02       2.562329797621e+04 
       1.332800541406e-02       2.563444395819e+04 
       1.344365046708e-02       2.564368210097e+04 
       1.355933228294e-02       2.565126677043e+04 
       1.367505111887e-02       2.565704661332e+04 
       1.379080725230e-02       2.566115093199e+04 
       1.390660098080e-02       2.566355255584e+04 
       1.402243262190e-02       2.566438079757e+04 
       1.413830251308e-02       2.566354270752e+04 
       1.425421101167e-02       2.566115418480e+04 
       1.437015849486e-02       2.565703318833e+04 
       1.448614535966e-02       2.565136526029e+04 
       1.460217202292e-02       2.564424868307e+04 
       1.471823892136e-02       2.563555792243e+04 
       1.483434651161e-02       2.562526412787e+04 
       1.495049527026e-02       2.561361959810e+04 
       1.506668569397e-02       2.560049595180e+04 
       1.518291829958e-02       2.558594556091e+04 
       1.529919362419e-02       2.556995037552e+04 
       1.541551222529e-02       2.555258380375e+04 
       1.553187468099e-02       2.553380863782e+04 
       1.564828159008e-02       2.551372761457e+04 
       1.576473357230e-02       2.549243495340e+04 
       1.588123126849e-02       2.546959548479e+04 
       1.599777534085e-02       2.544554645855e+04 
       1.611436647313e-02       2.542035107892e+04 
       1.623100537090e-02       2.539367416653e+04 
       1.634769276183e-02       2.536593308574e+04 
       1.646442939595e-02       2.533690147452e+04 
       1.658121604594e-02       2.530636555716e+04 
       1.669805350747e-02       2.527518825552e+04 
       1.681494259952e-02       2.524284984191e+04 
       1.693188416472e-02       2.520899132380e+04 
       1.704887906970e-02       2.517407573644e+04 
       1.716592820551e-02       2.513837894684e+04 
       1.728303248796e-02       2.510119882064e+04 
       1.740019285809e-02       2.506333408402e+04 
       1.751741028254e-02       2.502432418159e+04 
       1.763468575405e-02       2.498440938811e+04 
       1.775202029187e-02       2.494292442525e+04 
       1.786941494231e-02       2.490081402221e+04 
       1.798687077917e-02       2.485854264779e+04 
       1.810438890430e-02       2.481358715230e+04 
       1.822197044812e-02       2.476854132022e+04 
       1.833961657019e-02       2.472259900643e+04 
       1.845732845975e-02       2.467674677147e+04 
       1.857510733638e-02       2.462801089070e+04 
       1.869295445054e-02       2.457939944910e+04 
       1.881087108427e-02       2.452991630259e+04 
       1.892885855181e-02       2.447957319502e+04 
       1.904691820029e-02       2.442839447180e+04 
       1.916505141042e-02       2.437646970484e+04 
       1.928325959726e-02       2.432366522310e+04 
       1.940154421090e-02       2.427019385087e+04 
       1.951990673729e-02       2.421587478550e+04 
       1.963834869901e-02       2.416079505910e+04 
       1.975687165610e-02       2.410501872740e+04 
       1.987547720690e-02       2.404852690961e+04 
       1.999416698896e-02       2.399130244361e+04 
       2.011294267990e-02       2.393339396154e+04 
       2.023180599837e-02       2.387480773303e+04 
       2.035075870500e-02       2.381559771354e+04 
       2.046980260343e-02       2.375571244069e+04 
       2.058893954127e-02       2.369516619664e+04 
       2.070817141122e-02       2.363402156018e+04 
       2.082750015213e-02       2.357223322734e+04 
       2.094692775013e-02       2.350991501223e+04 
       2.106645623981e-02       2.344703770228e+04 
       2.118608770538e-02       2.338358493089e+04 
       2.130582428196e-02       2.331947823753e+04 
       2.142566815681e-02       2.325494777330e+04 
       2.154562157069e-02       2.318987635709e+04 
       2.166568681919e-02       2.312429878096e+04 
       2.178586625415e-02       2.305819618980e+04 
       2.190616228511e-02       2.299192037542e+04 
       2.202657738082e-02       2.292462974698e+04 
       2.214711407075e-02       2.285715299019e+04 
       2.226777494673e-02       2.278919666930e+04 
       2.238856266460e-02       2.272081595714e+04 
       2.250947994589e-02       2.265204778713e+04 
       2.263052957958e-02       2.258283809067e+04 
       2.275171442397e-02       2.251324124184e+04 
       2.287303740851e-02       2.244319714128e+04 
       2.299450153580e-02       2.237286994827e+04 
       2.311610988353e-02       2.230179300857e+04 
       2.323786560666e-02       2.223100253680e+04 
       2.335977193948e-02       2.215952688045e+04 
       2.348183219791e-02       2.208785302747e+04 
       2.360404978177e-02       2.201574943502e+04 
       2.372642817718e-02       2.194334827408e+04 
       2.384897095903e-02       2.187065897234e+04 
       2.397168179352e-02       2.179766949978e+04 
       2.409456444087e-02       2.172442577459e+04 
       2.421762275800e-02       2.165082316759e+04 
       2.434086070141e-02       2.157704284999e+04 
       2.446428233011e-02       2.150304155273e+04 
       2.458789180871e-02       2.142870943206e+04 
       2.471169341057e-02       2.135427500067e+04 
       2.483569152107e-02       2.127954249934e+04 
       2.495989064105e-02       2.120459256409e+04 
       2.508429539034e-02       2.112944209190e+04 
       2.520891051145e-02       2.105418076184e+04 
       2.533374087334e-02       2.097874254135e+04 
       2.545879147543e-02       2.090291533444e+04 
       2.558406745169e-02       2.082704965628e+04 
       2.570957407494e-02       2.075100332835e+04 
       2.583531676125e-02       2.067467765547e+04 
       2.596130107463e-02       2.059856355655e+04 
       2.608753273176e-02       2.052189476525e+04 
       2.621401760707e-02       2.044556804937e+04 
       2.634076173786e-02       2.036888414575e+04 
       2.646777132981e-02       2.029198185510e+04 
       2.659505276254e-02       2.021508803472e+04 
       2.672261259554e-02       2.013806828005e+04 
       2.685045757429e-02       2.006097087340e+04 
       2.697859463659e-02       1.998362736108e+04 
       2.710703091931e-02       1.990663472580e+04 
       2.723577376526e-02       1.982931970424e+04 
       2.736483073045e-02       1.975190893721e+04 
       2.749420959168e-02       1.967446768103e+04 
       2.762391835443e-02       1.959691130255e+04 
       2.775396526109e-02       1.951944826695e+04 
       2.788435879961e-02       1.944172648603e+04 
       2.801510771250e-02       1.936412162255e+04 
       2.814622100627e-02       1.928643523778e+04 
       2.827770796129e-02       1.920884516639e+04 
       2.840957814211e-02       1.913132984084e+04 
       2.854184140829e-02       1.905352410543e+04 
       2.867450792573e-02       1.897573508393e+04 
       2.880758817852e-02       1.889799537168e+04 
       2.894109298142e-02       1.882031041871e+04 
       2.907503349290e-02       1.874270760205e+04 
       2.920942122885e-02       1.866484497902e+04 
       2.934426807700e-02       1.858723595109e+04 
       2.947958631198e-02       1.850953938031e+04 
       2.961538861128e-02       1.843189571695e+04 
       2.975168807190e-02       1.835430796724e+04 
       2.988849822797e-02       1.827705149910e+04 
       3.002583306923e-02       1.819920091450e+04 
       3.016370706051e-02       1.812190947441e+04 
       3.030213516228e-02       1.804423807249e+04 
       3.044113285230e-02       1.796687612467e+04 
       3.058071614845e-02       1.788950874942e+04 
       3.072090163279e-02       1.781236659729e+04 
       3.086170647709e-02       1.773513407643e+04 
       3.100314846967e-02       1.765783265395e+04 
       3.114524604383e-02       1.758057136516e+04 
       3.128801830799e-02       1.750341626440e+04 
       3.143148507750e-02       1.742637802519e+04 
       3.157566690838e-02       1.734941479908e+04 
       3.172058513311e-02       1.727256390333e+04 
       3.186626189856e-02       1.719557349548e+04 
       3.201272020624e-02       1.711920382562e+04 
       3.215998395512e-02       1.704224863278e+04 
       3.230807798705e-02       1.696584301694e+04 
       3.245702813519e-02       1.688917515806e+04 
       3.260686127544e-02       1.681262703977e+04 
       3.275760538134e-02       1.673607755930e+04 
       3.290928958253e-02       1.665972262149e+04 
       3.306194422721e-02       1.658336986557e+04 
       3.321560094875e-02       1.650700482134e+04 
       3.337029273693e-02       1.643115026765e+04 
       3.352605401421e-02       1.635481887890e+04 
       3.368292071726e-02       1.627869373150e+04 
       3.384093038449e-02       1.620312471577e+04 
       3.400012224979e-02       1.612710998662e+04 
       3.416053734335e-02       1.605113741263e+04 
       3.432221859983e-02       1.597542613022e+04 
       3.448521097490e-02       1.589955232633e+04 
       3.464956157069e-02       1.582395128796e+04 
       3.481531977101e-02       1.574844401314e+04 
       3.498253738733e-02       1.567266359846e+04 
       3.515126881654e-02       1.559731634227e+04 
       3.532157121155e-02       1.552174845519e+04 
       3.549350466613e-02       1.544629266158e+04 
       3.566713241530e-02       1.537083521121e+04 
       3.584252105291e-02       1.529565578492e+04 
       3.601974076825e-02       1.522010719301e+04 
       3.619886560357e-02       1.514464428000e+04 
       3.637997373483e-02       1.506944141286e+04 
       3.656314777819e-02       1.499400259664e+04 
       3.674847512516e-02       1.491892787945e+04 
       3.693604830948e-02       1.484340523478e+04 
       3.712596540954e-02       1.476810695033e+04 
       3.731833049043e-02       1.469272466503e+04 
       3.751325409026e-02       1.461730024669e+04 
       3.771085375626e-02       1.454181205475e+04 
       3.791125463671e-02       1.446643402227e+04 
       3.811459013571e-02       1.439089992899e+04 
       3.832100263893e-02       1.431533307321e+04 
       3.853064431963e-02       1.423955747600e+04 
       3.874367803554e-02       1.416368760478e+04 
       3.896027832915e-02       1.408774506574e+04 
       3.918063254572e-02       1.401167238933e+04 
       3.940494208571e-02       1.393542863062e+04 
       3.963342381120e-02       1.385916805756e+04 
       3.986631162913e-02       1.378290614031e+04 
       4.010385827820e-02       1.370590623665e+04 
       4.034633735094e-02       1.362903035607e+04 
       4.059404558849e-02       1.355176486641e+04 
       4.084730549215e-02       1.347435520055e+04 
       4.110646830457e-02       1.339661031742e+04 
       4.137191742362e-02       1.331868027466e+04 
       4.164407232427e-02       1.324016833830e+04 
       4.192339307977e-02       1.316144243710e+04 
       4.221038559173e-02       1.308220356659e+04 
       4.250560766296e-02       1.300262187827e+04 
       4.280967607554e-02       1.292242007327e+04 
       4.312327487351e-02       1.284164607702e+04 
       4.344716509514e-02       1.276015939353e+04 
       4.378219625739e-02       1.267824234542e+04 
       4.412931996781e-02       1.259563202577e+04 
       4.448960613143e-02       1.251207373550e+04 
       4.486426233723e-02       1.242755352151e+04 
       4.525465715811e-02       1.234205862951e+04 
       4.566234828825e-02       1.225556179162e+04 
       4.608911668450e-02       1.216748748739e+04 
       4.653700818567e-02       1.207843338494e+04 
       4.700838447155e-02       1.198758924640e+04 
       4.750598570566e-02       1.189484830473e+04 
       4.803300779094e-02       1.180035510578e+04 
       4.859319784791e-02       1.170317536295e+04 
       4.919097225108e-02       1.160362765961e+04 
       4.983156219413e-02       1.150058528058e+04 
       5.052119197676e-02       1.139355521723e+04 
       5.126729433184e-02       1.128210345623e+04 
       5.207876376982e-02       1.116466341627e+04 
       5.296624048960e-02       1.104063583744e+04 
       5.394239921214e-02       1.090739514466e+04 
       5.502218173767e-02       1.076299914632e+04 
       5.622284897188e-02       1.060413071816e+04 
       5.756363039162e-02       1.042648252882e+04 
       5.906463135459e-02       1.022464055552e+04 
       6.074460170383e-02       9.991764962104e+03 
       6.261736987674e-02       9.720728651378e+03 
       6.468746182763e-02       9.404489085536e+03 
       6.694658429056e-02       9.040131425894e+03 
       6.937329672532e-02       8.628955413993e+03 
       7.193694889997e-02       8.179756975732e+03 
       7.460419745604e-02       7.706856218391e+03 
       7.734484748897e-02       7.229091645552e+03 
       8.013493123076e-02       6.764950123670e+03 
       8.295711614197e-02       6.331118696772e+03 
       8.579963912589e-02       5.939337071883e+03 
       8.865484349642e-02       5.597583747094e+03 
       9.151787685794e-02       5.307842301257e+03 
       9.438571507432e-02       5.068251601463e+03 
       9.725649277581e-02       4.873873921054e+03 
       1.001290665268e-01       4.716645246980e+03 
       1.030027380070e-01       4.587413629115e+03 
       1.058770816114e-01       4.476752633403e+03 
       1.087518381928e-01       4.374671159724e+03 
       1.116268499790e-01       4.272511978007e+03 
       1.145020208600e-01       4.163665996472e+03 
       1.173772922085e-01       4.043138645347e+03 
       1.202526281797e-01       3.909930245887e+03 
       1.231280067788e-01       3.764035167180e+03 
       1.260034144365e-01       3.608264695257e+03 
       1.288788427143e-01       3.446706664706e+03 
       1.317542863039e-01       3.284220930855e+03 
       1.346297418110e-01       3.125862315227e+03 
       1.375052070169e-01       2.975976195023e+03 
       1.403806804284e-01       2.838668429663e+03 
       1.432561610040e-01       2.715989177198e+03 
       1.461316479863e-01       2.609035813799e+03 
       1.490071407997e-01       2.517839816971e+03 
       1.518826389877e-01       2.441197206451e+03 
       1.547581421735e-01       2.377081214163e+03 
       1.576336500358e-01       2.322845707295e+03 
       1.605091622936e-01       2.275522261792e+03 
       1.633846786959e-01       2.232144891536e+03 
       1.662601990156e-01       2.190512062651e+03 
       1.691357230452e-01       2.147547328690e+03 
       1.720112505932e-01       2.101395473397e+03 
       1.748867814825e-01       2.051139604011e+03 
       1.777623155480e-01       1.996144812919e+03 
       1.806378526362e-01       1.937111774677e+03 
       1.835133926034e-01       1.875182047749e+03 
       1.863889353148e-01       1.811757492169e+03 
       1.892644806444e-01       1.748501030117e+03 
       1.921400284736e-01       1.686960436325e+03 
       1.950155786910e-01       1.628444238497e+03 
       1.978911311916e-01       1.573976885446e+03 
       2.007666858767e-01       1.524123963204e+03 
       2.036422426529e-01       1.479302463276e+03 
       2.065178014324e-01       1.439438396717e+03 
       2.093933621321e-01       1.404366678469e+03 
       2.122689246734e-01       1.373420297478e+03 
       2.151444889820e-01       1.345910614150e+03 
       2.180200549874e-01       1.320746810614e+03 
       2.208956226230e-01       1.297093888565e+03 
       2.237711918256e-01       1.274023127769e+03 
       2.266467625351e-01       1.250738378102e+03 
       2.295223346945e-01       1.226748297830e+03 
       2.323979082497e-01       1.201712419028e+03 
       2.352734831491e-01       1.175509748502e+03 
       2.381490593439e-01       1.148265531588e+03 
       2.410246367873e-01       1.120183271797e+03 
       2.439002154350e-01       1.091629269372e+03 
       2.467757952446e-01       1.063071566386e+03 
       2.496513761757e-01       1.034988388944e+03 
       2.525269581899e-01       1.007822059005e+03 
       2.554025412502e-01       9.820876393456e+02 
       2.582781253216e-01       9.579699402619e+02 
       2.611537103704e-01       9.356090473260e+02 
       2.640292963647e-01       9.150865984941e+02 
       2.669048832736e-01       8.962101255066e+02 
       2.697804710678e-01       8.788354590721e+02 
       2.726560597191e-01       8.626710635412e+02 
       2.755316492005e-01       8.474646628272e+02 
       2.784072394862e-01       8.329396063700e+02 
       2.812828305514e-01       8.188332680528e+02 
       2.841584223722e-01       8.049069239481e+02 
       2.870340149260e-01       7.909397626645e+02 
       2.899096081907e-01       7.767867547319e+02 
       2.927852021453e-01       7.623971032499e+02 
       2.956607967696e-01       7.477743151261e+02 
       2.985363920441e-01       7.329964238595e+02 
       3.014119879502e-01       7.181663176504e+02 
       3.042875844698e-01       7.034469189191e+02 
       3.071631815856e-01       6.889673766569e+02 
       3.100387792810e-01       6.748376048140e+02 
       3.129143775400e-01       6.611945347804e+02 
       3.157899763470e-01       6.480972796543e+02 
       3.186655756871e-01       6.356101929706e+02 
       3.215411755460e-01       6.237765147511e+02 
       3.244167759099e-01       6.125795093518e+02 
       3.272923767653e-01       6.019908709908e+02 
       3.301679780994e-01       5.919299132266e+02 
       3.330435798997e-01       5.822953764792e+02 
       3.359191821542e-01       5.730003044817e+02 
       3.387947848512e-01       5.639451231608e+02 
       3.416703879796e-01       5.550363913982e+02 
       3.445459915285e-01       5.462291085609e+02 
       3.474215954875e-01       5.374825999664e+02 
       3.502971998463e-01       5.287823516991e+02 
       3.531728045951e-01       5.201177536368e+02 
       3.560484097246e-01       5.114865569185e+02 
       3.589240152255e-01       5.029085241264e+02 
       3.617996210889e-01       4.944082052710e+02 
       3.646752273062e-01       4.860321832538e+02 
       3.675508338690e-01       4.778222798118e+02 
       3.704264407694e-01       4.698103400734e+02 
       3.733020479993e-01       4.620362112253e+02 
       3.761776555514e-01       4.544977890053e+02 
       3.790532634182e-01       4.472120331885e+02 
       3.819288715925e-01       4.401706407940e+02 
       3.848044800675e-01       4.333582418716e+02 
       3.876800888364e-01       4.267727303232e+02 
       3.905556978928e-01       4.203857889832e+02 
       3.934313072302e-01       4.141942546264e+02 
       3.963069168427e-01       4.081705822730e+02 
       3.991825267241e-01       4.022885414762e+02 
       4.020581368687e-01       3.965244879318e+02 
       4.049337472708e-01       3.908402069483e+02 
       4.078093579251e-01       3.852365823070e+02 
       4.106849688262e-01       3.796803234662e+02 
       4.135605799689e-01       3.741809019521e+02 
       4.164361913482e-01       3.687674441654e+02 
       4.193118029592e-01       3.634128120534e+02 
       4.221874147972e-01       3.581394608066e+02 
       4.250630268575e-01       3.529412074365e+02 
       4.279386391357e-01       3.478348871380e+02 
       4.308142516273e-01       3.428204645680e+02 
       4.336898643282e-01       3.379154782072e+02 
       4.365654772341e-01       3.331326588314e+02 
       4.394410903410e-01       3.284728010647e+02 
       4.423167036450e-01       3.239430948044e+02 
       4.451923171423e-01       3.195325557486e+02 
       4.480679308292e-01       3.152330011518e+02 
       4.509435447019e-01       3.110310825271e+02 
       4.538191587569e-01       3.069269120904e+02 
       4.566947729909e-01       3.028976634339e+02 
       4.595703874003e-01       2.989442082660e+02 
       4.624460019820e-01       2.950608269862e+02 
       4.653216167328e-01       2.912370764363e+02 
       4.681972316494e-01       2.874700931444e+02 
       4.710728467289e-01       2.837549413148e+02 
       4.739484619683e-01       2.800883022416e+02 
       4.768240773647e-01       2.764634725796e+02 
       4.796996929152e-01       2.728954296811e+02 
       4.825753086171e-01       2.693838680509e+02 
       4.854509244678e-01       2.659327033462e+02 
       4.883265404644e-01       2.625459254417e+02 
       4.912021566046e-01       2.592270547192e+02 
       4.940777728857e-01       2.559689975324e+02 
       4.969533893054e-01       2.527729775381e+02 
       4.998290058612e-01       2.496346853725e+02 
       5.027046225507e-01       2.465593198086e+02 
       5.055802393718e-01       2.435442753706e+02 
       5.084558563221e-01       2.405866697407e+02 
       5.113314733994e-01       2.376909578052e+02 
       5.142070906017e-01       2.348460744959e+02 
       5.170827079268e-01       2.320511033391e+02 
       5.199583253728e-01       2.292985949959e+02 
       5.228339429375e-01       2.265949863539e+02 
       5.257095606190e-01       2.239185410168e+02 
       5.285851784155e-01       2.212918560508e+02 
       5.314607963251e-01       2.187042171228e+02 
       5.343364143459e-01       2.161600769561e+02 
       5.372120324761e-01       2.136500464025e+02 
       5.400876507140e-01       2.111792977623e+02 
       5.429632690578e-01       2.087417155190e+02 
       5.458388875060e-01       2.063409922351e+02 
       5.487145060568e-01       2.039775310785e+02 
       5.515901247086e-01       2.016481719730e+02 
       5.544657434599e-01       1.993632884295e+02 
       5.573413623091e-01       1.971191324405e+02 
       5.602169812547e-01       1.949115070327e+02 
       5.630926002953e-01       1.927406267579e+02 
