# Matter power spectrum P(k) at redshift z=0
# for k=1.04437e-05 to 8.47306 h/Mpc,
# number of wavenumbers equal to 612
#    1:k (h/Mpc)              2:P (Mpc/h)^3        
       1.044373177903e-05       5.248144226932e+01 
       2.330863537068e-05       1.136000880051e+02 
       3.621868663117e-05       1.735777686747e+02 
       4.920853451248e-05       2.330878591593e+02 
       6.231339980672e-05       2.925092915762e+02 
       7.556938842102e-05       3.521234639244e+02 
       8.901381464780e-05       4.121693337943e+02 
       1.026855387201e-04       4.728659008188e+02 
       1.166253229746e-04       5.344236910016e+02 
       1.308762109776e-04       5.970516594633e+02 
       1.454839339779e-04       6.609619364107e+02 
       1.604973489896e-04       7.263735051104e+02 
       1.759689126343e-04       7.935152970409e+02 
       1.919551945090e-04       8.626290120836e+02 
       2.085174331949e-04       9.339718082331e+02 
       2.257221369641e-04       1.007818934309e+03 
       2.436417296000e-04       1.084466377888e+03 
       2.623552393076e-04       1.164233525831e+03 
       2.819490251928e-04       1.247465818372e+03 
       3.025175308975e-04       1.334537369708e+03 
       3.241640483247e-04       1.425853453491e+03 
       3.470014655728e-04       1.521852755730e+03 
       3.711529618447e-04       1.623009196437e+03 
       3.967525979545e-04       1.729833114849e+03 
       4.239457341305e-04       1.842871504768e+03 
       4.528891876214e-04       1.962706920985e+03 
       4.837510224735e-04       2.089954633914e+03 
       5.167098452353e-04       2.225257504137e+03 
       5.519534672995e-04       2.369278067673e+03 
       5.896767928497e-04       2.522687309129e+03 
       6.300788082150e-04       2.686149756218e+03 
       6.733585917181e-04       2.860304735887e+03 
       7.197103392683e-04       3.045743966619e+03 
       7.693175119673e-04       3.242986271088e+03 
       8.223463515743e-04       3.452450559902e+03 
       8.789391602777e-04       3.674429206278e+03 
       9.392078736640e-04       3.909063915754e+03 
       1.003228533781e-03       4.156326953495e+03 
       1.071037259171e-03       4.416009973085e+03 
       1.142628192868e-03       4.687722234565e+03 
       1.217953696304e-03       4.970898998435e+03 
       1.296926784502e-03       5.264819582766e+03 
       1.379425523210e-03       5.568618725721e+03 
       1.465298890741e-03       5.881332133653e+03 
       1.554373487338e-03       6.201969463355e+03 
       1.646460465116e-03       6.529481387876e+03 
       1.741362135232e-03       6.862814692874e+03 
       1.838877851048e-03       7.200937295529e+03 
       1.938808927383e-03       7.542857750763e+03 
       2.040962504488e-03       7.887639616021e+03 
       2.145154381719e-03       8.234410895252e+03 
       2.251210923456e-03       8.582369407638e+03 
       2.358970181254e-03       8.930784735737e+03 
       2.468282389267e-03       9.278996805221e+03 
       2.579009983657e-03       9.626413743179e+03 
       2.691027279241e-03       9.972509781178e+03 
       2.804219914343e-03       1.031681654214e+04 
       2.918484151863e-03       1.065892353429e+04 
       3.033726103536e-03       1.099847001735e+04 
       3.149860926338e-03       1.133514026964e+04 
       3.266812025326e-03       1.166866085229e+04 
       3.384510285802e-03       1.199879528317e+04 
       3.502893349042e-03       1.232533942582e+04 
       3.621904939533e-03       1.264811783742e+04 
       3.741494247176e-03       1.296698401006e+04 
       3.861615364856e-03       1.328180846794e+04 
       3.982226779769e-03       1.359248954249e+04 
       4.103290915627e-03       1.389893496473e+04 
       4.224773722193e-03       1.420107421745e+04 
       4.346644308240e-03       1.449884925913e+04 
       4.468874613990e-03       1.479221394890e+04 
       4.591439119167e-03       1.508113297862e+04 
       4.714314583002e-03       1.536557828739e+04 
       4.837479812791e-03       1.564553085225e+04 
       4.960915457882e-03       1.592097995647e+04 
       5.084603826267e-03       1.619194574705e+04 
       5.208528721218e-03       1.645841135683e+04 
       5.332675295699e-03       1.672039503189e+04 
       5.457029922526e-03       1.697790560665e+04 
       5.581580078455e-03       1.723095369522e+04 
       5.706314240622e-03       1.747956943834e+04 
       5.831221793918e-03       1.772377343903e+04 
       5.956292948043e-03       1.796358944632e+04 
       6.081518663161e-03       1.819904448101e+04 
       6.206890583171e-03       1.843018140249e+04 
       6.332400975749e-03       1.865701718522e+04 
       6.458042678406e-03       1.887959275017e+04 
       6.583809049900e-03       1.909795030114e+04 
       6.709693926418e-03       1.931209873154e+04 
       6.835691582006e-03       1.952210424140e+04 
       6.961796692795e-03       1.972798717245e+04 
       7.088004304625e-03       1.992980053575e+04 
       7.214309803691e-03       2.012757158633e+04 
       7.340708889925e-03       2.032134183640e+04 
       7.467197552800e-03       2.051116242231e+04 
       7.593772049333e-03       2.069706302421e+04 
       7.720428884055e-03       2.087908410726e+04 
       7.847164790751e-03       2.105727788514e+04 
       7.973976715797e-03       2.123168273632e+04 
       8.100861802942e-03       2.140233789751e+04 
       8.227817379383e-03       2.156928546110e+04 
       8.354840943028e-03       2.173256555418e+04 
       8.481930150815e-03       2.189222766720e+04 
       8.609082808003e-03       2.204830551256e+04 
       8.736296858337e-03       2.220084129434e+04 
       8.863570375013e-03       2.234987503071e+04 
       8.990901552363e-03       2.249545014607e+04 
       9.118288698205e-03       2.263759671098e+04 
       9.245730226786e-03       2.277637137080e+04 
       9.373224652288e-03       2.291180185729e+04 
       9.500770582819e-03       2.304393049523e+04 
       9.628366714874e-03       2.317279016880e+04 
       9.756011828214e-03       2.329842583440e+04 
       9.883704781122e-03       2.342088069197e+04 
       1.001144450602e-02       2.354016391699e+04 
       1.013923000543e-02       2.365633603700e+04 
       1.026706034814e-02       2.376942105916e+04 
       1.039493466583e-02       2.387946742090e+04 
       1.052285214971e-02       2.398649832122e+04 
       1.065081204760e-02       2.409055039660e+04 
       1.077881366112e-02       2.419166216921e+04 
       1.090685634309e-02       2.428986725918e+04 
       1.103493949510e-02       2.438518285542e+04 
       1.116306256533e-02       2.447768298843e+04 
       1.129122504642e-02       2.456734196795e+04 
       1.141942647354e-02       2.465423622869e+04 
       1.154766642261e-02       2.473837549594e+04 
       1.167594450861e-02       2.481981426082e+04 
       1.180426038402e-02       2.489857338062e+04 
       1.193261373739e-02       2.497465051004e+04 
       1.206100429197e-02       2.504812205407e+04 
       1.218943180446e-02       2.511899100749e+04 
       1.231789606385e-02       2.518730008854e+04 
       1.244639689035e-02       2.525307404199e+04 
       1.257493413436e-02       2.531635636270e+04 
       1.270350767555e-02       2.537715748205e+04 
       1.283211742200e-02       2.543552336669e+04 
       1.296076330937e-02       2.549148990583e+04 
       1.308944530021e-02       2.554507415424e+04 
       1.321816338322e-02       2.559630408989e+04 
       1.334691757263e-02       2.564522120214e+04 
       1.347570790765e-02       2.569184560606e+04 
       1.360453445188e-02       2.573619949642e+04 
       1.373339729287e-02       2.577833091070e+04 
       1.386229654162e-02       2.581825506637e+04 
       1.399123233221e-02       2.585599641671e+04 
       1.412020482142e-02       2.589158563228e+04 
       1.424921418835e-02       2.592505594480e+04 
       1.437826063419e-02       2.595641594596e+04 
       1.450734438190e-02       2.598571211113e+04 
       1.463646567596e-02       2.601296293415e+04 
       1.476562478220e-02       2.603819188153e+04 
       1.489482198761e-02       2.606143566459e+04 
       1.502405760016e-02       2.608270250510e+04 
       1.515333194869e-02       2.610202747600e+04 
       1.528264538281e-02       2.611944144380e+04 
       1.541199827281e-02       2.613496522151e+04 
       1.554139100960e-02       2.614862604356e+04 
       1.567082400472e-02       2.616044000078e+04 
       1.580029769025e-02       2.617046022228e+04 
       1.592981251888e-02       2.617866440908e+04 
       1.605936896395e-02       2.618510289635e+04 
       1.618896751942e-02       2.618979368823e+04 
       1.631860870005e-02       2.619274836152e+04 
       1.644829304137e-02       2.619403118715e+04 
       1.657802109990e-02       2.619361203293e+04 
       1.670779345319e-02       2.619154297914e+04 
       1.683761070000e-02       2.618784402862e+04 
       1.696747346046e-02       2.618255470751e+04 
       1.709738237625e-02       2.617565846447e+04 
       1.722733811078e-02       2.616720933943e+04 
       1.735734134941e-02       2.615723360640e+04 
       1.748739279968e-02       2.614571371733e+04 
       1.761749319155e-02       2.613270961789e+04 
       1.774764327769e-02       2.611825350976e+04 
       1.787784383371e-02       2.610232060940e+04 
       1.800809565850e-02       2.608496605362e+04 
       1.813839957452e-02       2.606619839721e+04 
       1.826875642813e-02       2.604604719221e+04 
       1.839916708995e-02       2.602451958915e+04 
       1.852963245520e-02       2.600166241763e+04 
       1.866015344411e-02       2.597747774828e+04 
       1.879073100227e-02       2.595197498599e+04 
       1.892136610109e-02       2.592517865452e+04 
       1.905205973821e-02       2.589710895377e+04 
       1.918281293795e-02       2.586784229289e+04 
       1.931362675178e-02       2.583733729813e+04 
       1.944450225878e-02       2.580558742804e+04 
       1.957544056618e-02       2.577265410895e+04 
       1.970644280986e-02       2.573861913986e+04 
       1.983751015490e-02       2.570339212803e+04 
       1.996864379612e-02       2.566702478726e+04 
       2.009984495868e-02       2.562956747434e+04 
       2.023111489866e-02       2.559102679166e+04 
       2.036245490369e-02       2.555141903716e+04 
       2.049386629360e-02       2.551073067157e+04 
       2.062535042105e-02       2.546900549319e+04 
       2.075690867226e-02       2.542627409359e+04 
       2.088854246766e-02       2.538258032063e+04 
       2.102025326266e-02       2.533783821859e+04 
       2.115204254839e-02       2.529213577567e+04 
       2.128391185246e-02       2.524551931495e+04 
       2.141586273978e-02       2.519797507007e+04 
       2.154789681340e-02       2.514950242319e+04 
       2.168001571532e-02       2.510016562976e+04 
       2.181222112739e-02       2.504992687324e+04 
       2.194451477223e-02       2.499883578471e+04 
       2.207689841415e-02       2.494690876498e+04 
       2.220937386012e-02       2.489414898368e+04 
       2.234194296075e-02       2.484056391463e+04 
       2.247460761135e-02       2.478617751929e+04 
       2.260736975293e-02       2.473102077453e+04 
       2.274023137336e-02       2.467506016362e+04 
       2.287319450845e-02       2.461842292367e+04 
       2.300626124311e-02       2.456105314281e+04 
       2.313943371256e-02       2.450292765174e+04 
       2.327271410359e-02       2.444414335423e+04 
       2.340610465576e-02       2.438461501937e+04 
       2.353960766279e-02       2.432445694823e+04 
       2.367322547388e-02       2.426362837358e+04 
       2.380696049508e-02       2.420217388170e+04 
       2.394081519080e-02       2.414008608968e+04 
       2.407479208525e-02       2.407737165120e+04 
       2.420889376398e-02       2.401405389710e+04 
       2.434312287547e-02       2.395018728702e+04 
       2.447748213279e-02       2.388566727179e+04 
       2.461197431524e-02       2.382070492659e+04 
       2.474660227016e-02       2.375514657361e+04 
       2.488136891466e-02       2.368909482457e+04 
       2.501627723756e-02       2.362244116050e+04 
       2.515133030123e-02       2.355535112617e+04 
       2.528653124364e-02       2.348769068218e+04 
       2.542188328041e-02       2.341967276508e+04 
       2.555738970688e-02       2.335116254800e+04 
       2.569305390036e-02       2.328217281309e+04 
       2.582887932238e-02       2.321277231091e+04 
       2.596486952102e-02       2.314289372470e+04 
       2.610102813336e-02       2.307262352990e+04 
       2.623735888800e-02       2.300195912740e+04 
       2.637386560760e-02       2.293090684069e+04 
       2.651055221165e-02       2.285948905721e+04 
       2.664742271918e-02       2.278763880112e+04 
       2.678448125170e-02       2.271549933852e+04 
       2.692173203615e-02       2.264294832289e+04 
       2.705917940801e-02       2.257026359100e+04 
       2.719682781448e-02       2.249693708825e+04 
       2.733468181785e-02       2.242356483420e+04 
       2.747274609888e-02       2.234969887993e+04 
       2.761102546042e-02       2.227560439449e+04 
       2.774952483110e-02       2.220120490748e+04 
       2.788824926915e-02       2.212660112650e+04 
       2.802720396640e-02       2.205171491277e+04 
       2.816639425243e-02       2.197658073470e+04 
       2.830582559887e-02       2.190123301861e+04 
       2.844550362381e-02       2.182558552628e+04 
       2.858543409651e-02       2.174973602086e+04 
       2.872562294215e-02       2.167371586621e+04 
       2.886607624688e-02       2.159744682147e+04 
       2.900680026301e-02       2.152099288547e+04 
       2.914780141443e-02       2.144436290856e+04 
       2.928908630222e-02       2.136749056730e+04 
       2.943066171057e-02       2.129050580640e+04 
       2.957253461281e-02       2.121339918458e+04 
       2.971471217781e-02       2.113608167039e+04 
       2.985720177661e-02       2.105862890454e+04 
       3.000001098928e-02       2.098098769790e+04 
       3.014314761216e-02       2.090330911484e+04 
       3.028661966532e-02       2.082544033022e+04 
       3.043043540043e-02       2.074747821631e+04 
       3.057460330886e-02       2.066943510816e+04 
       3.071913213029e-02       2.059123641474e+04 
       3.086403086154e-02       2.051299441240e+04 
       3.100930876590e-02       2.043461652710e+04 
       3.115497538288e-02       2.035619721923e+04 
       3.130104053831e-02       2.027769656950e+04 
       3.144751435504e-02       2.019907350300e+04 
       3.159440726399e-02       2.012044804316e+04 
       3.174173001588e-02       2.004177780202e+04 
       3.188949369336e-02       1.996301844228e+04 
       3.203770972381e-02       1.988424841950e+04 
       3.218638989273e-02       1.980540458929e+04 
       3.233554635779e-02       1.972655201853e+04 
       3.248519166358e-02       1.964763047490e+04 
       3.263533875702e-02       1.956866471567e+04 
       3.278600100365e-02       1.948973935350e+04 
       3.293719220470e-02       1.941079663908e+04 
       3.308892661497e-02       1.933168901602e+04 
       3.324121896173e-02       1.925278520592e+04 
       3.339408446455e-02       1.917381826073e+04 
       3.354753885620e-02       1.909477240948e+04 
       3.370159840461e-02       1.901580932808e+04 
       3.385627993613e-02       1.893684755037e+04 
       3.401160085989e-02       1.885788368850e+04 
       3.416757919367e-02       1.877891146899e+04 
       3.432423359106e-02       1.869999017770e+04 
       3.448158337027e-02       1.862104425125e+04 
       3.463964854446e-02       1.854219176647e+04 
       3.479844985392e-02       1.846330363449e+04 
       3.495800880009e-02       1.838451419628e+04 
       3.511834768149e-02       1.830568565025e+04 
       3.527948963194e-02       1.822694429176e+04 
       3.544145866097e-02       1.814818811620e+04 
       3.560427969670e-02       1.806949023478e+04 
       3.576797863144e-02       1.799082292409e+04 
       3.593258237003e-02       1.791219541117e+04 
       3.609811888132e-02       1.783358443188e+04 
       3.626461725287e-02       1.775502624519e+04 
       3.643210774925e-02       1.767650995917e+04 
       3.660062187413e-02       1.759805205776e+04 
       3.677019243648e-02       1.751960685647e+04 
       3.694085362129e-02       1.744126367547e+04 
       3.711264106499e-02       1.736287888249e+04 
       3.728559193620e-02       1.728458484432e+04 
       3.745974502206e-02       1.720634829531e+04 
       3.763514082071e-02       1.712811827766e+04 
       3.781182164042e-02       1.704992705534e+04 
       3.798983170592e-02       1.697174840580e+04 
       3.816921727262e-02       1.689361380043e+04 
       3.835002674943e-02       1.681558596104e+04 
       3.853231083085e-02       1.673753791923e+04 
       3.871612263935e-02       1.665950455033e+04 
       3.890151787882e-02       1.658146205721e+04 
       3.908855500032e-02       1.650344296987e+04 
       3.927729538116e-02       1.642549201394e+04 
       3.946780351872e-02       1.634755616334e+04 
       3.966014724038e-02       1.626958766398e+04 
       3.985439793126e-02       1.619163803676e+04 
       4.005063078161e-02       1.611373179785e+04 
       4.024892505572e-02       1.603576133430e+04 
       4.044936438488e-02       1.595777325811e+04 
       4.065203708680e-02       1.587978150208e+04 
       4.085703651443e-02       1.580185143808e+04 
       4.106446143743e-02       1.572371570322e+04 
       4.127441646009e-02       1.564569341983e+04 
       4.148701247972e-02       1.556760917135e+04 
       4.170236719040e-02       1.548943860807e+04 
       4.192060563749e-02       1.541114456452e+04 
       4.214186082903e-02       1.533284942373e+04 
       4.236627441106e-02       1.525442260088e+04 
       4.259399741506e-02       1.517593730322e+04 
       4.282519108669e-02       1.509730371953e+04 
       4.306002780655e-02       1.501856361503e+04 
       4.329869211537e-02       1.493969877324e+04 
       4.354138185778e-02       1.486066761110e+04 
       4.378830946139e-02       1.478148147157e+04 
       4.403970337039e-02       1.470210124702e+04 
       4.429580965633e-02       1.462250526032e+04 
       4.455689383229e-02       1.454267498325e+04 
       4.482324290168e-02       1.446263216681e+04 
       4.509516767813e-02       1.438228538920e+04 
       4.537300541973e-02       1.430166281043e+04 
       4.565712282897e-02       1.422070063410e+04 
       4.594791947965e-02       1.413939870870e+04 
       4.624583174372e-02       1.405774245521e+04 
       4.655133730601e-02       1.397564452199e+04 
       4.686496037257e-02       1.389310447480e+04 
       4.718727770071e-02       1.381003329465e+04 
       4.751892560617e-02       1.372648952038e+04 
       4.786060813742e-02       1.364229498180e+04 
       4.821310664949e-02       1.355747965983e+04 
       4.857729106385e-02       1.347195572589e+04 
       4.895413316805e-02       1.338563871449e+04 
       4.934472239468e-02       1.329846658556e+04 
       4.975028462729e-02       1.321038632970e+04 
       5.017220471915e-02       1.312124246667e+04 
       5.061205358594e-02       1.303098552224e+04 
       5.107162095769e-02       1.293940577810e+04 
       5.155295516037e-02       1.284642240976e+04 
       5.205841165891e-02       1.275182264481e+04 
       5.259071254830e-02       1.265544584931e+04 
       5.315301974228e-02       1.255699461615e+04 
       5.374902528760e-02       1.245621832711e+04 
       5.438306300969e-02       1.235275011511e+04 
       5.506024650216e-02       1.224615533711e+04 
       5.578663912166e-02       1.213586600514e+04 
       5.656946171544e-02       1.202117989845e+04 
       5.741734239937e-02       1.190127212356e+04 
       5.834060804680e-02       1.177483360899e+04 
       5.935160590653e-02       1.164056335263e+04 
       6.046502007103e-02       1.149629899823e+04 
       6.169810212738e-02       1.133933773214e+04 
       6.307065677134e-02       1.116616870336e+04 
       6.460450616647e-02       1.097201358138e+04 
       6.632202886582e-02       1.075095170554e+04 
       6.824334458876e-02       1.049584450053e+04 
       7.038204395568e-02       1.019925093734e+04 
       7.274030241192e-02       9.854871376850e+03 
       7.530551842112e-02       9.460120724962e+03 
       7.805098197746e-02       9.018436594179e+03 
       8.094116617333e-02       8.540285821488e+03 
       8.393914687626e-02       8.042045002185e+03 
       8.701256083966e-02       7.543061946432e+03 
       9.013631243252e-02       7.062411007795e+03 
       9.329254444556e-02       6.616195555503e+03 
       9.646926758059e-02       6.215968517651e+03 
       9.965873214466e-02       5.868165900432e+03 
       1.028560484758e-01       5.574257959814e+03 
       1.060581776607e-01       5.331501995006e+03 
       1.092632484769e-01       5.133899737841e+03 
       1.124701151725e-01       4.973027483679e+03 
       1.156780785267e-01       4.839106372350e+03 
       1.188867126117e-01       4.721943742197e+03 
       1.220957581984e-01       4.611771521793e+03 
       1.253050575347e-01       4.500145333039e+03 
       1.285145145727e-01       4.380593405218e+03 
       1.317240707641e-01       4.249110678861e+03 
       1.349336903463e-01       4.104340805166e+03 
       1.381433514058e-01       3.947372541810e+03 
       1.413530404504e-01       3.781286801627e+03 
       1.445627491134e-01       3.610601397225e+03 
       1.477724721534e-01       3.440391870432e+03 
       1.509822062375e-01       3.275763110050e+03 
       1.541919492038e-01       3.121168627786e+03 
       1.574016996109e-01       2.980025817455e+03 
       1.606114564650e-01       2.854493090832e+03 
       1.638212190529e-01       2.745462252646e+03 
       1.670309868395e-01       2.652530679111e+03 
       1.702407594056e-01       2.574269680002e+03 
       1.734505364089e-01       2.508402858071e+03 
       1.766603175599e-01       2.452094532076e+03 
       1.798701026071e-01       2.402259780534e+03 
       1.830798913270e-01       2.355993069877e+03 
       1.862896835180e-01       2.310809465319e+03 
       1.894994789960e-01       2.263743773835e+03 
       1.927092775915e-01       2.213155525318e+03 
       1.959190791479e-01       2.158194195461e+03 
       1.991288835195e-01       2.098825363650e+03 
       2.023386905703e-01       2.035701070499e+03 
       2.055485001733e-01       1.969994801210e+03 
       2.087583122097e-01       1.903211286279e+03 
       2.119681265678e-01       1.836965253808e+03 
       2.151779431429e-01       1.772795324368e+03 
       2.183877618364e-01       1.712026690767e+03 
       2.215975825556e-01       1.655668290897e+03 
       2.248074052131e-01       1.604346978462e+03 
       2.280172297264e-01       1.558315370971e+03 
       2.312270560177e-01       1.517454959862e+03 
       2.344368840134e-01       1.481336343527e+03 
       2.376467136441e-01       1.449282267746e+03 
       2.408565448439e-01       1.420445697722e+03 
       2.440663775505e-01       1.393882849102e+03 
       2.472762117049e-01       1.368651530638e+03 
       2.504860472511e-01       1.343885720498e+03 
       2.536958841358e-01       1.318855572564e+03 
       2.569057223087e-01       1.293030248820e+03 
       2.601155617216e-01       1.266100394845e+03 
       2.633254023291e-01       1.237987654850e+03 
       2.665352440877e-01       1.208824542511e+03 
       2.697450869560e-01       1.178921159323e+03 
       2.729549308947e-01       1.148707188724e+03 
       2.761647758663e-01       1.118677884179e+03 
       2.793746218349e-01       1.089324401574e+03 
       2.825844687663e-01       1.061100990090e+03 
       2.857943166280e-01       1.034359572808e+03 
       2.890041653888e-01       1.009338527978e+03 
       2.922140150189e-01       9.861586718472e+02 
       2.954238654897e-01       9.648052198675e+02 
       2.986337167741e-01       9.451595957194e+02 
       3.018435688460e-01       9.270140514821e+02 
       3.050534216803e-01       9.101009669290e+02 
       3.082632752532e-01       8.941172224020e+02 
       3.114731295416e-01       8.787639206660e+02 
       3.146829845236e-01       8.637602694666e+02 
       3.178928401780e-01       8.488703996148e+02 
       3.211026964847e-01       8.339181788449e+02 
       3.243125534240e-01       8.187934714998e+02 
       3.275224109774e-01       8.034548587065e+02 
       3.307322691269e-01       7.879246965624e+02 
       3.339421278551e-01       7.722765102418e+02 
       3.371519871456e-01       7.566266017846e+02 
       3.403618469822e-01       7.411100199154e+02 
       3.435717073497e-01       7.258729578074e+02 
       3.467815682332e-01       7.110500206984e+02 
       3.499914296185e-01       6.967566720982e+02 
       3.532012914917e-01       6.830771444021e+02 
       3.564111538398e-01       6.700605664570e+02 
       3.596210166498e-01       6.577194033808e+02 
       3.628308799096e-01       6.460251925376e+02 
       3.660407436071e-01       6.349249320839e+02 
       3.692506077310e-01       6.243427546726e+02 
       3.724604722701e-01       6.141855741227e+02 
       3.756703372139e-01       6.043591394378e+02 
       3.788802025518e-01       5.947720255222e+02 
       3.820900682741e-01       5.853460347111e+02 
       3.852999343710e-01       5.760191904510e+02 
       3.885098008331e-01       5.667493932927e+02 
       3.917196676516e-01       5.575162529393e+02 
       3.949295348177e-01       5.483178788811e+02 
       3.981394023228e-01       5.391687024751e+02 
       4.013492701590e-01       5.300975755352e+02 
       4.045591383181e-01       5.211371842980e+02 
       4.077690067927e-01       5.123245625237e+02 
       4.109788755753e-01       5.036966822969e+02 
       4.141887446586e-01       4.952834537572e+02 
       4.173986140357e-01       4.871101322775e+02 
       4.206084836999e-01       4.791911581583e+02 
       4.238183536447e-01       4.715334212265e+02 
       4.270282238636e-01       4.641353775098e+02 
       4.302380943505e-01       4.569865352901e+02 
       4.334479650994e-01       4.500691102646e+02 
       4.366578361046e-01       4.433637426743e+02 
       4.398677073604e-01       4.368449598648e+02 
       4.430775788613e-01       4.304867639457e+02 
       4.462874506021e-01       4.242658002820e+02 
       4.494973225775e-01       4.181582408361e+02 
       4.527071947826e-01       4.121458753817e+02 
       4.559170672125e-01       4.062130055933e+02 
       4.591269398624e-01       4.003517676476e+02 
       4.623368127279e-01       3.945562030541e+02 
       4.655466858043e-01       3.888281058787e+02 
       4.687565590873e-01       3.831721537486e+02 
       4.719664325728e-01       3.775970244211e+02 
       4.751763062566e-01       3.721120630736e+02 
       4.783861801346e-01       3.667295128155e+02 
       4.815960542031e-01       3.614588704468e+02 
       4.848059284582e-01       3.563075247512e+02 
       4.880158028961e-01       3.512818086574e+02 
       4.912256775134e-01       3.463853497114e+02 
       4.944355523065e-01       3.416137939423e+02 
       4.976454272720e-01       3.369659802903e+02 
       5.008553024065e-01       3.324328789200e+02 
       5.040651777069e-01       3.280061492373e+02 
       5.072750531700e-01       3.236745886675e+02 
       5.104849287926e-01       3.194295367146e+02 
       5.136948045718e-01       3.152600740908e+02 
       5.169046805047e-01       3.111579835384e+02 
       5.201145565884e-01       3.071173923667e+02 
       5.233244328202e-01       3.031322433119e+02 
       5.265343091972e-01       2.992053555379e+02 
       5.297441857169e-01       2.953315748591e+02 
       5.329540623767e-01       2.915128116325e+02 
       5.361639391741e-01       2.877529258494e+02 
       5.393738161065e-01       2.840552559435e+02 
       5.425836931716e-01       2.804194111666e+02 
       5.457935703671e-01       2.768489709522e+02 
       5.490034476906e-01       2.733450628619e+02 
       5.522133251399e-01       2.699088581011e+02 
       5.554232027128e-01       2.665399276575e+02 
       5.586330804072e-01       2.632374137052e+02 
       5.618429582210e-01       2.599995874688e+02 
       5.650528361522e-01       2.568239223355e+02 
       5.682627141987e-01       2.537089257030e+02 
       5.714725923587e-01       2.506510100632e+02 
       5.746824706301e-01       2.476472064492e+02 
       5.778923490112e-01       2.446947596540e+02 
       5.811022275001e-01       2.417914241841e+02 
       5.843121060950e-01       2.389339321015e+02 
       5.875219847942e-01       2.361207089620e+02 
       5.907318635960e-01       2.333501971430e+02 
       5.939417424988e-01       2.306209592849e+02 
       5.971516215008e-01       2.279315248229e+02 
       6.003615006005e-01       2.252822588987e+02 
       6.035713797964e-01       2.226721210603e+02 
       6.067812590868e-01       2.201019752653e+02 
       6.099911384704e-01       2.175718700261e+02 
       6.132010179456e-01       2.150816758094e+02 
       6.164108975110e-01       2.126320577429e+02 
       6.196207771652e-01       2.102227958171e+02 
       6.228306569068e-01       2.078533879595e+02 
       6.260405367345e-01       2.055236934234e+02 
       6.292504166469e-01       2.032333051241e+02 
       6.324602966428e-01       2.009803962656e+02 
       6.356701767209e-01       1.987646574600e+02 
       6.388800568799e-01       1.965841955327e+02 
       6.420899371187e-01       1.944378997786e+02 
       6.452998174360e-01       1.923245277867e+02 
       6.485096978307e-01       1.902429350192e+02 
       6.517195783016e-01       1.881920727470e+02 
       6.549294588476e-01       1.861710776178e+02 
       6.581393394676e-01       1.841789358847e+02 
       6.613492201605e-01       1.822152076801e+02 
       6.645591009253e-01       1.802797252895e+02 
       6.677689817609e-01       1.783719184252e+02 
       6.709788626663e-01       1.764914313153e+02 
       6.741887436405e-01       1.746381491309e+02 
       6.773986246826e-01       1.728117009585e+02 
       6.806085057914e-01       1.710114897009e+02 
       6.838183869663e-01       1.692379228712e+02 
       6.870282682061e-01       1.674901070378e+02 
       6.902381495099e-01       1.657681692955e+02 
       6.934480308770e-01       1.640710887641e+02 
       6.966579123064e-01       1.623992274603e+02 
       6.998677937972e-01       1.607517857151e+02 
       7.030776753487e-01       1.591282239862e+02 
       7.062875569599e-01       1.575275562532e+02 
       7.094974386301e-01       1.559497088790e+02 
       7.127073203585e-01       1.543941300292e+02 
       7.159172021443e-01       1.528599662251e+02 
       7.191270839866e-01       1.513470348780e+02 
       7.223369658849e-01       1.498547863541e+02 
       7.255468478382e-01       1.483824592932e+02 
       7.287567298460e-01       1.469300347468e+02 
       7.319666119074e-01       1.454969554517e+02 
       7.351764940218e-01       1.440831819443e+02 
       7.383863761885e-01       1.426881463992e+02 
       7.415962584067e-01       1.413120879403e+02 
       7.448061406759e-01       1.399545173954e+02 
       7.480160229953e-01       1.386149676054e+02 
       7.512259053644e-01       1.372934242198e+02 
       7.544357877825e-01       1.359895185326e+02 
       8.246975078306e-01       1.113100555815e+02 
       9.265627344269e-01       8.541593133801e+01 
       1.088707912980e+00       5.890581046408e+01 
       1.344546583756e+00       3.592499817606e+01 
       1.690624308790e+00       2.080769068576e+01 
       2.128335800224e+00       1.190932374954e+01 
       2.679415915562e+00       6.760645509044e+00 
       3.373184784819e+00       3.809556334397e+00 
       4.246588044287e+00       2.132262441882e+00 
       5.346137602374e+00       1.186170770160e+00 
       6.730388482577e+00       6.561753519227e-01 
       8.473057091963e+00       3.611256321577e-01 
