# Matter power spectrum P(k) at redshift z=0
# for k=8.9932e-06 to 0.540777 h/Mpc,
# number of wavenumbers equal to 566
#    1:k (h/Mpc)              2:P (Mpc/h)^3        
       8.993195753682e-06       8.564321640938e+01 
       2.009038795399e-05       1.859284585550e+02 
       3.121654357406e-05       2.843781500229e+02 
       4.239386806513e-05       3.819633803277e+02 
       5.364483998639e-05       4.792044731846e+02 
       6.499235991507e-05       5.764694156037e+02 
       7.645990293030e-05       6.740584266993e+02 
       8.807167620630e-05       7.722357902272e+02 
       9.985278326361e-05       8.712469824988e+02 
       1.118293964429e-04       9.713275024859e+02 
       1.240289391818e-04       1.072708818761e+03 
       1.364802796821e-04       1.175622290603e+03 
       1.492139375474e-04       1.280302214925e+03 
       1.622623049316e-04       1.386988182468e+03 
       1.756598836618e-04       1.495927061783e+03 
       1.894435396507e-04       1.607374697194e+03 
       2.036527756836e-04       1.721597531964e+03 
       2.183300233074e-04       1.838873843305e+03 
       2.335209540262e-04       1.959495029415e+03 
       2.492748092743e-04       2.083766610084e+03 
       2.656447476174e-04       2.212009078918e+03 
       2.826882062614e-04       2.344558518255e+03 
       3.004672721347e-04       2.481766917118e+03 
       3.190490554585e-04       2.624002143490e+03 
       3.385060557341e-04       2.771647376610e+03 
       3.589165063674e-04       2.925100070306e+03 
       3.803646796566e-04       3.084770214856e+03 
       4.029411285870e-04       3.251077807570e+03 
       4.267428358939e-04       3.424449401391e+03 
       4.518732344196e-04       3.605313733911e+03 
       4.784420563582e-04       3.794096259536e+03 
       5.065649633016e-04       3.991212646020e+03 
       5.363629051653e-04       4.197061290413e+03 
       5.679611555548e-04       4.412015035647e+03 
       6.014879757188e-04       4.636412283969e+03 
       6.370728708693e-04       4.870547980304e+03 
       6.748444230771e-04       5.114664672607e+03 
       7.149277151954e-04       5.368944247582e+03 
       7.574413999612e-04       5.633500529785e+03 
       8.024945150875e-04       5.908372858279e+03 
       8.501831938050e-04       6.193520776589e+03 
       9.005874634616e-04       6.488819249557e+03 
       9.537683535047e-04       6.794054647621e+03 
       1.009765539814e-03       7.108920946545e+03 
       1.068595729083e-03       7.433016735063e+03 
       1.130251933973e-03       7.765844363398e+03 
       1.194703712696e-03       8.106780950758e+03 
       1.261898356788e-03       8.455150096795e+03 
       1.331762922898e-03       8.810220310620e+03 
       1.404206932723e-03       9.171178755382e+03 
       1.479125520235e-03       9.537177797923e+03 
       1.556402791362e-03       9.907359477302e+03 
       1.635915176105e-03       1.028087469716e+04 
       1.717534589597e-03       1.065690436388e+04 
       1.801131267382e-03       1.103466907548e+04 
       1.886576191902e-03       1.141343713243e+04 
       1.973743074515e-03       1.179252924612e+04 
       2.062509895754e-03       1.217131617080e+04 
       2.152760034229e-03       1.254922036640e+04 
       2.244383031751e-03       1.292571734984e+04 
       2.337275050573e-03       1.330033327263e+04 
       2.431339080187e-03       1.367263754040e+04 
       2.526484948044e-03       1.404226203038e+04 
       2.622629182796e-03       1.440886298478e+04 
       2.719694771574e-03       1.477214731568e+04 
       2.817610845521e-03       1.513185971422e+04 
       2.916312320879e-03       1.548777120507e+04 
       3.015739516759e-03       1.583968934686e+04 
       3.115837765483e-03       1.618744258444e+04 
       3.216557027042e-03       1.653088286859e+04 
       3.317851515761e-03       1.686988175414e+04 
       3.419679344525e-03       1.720437088036e+04 
       3.522002189878e-03       1.753421894208e+04 
       3.624784979727e-03       1.785936681177e+04 
       3.727995604287e-03       1.817976077164e+04 
       3.831604650078e-03       1.849534773008e+04 
       3.935585156258e-03       1.880609757740e+04 
       4.039912392217e-03       1.911198395329e+04 
       4.144563655139e-03       1.941298873233e+04 
       4.249518086138e-03       1.970909441623e+04 
       4.354756503520e-03       2.000030669611e+04 
       4.460261251780e-03       2.028662845645e+04 
       4.566016064932e-03       2.056806543708e+04 
       4.672005942890e-03       2.084462047282e+04 
       4.778217039686e-03       2.111632253725e+04 
       4.884636562382e-03       2.138318190063e+04 
       4.991252679658e-03       2.164522029573e+04 
       5.098054439113e-03       2.190247189585e+04 
       5.205031692434e-03       2.215495957292e+04 
       5.312175027631e-03       2.240271280410e+04 
       5.419475707658e-03       2.264576386103e+04 
       5.526925614757e-03       2.288414823228e+04 
       5.634517199979e-03       2.311790104365e+04 
       5.742243437345e-03       2.334706888873e+04 
       5.850097782207e-03       2.357168477555e+04 
       5.958074133368e-03       2.379178008904e+04 
       6.066166798620e-03       2.400741693518e+04 
       6.174370463341e-03       2.421862183080e+04 
       6.282680161868e-03       2.442543857350e+04 
       6.391091251371e-03       2.462792035981e+04 
       6.499599387987e-03       2.482610882431e+04 
       6.608200505010e-03       2.502003760847e+04 
       6.716890792919e-03       2.520976417164e+04 
       6.825666681102e-03       2.539532585643e+04 
       6.934524821090e-03       2.557675530982e+04 
       7.043462071183e-03       2.575410393081e+04 
       7.152475482327e-03       2.592742236484e+04 
       7.261562285133e-03       2.609676286329e+04 
       7.370719877939e-03       2.626214324279e+04 
       7.479945815822e-03       2.642360870608e+04 
       7.589237800463e-03       2.658122100196e+04 
       7.698593670813e-03       2.673502061555e+04 
       7.808011394471e-03       2.688501823096e+04 
       7.917489059727e-03       2.703129770547e+04 
       8.027024868197e-03       2.717387682930e+04 
       8.136617128027e-03       2.731280390086e+04 
       8.246264247584e-03       2.744813250836e+04 
       8.355964729628e-03       2.757988779324e+04 
       8.465717165902e-03       2.770810927499e+04 
       8.575520232113e-03       2.783284540703e+04 
       8.685372683280e-03       2.795412260304e+04 
       8.795273349413e-03       2.807200247665e+04 
       8.905221131490e-03       2.818650683787e+04 
       9.015214997731e-03       2.829769100156e+04 
       9.125253980120e-03       2.840557676622e+04 
       9.235337171174e-03       2.851019817936e+04 
       9.345463720938e-03       2.861160925013e+04 
       9.455632834178e-03       2.870984209933e+04 
       9.565843767773e-03       2.880495739345e+04 
       9.676095828279e-03       2.889693309619e+04 
       9.786388369664e-03       2.898586360124e+04 
       9.896720791187e-03       2.907175276588e+04 
       1.000709253543e-02       2.915465391875e+04 
       1.011750308645e-02       2.923458703043e+04 
       1.022795196807e-02       2.931161338076e+04 
       1.033843874225e-02       2.938573447525e+04 
       1.044896300763e-02       2.945700548356e+04 
       1.055952439811e-02       2.952544406541e+04 
       1.067012258153e-02       2.959111317598e+04 
       1.078075725850e-02       2.965401821865e+04 
       1.089142816121e-02       2.971419889323e+04 
       1.100213505243e-02       2.977170249042e+04 
       1.111287772448e-02       2.982653969849e+04 
       1.122365599833e-02       2.987875120557e+04 
       1.133446972273e-02       2.992836865547e+04 
       1.144531877346e-02       2.997542940089e+04 
       1.155620305253e-02       3.001996338319e+04 
       1.166712248753e-02       3.006199448753e+04 
       1.177807703100e-02       3.010152531457e+04 
       1.188906665980e-02       3.013865893545e+04 
       1.200009137462e-02       3.017338477766e+04 
       1.211115119944e-02       3.020572255803e+04 
       1.222224618108e-02       3.023573614667e+04 
       1.233337638877e-02       3.026345605018e+04 
       1.244454191378e-02       3.028883709788e+04 
       1.255574286904e-02       3.031201849898e+04 
       1.266697938882e-02       3.033295115900e+04 
       1.277825162848e-02       3.035167483128e+04 
       1.288955976416e-02       3.036823125413e+04 
       1.300090399256e-02       3.038262678307e+04 
       1.311228453077e-02       3.039491591448e+04 
       1.322370161605e-02       3.040513451599e+04 
       1.333515550567e-02       3.041327325422e+04 
       1.344664647682e-02       3.041940327079e+04 
       1.355817482650e-02       3.042348634551e+04 
       1.366974087139e-02       3.042559638888e+04 
       1.378134494782e-02       3.042579249729e+04 
       1.389298741174e-02       3.042402622078e+04 
       1.400466863868e-02       3.042036002687e+04 
       1.411638902374e-02       3.041480672976e+04 
       1.422814898163e-02       3.040744485572e+04 
       1.433994894669e-02       3.039824275761e+04 
       1.445178937296e-02       3.038725886544e+04 
       1.456367073423e-02       3.037445676204e+04 
       1.467559352416e-02       3.035993228282e+04 
       1.478755825634e-02       3.034371321605e+04 
       1.489956546448e-02       3.032578046019e+04 
       1.501161570248e-02       3.030613889379e+04 
       1.512370954465e-02       3.028491109419e+04 
       1.523584758584e-02       3.026204268570e+04 
       1.534803044165e-02       3.023754024239e+04 
       1.546025874861e-02       3.021150345084e+04 
       1.557253316446e-02       3.018388916331e+04 
       1.568485436832e-02       3.015473075214e+04 
       1.579722306098e-02       3.012411082885e+04 
       1.590963996515e-02       3.009198589531e+04 
       1.602210582576e-02       3.005840822047e+04 
       1.613462141028e-02       3.002339218208e+04 
       1.624718750897e-02       2.998694923839e+04 
       1.635980493529e-02       2.994912535394e+04 
       1.647247452618e-02       2.990995982419e+04 
       1.658519714249e-02       2.986944215825e+04 
       1.669797366929e-02       2.982755323216e+04 
       1.681080501635e-02       2.978438478176e+04 
       1.692369211847e-02       2.973994848053e+04 
       1.703663593596e-02       2.969427621430e+04 
       1.714963745510e-02       2.964730183258e+04 
       1.726269768856e-02       2.959916605714e+04 
       1.737581767592e-02       2.954981771464e+04 
       1.748899848415e-02       2.949930864755e+04 
       1.760224120814e-02       2.944758870706e+04 
       1.771554697126e-02       2.939479598536e+04 
       1.782891692586e-02       2.934079760541e+04 
       1.794235225392e-02       2.928580766945e+04 
       1.805585416758e-02       2.922969837302e+04 
       1.816942390981e-02       2.917255457818e+04 
       1.828306275501e-02       2.911441336607e+04 
       1.839677200969e-02       2.905516639654e+04 
       1.851055301318e-02       2.899499764791e+04 
       1.862440713825e-02       2.893377287356e+04 
       1.873833579194e-02       2.887169733778e+04 
       1.885234041623e-02       2.880859931393e+04 
       1.896642248888e-02       2.874464540844e+04 
       1.908058352417e-02       2.867972355052e+04 
       1.919482507377e-02       2.861393178452e+04 
       1.930914872759e-02       2.854729913217e+04 
       1.942355611464e-02       2.847983460701e+04 
       1.953804890394e-02       2.841153920876e+04 
       1.965262880550e-02       2.834243185035e+04 
       1.976729757123e-02       2.827249946522e+04 
       1.988205699598e-02       2.820181089885e+04 
       1.999690891854e-02       2.813040873621e+04 
       2.011185522274e-02       2.805821800297e+04 
       2.022689783851e-02       2.798524160308e+04 
       2.034203874306e-02       2.791164942709e+04 
       2.045727996198e-02       2.783728708591e+04 
       2.057262357053e-02       2.776227612731e+04 
       2.068807169483e-02       2.768662280063e+04 
       2.080362651315e-02       2.761036537540e+04 
       2.091929025726e-02       2.753350712255e+04 
       2.103506521380e-02       2.745588399325e+04 
       2.115095372567e-02       2.737774792188e+04 
       2.126695819353e-02       2.729906817856e+04 
       2.138308107727e-02       2.721980668813e+04 
       2.149932489762e-02       2.713987431628e+04 
       2.161569223772e-02       2.705955892140e+04 
       2.173218574479e-02       2.697869287402e+04 
       2.184880813188e-02       2.689728096663e+04 
       2.196556217964e-02       2.681538962341e+04 
       2.208245073813e-02       2.673300238713e+04 
       2.219947672877e-02       2.665017313083e+04 
       2.231664314627e-02       2.656690863515e+04 
       2.243395306070e-02       2.648321364451e+04 
       2.255140961956e-02       2.639895441185e+04 
       2.266901604997e-02       2.631437857977e+04 
       2.278677566096e-02       2.622946262019e+04 
       2.290469184574e-02       2.614412931550e+04 
       2.302276808418e-02       2.605839321959e+04 
       2.314100794527e-02       2.597232071334e+04 
       2.325941508974e-02       2.588589322500e+04 
       2.337799327273e-02       2.579915143976e+04 
       2.349674634658e-02       2.571199516435e+04 
       2.361567826372e-02       2.562466952470e+04 
       2.373479307966e-02       2.553693563516e+04 
       2.385409495607e-02       2.544892755442e+04 
       2.397358816405e-02       2.536069896773e+04 
       2.409327708741e-02       2.527205472942e+04 
       2.421316622617e-02       2.518324415750e+04 
       2.433326020018e-02       2.509429127183e+04 
       2.445356375280e-02       2.500503601927e+04 
       2.457408175481e-02       2.491560485585e+04 
       2.469481920844e-02       2.482582795079e+04 
       2.481578125159e-02       2.473583895917e+04 
       2.493697316212e-02       2.464581635463e+04 
       2.505840036244e-02       2.455546093231e+04 
       2.518006842418e-02       2.446502207946e+04 
       2.530198307315e-02       2.437441365013e+04 
       2.542415019435e-02       2.428367224614e+04 
       2.554657583738e-02       2.419267168979e+04 
       2.566926622192e-02       2.410163043885e+04 
       2.579222774351e-02       2.401043835046e+04 
       2.591546697955e-02       2.391907905204e+04 
       2.603899069556e-02       2.382763232267e+04 
       2.616280585176e-02       2.373610297082e+04 
       2.628691960980e-02       2.364445200667e+04 
       2.641133933997e-02       2.355271649241e+04 
       2.653607262856e-02       2.346099579636e+04 
       2.666112728564e-02       2.336912580458e+04 
       2.678651135315e-02       2.327720231692e+04 
       2.691223311342e-02       2.318515642959e+04 
       2.703830109797e-02       2.309309334435e+04 
       2.716472409680e-02       2.300099001907e+04 
       2.729151116810e-02       2.290882061496e+04 
       2.741867164839e-02       2.281666648956e+04 
       2.754621516315e-02       2.272452959334e+04 
       2.767415163797e-02       2.263230451669e+04 
       2.780249131025e-02       2.254009265255e+04 
       2.793124474139e-02       2.244785855299e+04 
       2.806042282972e-02       2.235561674553e+04 
       2.819003682393e-02       2.226342842073e+04 
       2.832009833729e-02       2.217114210603e+04 
       2.845061936248e-02       2.207904668396e+04 
       2.858161228730e-02       2.198679754113e+04 
       2.871308991111e-02       2.189458548518e+04 
       2.884506546211e-02       2.180249476734e+04 
       2.897755261567e-02       2.171045232165e+04 
       2.911056551343e-02       2.161836849733e+04 
       2.924411878364e-02       2.152633795405e+04 
       2.937822756246e-02       2.143430486577e+04 
       2.951290751652e-02       2.134238889700e+04 
       2.964817486666e-02       2.125047776002e+04 
       2.978404641310e-02       2.115859205042e+04 
       2.992053956199e-02       2.106679143557e+04 
       3.005767235349e-02       2.097507886404e+04 
       3.019546349146e-02       2.088337077243e+04 
       3.033393237501e-02       2.079183641207e+04 
       3.047309913178e-02       2.070026921478e+04 
       3.061298465338e-02       2.060884412760e+04 
       3.075361063285e-02       2.051740824832e+04 
       3.089499960453e-02       2.042606495232e+04 
       3.103717498644e-02       2.033480288225e+04 
       3.118016112522e-02       2.024351160926e+04 
       3.132398334411e-02       2.015246003840e+04 
       3.146866799392e-02       2.006138326588e+04 
       3.161424250744e-02       1.997042737946e+04 
       3.176073545737e-02       1.987954409338e+04 
       3.190817661830e-02       1.978864771561e+04 
       3.205659703278e-02       1.969789728517e+04 
       3.220602908207e-02       1.960714458049e+04 
       3.235650656180e-02       1.951653415681e+04 
       3.250806476307e-02       1.942598009647e+04 
       3.266074055931e-02       1.933552339370e+04 
       3.281457249960e-02       1.924501038725e+04 
       3.296960090883e-02       1.915465416960e+04 
       3.312586799545e-02       1.906438291515e+04 
       3.328341796744e-02       1.897409602189e+04 
       3.344229715725e-02       1.888386160296e+04 
       3.360255415659e-02       1.879371415552e+04 
       3.376423996193e-02       1.870360277347e+04 
       3.392740813191e-02       1.861355042058e+04 
       3.409211495760e-02       1.852345639863e+04 
       3.425841964705e-02       1.843354593574e+04 
       3.442638452558e-02       1.834364908006e+04 
       3.459607525325e-02       1.825366756323e+04 
       3.476756106156e-02       1.816371505434e+04 
       3.494091501124e-02       1.807379084745e+04 
       3.511621427343e-02       1.798386327403e+04 
       3.529354043689e-02       1.789399378204e+04 
       3.547297984408e-02       1.780401944866e+04 
       3.565462395942e-02       1.771406242848e+04 
       3.583856977344e-02       1.762413305997e+04 
       3.602492024709e-02       1.753405796977e+04 
       3.621378480093e-02       1.744396820205e+04 
       3.640527985476e-02       1.735376708596e+04 
       3.659952942407e-02       1.726350559592e+04 
       3.679666578021e-02       1.717320546419e+04 
       3.699683018292e-02       1.708272868060e+04 
       3.720017369451e-02       1.699223646833e+04 
       3.740685808674e-02       1.690162768493e+04 
       3.761705685326e-02       1.681088153576e+04 
       3.783095634234e-02       1.671987875542e+04 
       3.804875702711e-02       1.662856741230e+04 
       3.827067493359e-02       1.653719971987e+04 
       3.849694325011e-02       1.644557044768e+04 
       3.872781414586e-02       1.635359465045e+04 
       3.896356083135e-02       1.626143899135e+04 
       3.920447989980e-02       1.616900218603e+04 
       3.945089399521e-02       1.607616277932e+04 
       3.970315486245e-02       1.598290610151e+04 
       3.996164684492e-02       1.588932427538e+04 
       4.022679090893e-02       1.579523941613e+04 
       4.049904929015e-02       1.570072259670e+04 
       4.077893087757e-02       1.560557888362e+04 
       4.106699747546e-02       1.550991512505e+04 
       4.136387111487e-02       1.541358574961e+04 
       4.167024262507e-02       1.531652590189e+04 
       4.198688172434e-02       1.521865916109e+04 
       4.231464895070e-02       1.511993261147e+04 
       4.265450983153e-02       1.502026102179e+04 
       4.300755178945e-02       1.491960267554e+04 
       4.337500440778e-02       1.481775891107e+04 
       4.375826383907e-02       1.471472221850e+04 
       4.415892234459e-02       1.461012712781e+04 
       4.457880421234e-02       1.450399691008e+04 
       4.502000963052e-02       1.439597867759e+04 
       4.548496850605e-02       1.428597305167e+04 
       4.597650672593e-02       1.417372220888e+04 
       4.649792796703e-02       1.405876022732e+04 
       4.705311484397e-02       1.394070963477e+04 
       4.764665386882e-02       1.381906722320e+04 
       4.828398918292e-02       1.369319756877e+04 
       4.897160987290e-02       1.356226520320e+04 
       4.971727399291e-02       1.342521794402e+04 
       5.053026740745e-02       1.328070207754e+04 
       5.142168393957e-02       1.312677492084e+04 
       5.240468936886e-02       1.296109803721e+04 
       5.349468695019e-02       1.278030942941e+04 
       5.470922662955e-02       1.258008294180e+04 
       5.606739313590e-02       1.235475668500e+04 
       5.758830568368e-02       1.209707792131e+04 
       5.928838789650e-02       1.179873914831e+04 
       6.117745718572e-02       1.145108133795e+04 
       6.325461394642e-02       1.104767125424e+04 
       6.550597657973e-02       1.058661908761e+04 
       6.790623047301e-02       1.007372337964e+04 
       7.042388559861e-02       9.522671650754e+03 
       7.302763475148e-02       8.953225967072e+03 
       7.569089986970e-02       8.388064027395e+03 
       7.839353314608e-02       7.848399821181e+03 
       8.112141861329e-02       7.351822372371e+03 
       8.386517515676e-02       6.910305953559e+03 
       8.661877840442e-02       6.529533850253e+03 
       8.937844268189e-02       6.210498446325e+03 
       9.214182097637e-02       5.948868102617e+03 
       9.490747016417e-02       5.737092934420e+03 
       9.767450727970e-02       5.564939753654e+03 
       1.004423936226e-01       5.421029736000e+03 
       1.032108010147e-01       5.293716284555e+03 
       1.059795296312e-01       5.171934259038e+03 
       1.087484577676e-01       5.046392506123e+03 
       1.115175112239e-01       4.910231114238e+03 
       1.142866446757e-01       4.759577316349e+03 
       1.170558303523e-01       4.593178720872e+03 
       1.198250511591e-01       4.413303988678e+03 
       1.225942965000e-01       4.223638125313e+03 
       1.253635597408e-01       4.029769286265e+03 
       1.281328366676e-01       3.837421313917e+03 
       1.309021245505e-01       3.652734235271e+03 
       1.336714215735e-01       3.480223238980e+03 
       1.364407264874e-01       3.323856040184e+03 
       1.392100383985e-01       3.185673275765e+03 
       1.419793566388e-01       3.066464643832e+03 
       1.447486806867e-01       2.965407074756e+03 
       1.475180101179e-01       2.880780014826e+03 
       1.502873445746e-01       2.809628853826e+03 
       1.530566837467e-01       2.748711498999e+03 
       1.558260273595e-01       2.694457373967e+03 
       1.585953751652e-01       2.643695919222e+03 
       1.613647269385e-01       2.593325471880e+03 
       1.641340824720e-01       2.540357117513e+03 
       1.669034415741e-01       2.482998171887e+03 
       1.696728040669e-01       2.420389440417e+03 
       1.724421697846e-01       2.352581159052e+03 
       1.752115385726e-01       2.280452374776e+03 
       1.779809102859e-01       2.205597167283e+03 
       1.807502847889e-01       2.129877204956e+03 
       1.835196619542e-01       2.055178175455e+03 
       1.862890416620e-01       1.983212095043e+03 
       1.890584237999e-01       1.915429186576e+03 
       1.918278082617e-01       1.852842306666e+03 
       1.945971949476e-01       1.795990616817e+03 
       1.973665837631e-01       1.745150627345e+03 
       2.001359746195e-01       1.700171425689e+03 
       2.029053674324e-01       1.660549109966e+03 
       2.056747621223e-01       1.625445111356e+03 
       2.084441586139e-01       1.593929113393e+03 
       2.112135568360e-01       1.564782098139e+03 
       2.139829567208e-01       1.536846949857e+03 
       2.167523582042e-01       1.509209893733e+03 
       2.195217612254e-01       1.481035821809e+03 
       2.222911657265e-01       1.451828991630e+03 
       2.250605716526e-01       1.421301790720e+03 
       2.278299789514e-01       1.389432614181e+03 
       2.305993875730e-01       1.356401970945e+03 
       2.333687974703e-01       1.322556902469e+03 
       2.361382085979e-01       1.288438849959e+03 
       2.389076209130e-01       1.254557284671e+03 
       2.416770343743e-01       1.221497478279e+03 
       2.444464489429e-01       1.189820861297e+03 
       2.472158645811e-01       1.159921945985e+03 
       2.499852812534e-01       1.132072623480e+03 
       2.527546989254e-01       1.106362839942e+03 
       2.555241175646e-01       1.082749496319e+03 
       2.582935371397e-01       1.061006546264e+03 
       2.610629576206e-01       1.040904953699e+03 
       2.638323789788e-01       1.022120027293e+03 
       2.666018011868e-01       1.004348269239e+03 
       2.693712242182e-01       9.872417303826e+02 
       2.721406480477e-01       9.704986170853e+02 
       2.749100726512e-01       9.538542821374e+02 
       2.776794980053e-01       9.370771395126e+02 
       2.804489240877e-01       9.200458957347e+02 
       2.832183508769e-01       9.027329246719e+02 
       2.859877783523e-01       8.851777823247e+02 
       2.887572064941e-01       8.674922203687e+02 
       2.915266352831e-01       8.498348279672e+02 
       2.942960647011e-01       8.323664237215e+02 
       2.970654947303e-01       8.152560097489e+02 
       2.998349253537e-01       7.986362408988e+02 
       3.026043565550e-01       7.826260534894e+02 
       3.053737883184e-01       7.673069172600e+02 
       3.081432206285e-01       7.527425975028e+02 
       3.109126534708e-01       7.389476225874e+02 
       3.136820868311e-01       7.259122249361e+02 
       3.164515206958e-01       7.135429145323e+02 
       3.192209550516e-01       7.017679780821e+02 
       3.219903898858e-01       6.904478797809e+02 
       3.247598251861e-01       6.794710873419e+02 
       3.275292609408e-01       6.687349004810e+02 
       3.302986971382e-01       6.581581479940e+02 
       3.330681337673e-01       6.476721886728e+02 
       3.358375708173e-01       6.372566812153e+02 
       3.386070082780e-01       6.268858935985e+02 
       3.413764461392e-01       6.165518437351e+02 
       3.441458843913e-01       6.062737925512e+02 
       3.469153230249e-01       5.960660340015e+02 
       3.496847620308e-01       5.859746381403e+02 
       3.524542014002e-01       5.760482902955e+02 
       3.552236411247e-01       5.663433441991e+02 
       3.579930811959e-01       5.568999569400e+02 
       3.607625216059e-01       5.477384661113e+02 
       3.635319623468e-01       5.388686739778e+02 
       3.663014034111e-01       5.302974890353e+02 
       3.690708447916e-01       5.220140851441e+02 
       3.718402864810e-01       5.140016169302e+02 
       3.746097284726e-01       5.062482003799e+02 
       3.773791707597e-01       4.987291643332e+02 
       3.801486133358e-01       4.914333769481e+02 
       3.829180561945e-01       4.843164738278e+02 
       3.856874993299e-01       4.773526728716e+02 
       3.884569427359e-01       4.705112513238e+02 
       3.912263864067e-01       4.637619798750e+02 
       3.939958303369e-01       4.570908037163e+02 
       3.967652745208e-01       4.504958810698e+02 
       3.995347189533e-01       4.439741599109e+02 
       4.023041636292e-01       4.375357291958e+02 
       4.050736085434e-01       4.311774334651e+02 
       4.078430536912e-01       4.249171923814e+02 
       4.106124990677e-01       4.187578855102e+02 
       4.133819446683e-01       4.127077654877e+02 
       4.161513904886e-01       4.067791956850e+02 
       4.189208365242e-01       4.009870767408e+02 
       4.216902827708e-01       3.953407168673e+02 
       4.244597292243e-01       3.898462842302e+02 
       4.272291758807e-01       3.844991161525e+02 
       4.299986227359e-01       3.792935013971e+02 
       4.327680697863e-01       3.742136728976e+02 
       4.355375170280e-01       3.692468790215e+02 
       4.383069644574e-01       3.643821899050e+02 
       4.410764120710e-01       3.596092885063e+02 
       4.438458598653e-01       3.549248459101e+02 
       4.466153078369e-01       3.503164534060e+02 
       4.493847559826e-01       3.457824085535e+02 
       4.521542042991e-01       3.413114662326e+02 
       4.549236527833e-01       3.369001864071e+02 
       4.576931014322e-01       3.325433223931e+02 
       4.604625502427e-01       3.282469607370e+02 
       4.632319992121e-01       3.240159956248e+02 
       4.660014483373e-01       3.198526849332e+02 
       4.687708976157e-01       3.157678300721e+02 
       4.715403470446e-01       3.117589008702e+02 
       4.743097966213e-01       3.078248743898e+02 
       4.770792463432e-01       3.039667691452e+02 
       4.798486962078e-01       3.001802666840e+02 
       4.826181462126e-01       2.964661699368e+02 
       4.853875963553e-01       2.928245278257e+02 
       4.881570466334e-01       2.892547127839e+02 
       4.909264970448e-01       2.857562130987e+02 
       4.936959475871e-01       2.823253868007e+02 
       4.964653982581e-01       2.789541456767e+02 
       4.992348490557e-01       2.756389997940e+02 
       5.020042999778e-01       2.723757653904e+02 
       5.047737510223e-01       2.691601147971e+02 
       5.075432021872e-01       2.659931474152e+02 
       5.103126534706e-01       2.628767344760e+02 
       5.130821048706e-01       2.598104314461e+02 
       5.158515563852e-01       2.567886847004e+02 
       5.186210080126e-01       2.538136945849e+02 
       5.213904597510e-01       2.508785641555e+02 
       5.241599115986e-01       2.479874218630e+02 
       5.269293635538e-01       2.451396622671e+02 
       5.296988156148e-01       2.423346006771e+02 
       5.324682677800e-01       2.395794024771e+02 
       5.352377200477e-01       2.368709624220e+02 
       5.380071724164e-01       2.342091055300e+02 
       5.407766248845e-01       2.315937956194e+02 
