# Matter power spectrum P(k) at redshift z=0
# for k=1.04334e-05 to 0.62675 h/Mpc,
# number of wavenumbers equal to 560
#    1:k (h/Mpc)              2:P (Mpc/h)^3        
       1.043341395267e-05       2.934425207683e+03 
       2.331068146996e-05       5.797023270919e+02 
       3.623317245448e-05       4.088886226453e+02 
       4.923563593796e-05       3.862488297008e+02 
       6.235339505896e-05       4.050275130685e+02 
       7.562266184987e-05       4.402811940085e+02 
       8.908086207971e-05       4.845095304119e+02 
       1.027669744711e-04       5.331837643420e+02 
       1.167218886425e-04       5.855348651736e+02 
       1.309887861613e-04       6.408137642092e+02 
       1.456135490985e-04       6.987107153596e+02 
       1.606452004170e-04       7.590359291315e+02 
       1.761363803486e-04       8.217867165788e+02 
       1.921438625440e-04       8.870691462918e+02 
       2.087291131277e-04       9.549904357786e+02 
       2.259588947116e-04       1.025743773188e+03 
       2.439059157644e-04       1.099615104404e+03 
       2.626495232650e-04       1.176804131010e+03 
       2.822764330293e-04       1.257641282008e+03 
       3.028814871499e-04       1.342490014264e+03 
       3.245684212575e-04       1.431684353796e+03 
       3.474506153977e-04       1.525657632954e+03 
       3.716517908350e-04       1.624883336502e+03 
       3.973066007984e-04       1.729830104525e+03 
       4.245610460874e-04       1.841043928434e+03 
       4.535726270921e-04       1.959086037039e+03 
       4.845101234904e-04       2.084560050769e+03 
       5.175528742124e-04       2.218098406786e+03 
       5.528894172947e-04       2.360348687110e+03 
       5.907153478272e-04       2.511969800014e+03 
       6.312302696974e-04       2.673617104987e+03 
       6.746337611705e-04       2.845918857149e+03 
       7.211203519674e-04       3.029451661053e+03 
       7.708736222063e-04       3.224730897283e+03 
       8.240596747757e-04       3.432160790920e+03 
       8.808203843420e-04       3.652038620147e+03 
       9.412669585640e-04       3.884494154527e+03 
       1.005474423467e-03       4.129511913427e+03 
       1.073477631718e-03       4.386874176978e+03 
       1.145269272446e-03       4.656215782475e+03 
       1.220800143921e-03       4.936971583993e+03 
       1.299981674797e-03       5.228445327636e+03 
       1.382690403903e-03       5.529789206797e+03 
       1.468773911941e-03       5.840067200668e+03 
       1.558057581660e-03       6.158300667478e+03 
       1.650351557092e-03       6.483480533014e+03 
       1.745457359639e-03       6.814555369352e+03 
       1.843173763393e-03       7.150518518200e+03 
       1.943301694670e-03       7.490387269643e+03 
       2.045648069314e-03       7.833232489211e+03 
       2.150028596978e-03       8.178218503638e+03 
       2.256269658105e-03       8.524497095032e+03 
       2.364209399638e-03       8.871369884241e+03 
       2.473698207601e-03       9.218193350937e+03 
       2.584598707623e-03       9.564346295807e+03 
       2.696785426571e-03       9.909312488902e+03 
       2.810144225861e-03       1.025262916019e+04 
       2.924571593958e-03       1.059388007610e+04 
       3.039973864509e-03       1.093270776751e+04 
       3.156266408536e-03       1.126877675264e+04 
       3.273372834579e-03       1.160182978769e+04 
       3.391224219261e-03       1.193163025509e+04 
       3.509758382253e-03       1.225795232779e+04 
       3.628919213325e-03       1.258060080812e+04 
       3.748656054771e-03       1.289946019886e+04 
       3.868923139472e-03       1.321438361936e+04 
       3.989679082873e-03       1.352527808257e+04 
       4.110886425941e-03       1.383198776387e+04 
       4.232511225496e-03       1.413452708112e+04 
       4.354522687961e-03       1.443277103494e+04 
       4.476892842588e-03       1.472668058003e+04 
       4.599596250247e-03       1.501624361601e+04 
       4.722609744142e-03       1.530140025386e+04 
       4.845912199015e-03       1.558214096239e+04 
       4.969484325743e-03       1.585843924717e+04 
       5.093308488476e-03       1.613029589150e+04 
       5.217368541782e-03       1.639776194273e+04 
       5.341649685521e-03       1.666077864467e+04 
       5.466138335413e-03       1.691939375574e+04 
       5.590822007508e-03       1.717358175269e+04 
       5.715689214968e-03       1.742338980523e+04 
       5.840729375741e-03       1.766883300655e+04 
       5.965932729899e-03       1.790991157550e+04 
       6.091290265539e-03       1.814673174612e+04 
       6.216793652278e-03       1.837921909287e+04 
       6.342435181499e-03       1.860748340248e+04 
       6.468207712590e-03       1.883148354106e+04 
       6.594104624521e-03       1.905135828911e+04 
       6.720119772174e-03       1.926702466351e+04 
       6.846247446906e-03       1.947854745769e+04 
       6.972482340898e-03       1.968601323330e+04 
       7.098819514884e-03       1.988943975824e+04 
       7.225254368904e-03       2.008883632900e+04 
       7.351782615764e-03       2.028432658022e+04 
       7.478400256931e-03       2.047577543995e+04 
       7.605103560603e-03       2.066332056587e+04 
       7.731889041749e-03       2.084709874597e+04 
       7.858753443909e-03       2.102703597946e+04 
       7.985693722585e-03       2.120320003116e+04 
       8.112707030073e-03       2.137554990899e+04 
       8.239790701587e-03       2.154423643765e+04 
       8.366942242558e-03       2.170927714360e+04 
       8.494159316996e-03       2.187064486222e+04 
       8.621439736815e-03       2.202844147593e+04 
       8.748781452026e-03       2.218272645541e+04 
       8.876182541735e-03       2.233353659300e+04 
       9.003641205854e-03       2.248082875486e+04 
       9.131155757474e-03       2.262463031697e+04 
       9.258724615833e-03       2.276509662085e+04 
       9.386346299838e-03       2.290219297733e+04 
       9.514019422081e-03       2.303596614644e+04 
       9.641742683315e-03       2.316647699112e+04 
       9.769514867346e-03       2.329369470528e+04 
       9.897334836308e-03       2.341773432790e+04 
       1.002520152630e-02       2.353859915745e+04 
       1.015311394332e-02       2.365633464754e+04 
       1.028107115954e-02       2.377095811501e+04 
       1.040907230979e-02       2.388252401592e+04 
       1.053711658838e-02       2.399102280279e+04 
       1.066520324606e-02       2.409657940277e+04 
       1.079333158724e-02       2.419911433276e+04 
       1.092150096747e-02       2.429875455032e+04 
       1.104971079095e-02       2.439547695202e+04 
       1.117796050835e-02       2.448937768741e+04 
       1.130624961473e-02       2.458044963887e+04 
       1.143457764762e-02       2.466868206060e+04 
       1.156294418519e-02       2.475415263901e+04 
       1.169134884460e-02       2.483689425555e+04 
       1.181979128047e-02       2.491696967385e+04 
       1.194827118340e-02       2.499437788128e+04 
       1.207678827865e-02       2.506909765472e+04 
       1.220534232487e-02       2.514129081713e+04 
       1.233393311295e-02       2.521087318131e+04 
       1.246256046496e-02       2.527786345775e+04 
       1.259122423311e-02       2.534237583868e+04 
       1.271992429885e-02       2.540441781899e+04 
       1.284866057200e-02       2.546400247851e+04 
       1.297743298993e-02       2.552117036705e+04 
       1.310624151685e-02       2.557592200290e+04 
       1.323508614312e-02       2.562831818970e+04 
       1.336396688460e-02       2.567836954747e+04 
       1.349288378208e-02       2.572612950445e+04 
       1.362183690077e-02       2.577159736696e+04 
       1.375082632976e-02       2.581482278537e+04 
       1.387985218161e-02       2.573980178318e+04 
       1.400891459193e-02       2.589460170501e+04 
       1.413801371901e-02       2.593122306934e+04 
       1.426714974347e-02       2.596569916846e+04 
       1.439632286800e-02       2.599805510892e+04 
       1.452553331705e-02       2.602832255205e+04 
       1.465478133658e-02       2.605652288821e+04 
       1.478406719393e-02       2.608270467902e+04 
       1.491339117754e-02       2.610687978582e+04 
       1.504275359688e-02       2.612906540863e+04 
       1.517215478226e-02       2.614947881830e+04 
       1.530159508478e-02       2.616754882577e+04 
       1.543107487620e-02       2.618391966395e+04 
       1.556059454895e-02       2.619849995722e+04 
       1.569015451602e-02       2.621124722849e+04 
       1.581975521104e-02       2.622187581968e+04 
       1.594939708818e-02       2.623085492226e+04 
       1.607908062230e-02       2.623805381342e+04 
       1.620880630891e-02       2.624342546437e+04 
       1.633857466427e-02       2.624718703400e+04 
       1.646838622551e-02       2.624915869903e+04 
       1.659824155068e-02       2.624951846306e+04 
       1.672814121893e-02       2.624813445191e+04 
       1.685808583062e-02       2.624505310396e+04 
       1.698807600750e-02       2.624045768584e+04 
       1.711811239286e-02       2.623418232058e+04 
       1.724819565177e-02       2.622633041601e+04 
       1.737832647127e-02       2.621700072585e+04 
       1.750850556058e-02       2.620610105910e+04 
       1.763873365140e-02       2.619363701638e+04 
       1.776901149812e-02       2.617971270150e+04 
       1.789933987812e-02       2.616442539417e+04 
       1.802971959207e-02       2.614754600244e+04 
       1.816015146426e-02       2.612932280047e+04 
       1.829063634290e-02       2.610965532236e+04 
       1.842117510046e-02       2.608864586991e+04 
       1.855176863408e-02       2.606624066276e+04 
       1.868241786591e-02       2.604249719055e+04 
       1.881312374352e-02       2.601745184916e+04 
       1.894388724032e-02       2.599113068545e+04 
       1.907470935599e-02       2.596349735055e+04 
       1.920559111690e-02       2.593461230971e+04 
       1.933653357663e-02       2.590446324886e+04 
       1.946753781643e-02       2.587318318058e+04 
       1.959860494570e-02       2.584063870623e+04 
       1.972973610255e-02       2.580690197671e+04 
       1.986093245433e-02       2.577201315320e+04 
       1.999219519816e-02       2.573596996148e+04 
       2.012352556157e-02       2.569880448697e+04 
       2.025492480304e-02       2.566058907112e+04 
       2.038639421265e-02       2.562124046055e+04 
       2.051793511273e-02       2.558081066559e+04 
       2.064954885850e-02       2.553937097418e+04 
       2.078123683876e-02       2.549691441426e+04 
       2.091300047661e-02       2.545343322603e+04 
       2.104484123017e-02       2.540897652235e+04 
       2.117676059333e-02       2.536348718046e+04 
       2.130876009654e-02       2.531709914343e+04 
       2.144084130759e-02       2.526972918507e+04 
       2.157300583248e-02       2.522146865604e+04 
       2.170525531621e-02       2.517227888461e+04 
       2.183759144372e-02       2.512220403557e+04 
       2.197001594077e-02       2.507128161966e+04 
       2.210253057489e-02       2.501945426900e+04 
       2.223513715632e-02       2.496683519158e+04 
       2.236783753904e-02       2.491340652058e+04 
       2.250063362179e-02       2.485912400683e+04 
       2.263352734909e-02       2.480408565567e+04 
       2.276652071241e-02       2.474824709903e+04 
       2.289961575122e-02       2.469167284371e+04 
       2.303281455419e-02       2.463436273540e+04 
       2.316611926040e-02       2.457630280286e+04 
       2.329953206055e-02       2.451755166618e+04 
       2.343305519825e-02       2.445807680952e+04 
       2.356669097133e-02       2.439794187605e+04 
       2.370044173320e-02       2.433717389571e+04 
       2.383430989425e-02       2.427571219873e+04 
       2.396829792329e-02       2.421363892498e+04 
       2.410240834908e-02       2.415096062500e+04 
       2.423664376178e-02       2.408760998453e+04 
       2.437100681466e-02       2.402372551616e+04 
       2.450550022562e-02       2.395922801173e+04 
       2.464012677897e-02       2.389418477285e+04 
       2.477488932714e-02       2.382856463610e+04 
       2.490979079251e-02       2.376245359699e+04 
       2.504483416923e-02       2.369579005703e+04 
       2.518002252519e-02       2.362861139921e+04 
       2.531535900402e-02       2.356096618757e+04 
       2.545084682708e-02       2.349340445754e+04 
       2.558648929568e-02       2.342419825765e+04 
       2.572228979320e-02       2.335512061567e+04 
       2.585825178741e-02       2.328558474846e+04 
       2.599437883280e-02       2.321563674976e+04 
       2.613067457302e-02       2.314524242256e+04 
       2.626714274339e-02       2.307445195109e+04 
       2.640378717352e-02       2.300326995253e+04 
       2.654061178998e-02       2.293168226565e+04 
       2.667762061912e-02       2.285995336397e+04 
       2.681481778991e-02       2.278744473430e+04 
       2.695220753700e-02       2.271472741455e+04 
       2.708979420375e-02       2.264179655381e+04 
       2.722758224550e-02       2.256846463631e+04 
       2.736557623285e-02       2.249473274195e+04 
       2.750378085515e-02       2.242084824635e+04 
       2.764220092404e-02       2.234642020097e+04 
       2.778084137720e-02       2.227198216609e+04 
       2.791970728218e-02       2.219724274325e+04 
       2.805880384038e-02       2.212216426569e+04 
       2.819813639122e-02       2.204682581832e+04 
       2.833771041643e-02       2.197086228542e+04 
       2.847753154456e-02       2.189543053148e+04 
       2.861760555554e-02       2.181937619392e+04 
       2.875793838563e-02       2.174301781122e+04 
       2.889853613230e-02       2.166662675822e+04 
       2.903940505958e-02       2.158993946988e+04 
       2.918055160339e-02       2.151307838214e+04 
       2.932198237722e-02       2.143596321431e+04 
       2.946370417803e-02       2.135880564967e+04 
       2.960572399232e-02       2.128138519309e+04 
       2.974804900255e-02       2.120386439012e+04 
       2.989068659373e-02       2.112616701616e+04 
       3.003364436038e-02       2.104833892588e+04 
       3.017693011371e-02       2.097021928699e+04 
       3.032055188914e-02       2.089222930040e+04 
       3.046451795419e-02       2.081401312812e+04 
       3.060883681658e-02       2.073568412146e+04 
       3.075351723287e-02       2.065724776559e+04 
       3.089856821730e-02       2.057855979441e+04 
       3.104399905119e-02       2.050008667914e+04 
       3.118981929262e-02       2.042137369160e+04 
       3.133603878667e-02       2.034252249591e+04 
       3.148266767604e-02       2.026373782729e+04 
       3.162971641223e-02       2.018477473869e+04 
       3.177719576719e-02       2.010581775747e+04 
       3.192511684556e-02       2.002674147500e+04 
       3.207349109749e-02       1.994753474735e+04 
       3.222233033204e-02       1.986854713785e+04 
       3.237164673127e-02       1.978938574717e+04 
       3.252145286504e-02       1.971013381137e+04 
       3.267176170648e-02       1.963091659802e+04 
       3.282258664828e-02       1.955153101437e+04 
       3.297394151981e-02       1.947242621676e+04 
       3.312584060507e-02       1.939323568057e+04 
       3.327829866164e-02       1.931384091501e+04 
       3.343133094055e-02       1.923479836100e+04 
       3.358495320723e-02       1.915519834338e+04 
       3.373918176356e-02       1.907590924150e+04 
       3.389403347113e-02       1.899659818293e+04 
       3.404952577577e-02       1.891739536226e+04 
       3.420567673338e-02       1.883839105621e+04 
       3.436250503723e-02       1.876716273516e+04 
       3.452003004684e-02       1.867966794128e+04 
       3.467827181841e-02       1.860042673048e+04 
       3.483725113704e-02       1.852113109525e+04 
       3.499698955090e-02       1.844212216199e+04 
       3.515750940724e-02       1.836300644041e+04 
       3.531883389074e-02       1.828399945386e+04 
       3.548098706398e-02       1.820485658228e+04 
       3.564399391056e-02       1.812580973979e+04 
       3.580788038070e-02       1.804684589317e+04 
       3.597267343983e-02       1.796788572057e+04 
       3.613840112016e-02       1.788892454261e+04 
       3.630509257560e-02       1.781010706174e+04 
       3.647277814019e-02       1.773124025960e+04 
       3.664148939041e-02       1.765247533761e+04 
       3.681125921160e-02       1.757373793207e+04 
       3.698212186884e-02       1.749504175360e+04 
       3.715411308269e-02       1.741628335800e+04 
       3.732727011016e-02       1.733772627828e+04 
       3.750163183132e-02       1.725909330954e+04 
       3.767723884207e-02       1.718069717064e+04 
       3.785413355361e-02       1.710205611071e+04 
       3.803236029914e-02       1.702353470377e+04 
       3.821196544846e-02       1.694505136801e+04 
       3.839299753117e-02       1.686674721829e+04 
       3.857550736926e-02       1.678831392706e+04 
       3.875954821995e-02       1.671001615732e+04 
       3.894517592969e-02       1.663162888522e+04 
       3.913244910052e-02       1.655338607864e+04 
       3.932142926976e-02       1.647509181949e+04 
       3.951218110452e-02       1.639686156982e+04 
       3.970477261243e-02       1.631856692449e+04 
       3.989927537024e-02       1.624030391593e+04 
       4.009576477205e-02       1.616204412080e+04 
       4.029432029935e-02       1.608368881832e+04 
       4.049502581502e-02       1.600550962547e+04 
       4.069796988404e-02       1.592722079545e+04 
       4.090324612364e-02       1.584891672352e+04 
       4.111095358633e-02       1.577050069022e+04 
       4.132119717947e-02       1.569215027944e+04 
       4.153408812554e-02       1.561376844262e+04 
       4.174974446802e-02       1.553524254361e+04 
       4.196829162818e-02       1.545666622324e+04 
       4.218986301905e-02       1.537805198665e+04 
       4.241460072378e-02       1.529942418490e+04 
       4.264265624623e-02       1.522061742072e+04 
       4.287419134347e-02       1.514169724851e+04 
       4.310937895070e-02       1.506270113002e+04 
       4.334840421107e-02       1.498347311419e+04 
       4.359146562487e-02       1.490421523417e+04 
       4.383877633466e-02       1.482464759951e+04 
       4.409056556572e-02       1.474500085190e+04 
       4.434708024477e-02       1.466521729064e+04 
       4.460858682316e-02       1.458513914794e+04 
       4.487537333610e-02       1.450472329406e+04 
       4.514775173448e-02       1.442416680519e+04 
       4.542606053302e-02       1.434325382112e+04 
       4.571066782630e-02       1.426207943437e+04 
       4.600197473433e-02       1.418050680491e+04 
       4.630041935136e-02       1.409859808138e+04 
       4.660648128625e-02       1.401628361338e+04 
       4.692068690106e-02       1.393351186730e+04 
       4.724361537677e-02       1.385025810523e+04 
       4.757590576292e-02       1.376642617301e+04 
       4.791826520245e-02       1.368205828742e+04 
       4.827147856606e-02       1.359703066518e+04 
       4.863641978483e-02       1.351130923420e+04 
       4.901406523783e-02       1.342485150624e+04 
       4.940550963770e-02       1.333750802969e+04 
       4.981198496673e-02       1.324923259108e+04 
       5.023488315484e-02       1.315996249203e+04 
       5.067578336835e-02       1.306955976367e+04 
       5.113648500415e-02       1.297786598102e+04 
       5.161904777169e-02       1.288479100339e+04 
       5.212584061007e-02       1.279015729555e+04 
       5.265960164562e-02       1.269370128659e+04 
       5.322351196317e-02       1.259542178993e+04 
       5.382128664670e-02       1.249442179506e+04 
       5.445728732644e-02       1.239092179580e+04 
       5.513666127525e-02       1.228434563562e+04 
       5.586551273640e-02       1.217406979300e+04 
       5.665111219909e-02       1.205950982349e+04 
       5.750214785401e-02       1.193967754650e+04 
       5.842901864464e-02       1.181337957738e+04 
       5.944415677302e-02       1.167924104265e+04 
       6.056234324382e-02       1.153509867543e+04 
       6.180093367765e-02       1.137821484978e+04 
       6.317983171790e-02       1.120505364844e+04 
       6.472092913076e-02       1.101077540819e+04 
       6.644660454179e-02       1.078927806027e+04 
       6.837685520707e-02       1.053344532500e+04 
       7.052498148747e-02       1.023567972770e+04 
       7.289270581282e-02       9.889554982320e+03 
       7.546690541692e-02       9.492552216197e+03 
       7.822044333080e-02       9.048285741985e+03 
       8.111759116680e-02       8.567319920527e+03 
       8.412146148822e-02       8.066238798214e+03 
       8.719987723508e-02       7.564704010741e+03 
       9.032797192443e-02       7.081879911940e+03 
       9.348809276303e-02       6.634019009536e+03 
       9.666840606592e-02       6.232635586262e+03 
       9.986127035438e-02       5.884159559232e+03 
       1.030618672711e-01       5.590045718863e+03 
       1.062672033834e-01       5.347486235702e+03 
       1.094754359120e-01       5.150318384617e+03 
       1.126854366818e-01       4.990103372631e+03 
       1.158965172562e-01       4.856907897958e+03 
       1.191082582950e-01       4.740440138917e+03 
       1.223204045833e-01       4.630840077144e+03 
       1.255328008111e-01       4.519554949575e+03 
       1.287453524154e-01       4.400123204500e+03 
       1.319580017505e-01       4.268467442639e+03 
       1.351707136028e-01       4.123235813446e+03 
       1.383834663925e-01       3.965570335899e+03 
       1.415962468306e-01       3.798626741162e+03 
       1.448090466749e-01       3.626973060849e+03 
       1.480218607593e-01       3.455778755798e+03 
       1.512346857981e-01       3.290184619371e+03 
       1.544475196578e-01       3.134714794504e+03 
       1.576603609151e-01       2.992827438548e+03 
       1.608732085876e-01       2.866722660784e+03 
       1.640860619692e-01       2.757288661365e+03 
       1.672989205297e-01       2.664121515738e+03 
       1.705117838529e-01       2.585764020805e+03 
       1.737246515989e-01       2.519916648259e+03 
       1.769375234800e-01       2.463732815564e+03 
       1.801503992457e-01       2.414000277963e+03 
       1.833632786737e-01       2.367936474265e+03 
       1.865761615629e-01       2.322906979964e+03 
       1.897890477302e-01       2.276051636294e+03 
       1.930019370067e-01       2.225604927525e+03 
       1.962148292361e-01       2.170612971151e+03 
       1.994277242733e-01       2.110980306668e+03 
       2.026406219828e-01       2.047386087740e+03 
       2.058535222380e-01       1.981111450748e+03 
       2.090664249204e-01       1.913773847577e+03 
       2.122793299187e-01       1.847069180283e+03 
       2.154922371284e-01       1.782545101771e+03 
       2.187051464514e-01       1.721482910242e+03 
       2.219180577951e-01       1.664827288216e+03 
       2.251309710723e-01       1.613180289971e+03 
       2.283438862010e-01       1.566807333357e+03 
       2.315568031034e-01       1.525646663753e+03 
       2.347697217063e-01       1.489324095110e+03 
       2.379826419402e-01       1.457186765880e+03 
       2.411955637397e-01       1.428404531155e+03 
       2.444084870425e-01       1.401882626314e+03 
       2.476214117898e-01       1.376715078183e+03 
       2.508343379257e-01       1.351952615088e+03 
       2.540472653971e-01       1.326867788511e+03 
       2.572601941538e-01       1.300946572010e+03 
       2.604731241479e-01       1.273914020975e+03 
       2.636860553338e-01       1.245711410323e+03 
       2.668989876684e-01       1.216458633105e+03 
       2.701119211102e-01       1.186445972436e+03 
       2.733248556201e-01       1.156065317830e+03 
       2.765377911607e-01       1.125808389035e+03 
       2.797507276962e-01       1.096191908378e+03 
       2.829636651925e-01       1.067698696118e+03 
       2.861766036171e-01       1.040724882331e+03 
       2.893895429389e-01       1.015535625157e+03 
       2.926024831281e-01       9.922388285910e+02 
       2.958154241565e-01       9.708031846523e+02 
       2.990283659967e-01       9.510834058457e+02 
       3.022413086228e-01       9.328615357594e+02 
       3.054542520097e-01       9.158554957128e+02 
       3.086671961337e-01       8.997936197044e+02 
       3.118801409719e-01       8.843871195150e+02 
       3.150930865022e-01       8.693604402388e+02 
       3.183060327037e-01       8.544652689518e+02 
       3.215189795560e-01       8.395031310516e+02 
       3.247319270399e-01       8.243451856404e+02 
       3.279448751365e-01       8.089355363295e+02 
       3.311578238281e-01       7.933043111586e+02 
       3.343707730973e-01       7.775409317961e+02 
       3.375837229277e-01       7.617792711103e+02 
       3.407966733032e-01       7.461649141629e+02 
       3.440096242085e-01       7.308428102467e+02 
       3.472225756289e-01       7.159368634977e+02 
       3.504355275501e-01       7.015528642062e+02 
       3.536484799584e-01       6.877695261368e+02 
       3.568614328405e-01       6.746436549051e+02 
       3.600743861838e-01       6.622000683407e+02 
       3.632873399760e-01       6.504271437212e+02 
       3.665002942051e-01       6.392744782922e+02 
       3.697132488598e-01       6.286580517718e+02 
       3.729262039290e-01       6.184732879467e+02 
       3.761391594020e-01       6.086138638088e+02 
       3.793521152686e-01       5.989815206834e+02 
       3.825650715188e-01       5.894980332480e+02 
       3.857780281429e-01       5.801157209790e+02 
       3.889909851317e-01       5.707945392186e+02 
       3.922039424761e-01       5.615216397373e+02 
       3.954169001674e-01       5.522900590674e+02 
       3.986298581973e-01       5.431051731986e+02 
       4.018428165576e-01       5.339858540022e+02 
       4.050557752403e-01       5.249642370819e+02 
       4.082687342379e-01       5.160818690987e+02 
       4.114816935429e-01       5.073833941801e+02 
       4.146946531482e-01       4.989093935306e+02 
       4.179076130467e-01       4.906836945337e+02 
       4.211205732319e-01       4.827235708827e+02 
       4.243335336971e-01       4.750248185880e+02 
       4.275464944359e-01       4.675801527089e+02 
       4.307594554424e-01       4.603779903483e+02 
       4.339724167104e-01       4.534056413998e+02 
       4.371853782342e-01       4.466485141016e+02 
       4.403983400082e-01       4.400885642816e+02 
       4.436113020269e-01       4.337002749528e+02 
       4.468242642850e-01       4.274564103276e+02 
       4.500372267774e-01       4.213268665722e+02 
       4.532501894991e-01       4.152864103887e+02 
       4.564631524453e-01       4.093188414810e+02 
       4.596761156111e-01       4.034166674561e+02 
       4.628890789920e-01       3.975803685233e+02 
       4.661020425836e-01       3.918174263453e+02 
       4.693150063814e-01       3.861313204787e+02 
       4.725279703814e-01       3.805278477546e+02 
       4.757409345793e-01       3.750128950071e+02 
       4.789538989712e-01       3.695937625389e+02 
       4.821668635532e-01       3.642799885091e+02 
       4.853798283215e-01       3.590831656543e+02 
       4.885927932724e-01       3.540151374582e+02 
       4.918057584023e-01       3.490816328385e+02 
       4.950187237077e-01       3.442823430050e+02 
       4.982316891853e-01       3.396106443023e+02 
       5.014446548316e-01       3.350545581519e+02 
       5.046576206435e-01       3.306004179679e+02 
       5.078705866178e-01       3.262397075653e+02 
       5.110835527515e-01       3.219615999755e+02 
       5.142965190415e-01       3.177627618302e+02 
       5.175094854849e-01       3.136353245626e+02 
       5.207224520789e-01       3.095741160101e+02 
       5.239354188207e-01       3.055720394403e+02 
       5.271483857075e-01       3.016231398149e+02 
       5.303613527369e-01       2.977244988307e+02 
       5.335743199060e-01       2.938775995178e+02 
       5.367872872125e-01       2.900861872436e+02 
       5.400002546539e-01       2.863572205683e+02 
       5.432132222278e-01       2.826956724106e+02 
       5.464261899318e-01       2.791042021772e+02 
       5.496391577636e-01       2.755805341311e+02 
       5.528521257211e-01       2.721242882815e+02 
       5.560650938020e-01       2.687315401737e+02 
       5.592780620041e-01       2.654025251820e+02 
       5.624910303255e-01       2.621371049095e+02 
       5.657039987641e-01       2.589374185336e+02 
       5.689169673179e-01       2.558001818130e+02 
       5.721299359848e-01       2.527244076215e+02 
       5.753429047632e-01       2.497047445127e+02 
       5.785558736510e-01       2.467350109892e+02 
       5.817688426464e-01       2.438122319060e+02 
       5.849818117477e-01       2.409328996786e+02 
       5.881947809532e-01       2.380972473610e+02 
       5.914077502611e-01       2.353049756652e+02 
       5.946207196698e-01       2.325565954878e+02 
       5.978336891776e-01       2.298520930054e+02 
       6.010466587829e-01       2.271877207229e+02 
       6.042596284843e-01       2.245618044762e+02 
       6.074725982801e-01       2.219729424684e+02 
       6.106855681688e-01       8.710605410206e+06 
       6.138985381491e-01       2.169097736774e+02 
       6.171115082194e-01       2.144403599233e+02 
       6.203244783784e-01       2.120139937363e+02 
       6.235374486247e-01       2.096281961200e+02 
       6.267504189570e-01       2.072868015638e+02 
