# Matter power spectrum P(k) at redshift z=0
# for k=1.18978e-05 to 0.716439 h/Mpc,
# number of wavenumbers equal to 556
#    1:k (h/Mpc)              2:P (Mpc/h)^3        
       1.189775830501e-05       3.527428455781e+01 
       2.658642444168e-05       7.660436951728e+01 
       4.134215805340e-05       1.172666848298e+02 
       5.621662181817e-05       1.577247726613e+02 
       7.126258602785e-05       1.982575181049e+02 
       8.653453973858e-05       2.390840033021e+02 
       1.020893269855e-04       2.803990169854e+02 
       1.179868188004e-04       3.223880417805e+02 
       1.342906318211e-04       3.652353549003e+02 
       1.510689042756e-04       4.091292971038e+02 
       1.683951399309e-04       4.542662729681e+02 
       1.863491300348e-04       5.008541599238e+02 
       2.050179620788e-04       5.491154626503e+02 
       2.244971220117e-04       5.992903911834e+02 
       2.448916928290e-04       6.516399538475e+02 
       2.663176465743e-04       7.064491025761e+02 
       2.889032178395e-04       7.640299186874e+02 
       3.127903337371e-04       8.247247859431e+02 
       3.381360567333e-04       8.889094285432e+02 
       3.651139712934e-04       9.569956488270e+02 
       3.939154117324e-04       1.029433469824e+03 
       4.247503863727e-04       1.106712337194e+03 
       4.578480028354e-04       1.189360856756e+03 
       4.934561444256e-04       1.277944482423e+03 
       5.318400955970e-04       1.373060399420e+03 
       5.732797787065e-04       1.475328839391e+03 
       6.180652647157e-04       1.585380084257e+03 
       6.664902829656e-04       1.703836612900e+03 
       7.188436063662e-04       1.831290317610e+03 
       7.753984458224e-04       1.968275257868e+03 
       8.364003446280e-04       2.115237766700e+03 
       9.020544731910e-04       2.272505652579e+03 
       9.725135939203e-04       2.440260663451e+03 
       1.047868171174e-03       2.618516974465e+03 
       1.128140027496e-03       2.807109843650e+03 
       1.213280546963e-03       3.005695593195e+03 
       1.303173759779e-03       3.213764351743e+03 
       1.397643874106e-03       3.430663361178e+03 
       1.496466161215e-03       3.655628056435e+03 
       1.599379716949e-03       3.887816892464e+03 
       1.706100579202e-03       4.126346066703e+03 
       1.816333926069e-03       4.370320788638e+03 
       1.929784488950e-03       4.618861308773e+03 
       2.046164754827e-03       4.871122223768e+03 
       2.165200903336e-03       5.126306599290e+03 
       2.286636680353e-03       5.383674022394e+03 
       2.410235548171e-03       5.642544972286e+03 
       2.535781496492e-03       5.902301371503e+03 
       2.663078880205e-03       6.162385300452e+03 
       2.791951598370e-03       6.422295879271e+03 
       2.922241865335e-03       6.681584732130e+03 
       3.053808762757e-03       6.939852877066e+03 
       3.186526707195e-03       7.196744401155e+03 
       3.320283924420e-03       7.451943207975e+03 
       3.454980988339e-03       7.705168825697e+03 
       3.590529458290e-03       7.956171977151e+03 
       3.726850631518e-03       8.204749104876e+03 
       3.863874416341e-03       8.450728614461e+03 
       4.001538324200e-03       8.693887211696e+03 
       4.139786574446e-03       8.934070295613e+03 
       4.278569303325e-03       9.171139718694e+03 
       4.417841867560e-03       9.404972919898e+03 
       4.557564232730e-03       9.635460297654e+03 
       4.697700436973e-03       9.862505262736e+03 
       4.838218121134e-03       1.008602157514e+04 
       4.979088117250e-03       1.030593269305e+04 
       5.120284088098e-03       1.052217045344e+04 
       5.261782211291e-03       1.073467706660e+04 
       5.403560902233e-03       1.094340121589e+04 
       5.545600570888e-03       1.114828876579e+04 
       5.687883408021e-03       1.134931174533e+04 
       5.830393197063e-03       1.154643757318e+04 
       5.973115148339e-03       1.173963425363e+04 
       6.116035752743e-03       1.192887954997e+04 
       6.259142652427e-03       1.211415199540e+04 
       6.402424526304e-03       1.229544063077e+04 
       6.545870988544e-03       1.247272517466e+04 
       6.689472498417e-03       1.264601176140e+04 
       6.833220280103e-03       1.281528196548e+04 
       6.977106251242e-03       1.298054856204e+04 
       7.121122959169e-03       1.314180103738e+04 
       7.265263523934e-03       1.329904555273e+04 
       7.409521587277e-03       1.345228996336e+04 
       7.553891266889e-03       1.360155155390e+04 
       7.698367115337e-03       1.374682618741e+04 
       7.842944083125e-03       1.388813374451e+04 
       7.987617485426e-03       1.402549366301e+04 
       8.132382972071e-03       1.415891872246e+04 
       8.277236500449e-03       1.428843217977e+04 
       8.422174310995e-03       1.441404816459e+04 
       8.567192904983e-03       1.453579716023e+04 
       8.712289024394e-03       1.465370053103e+04 
       8.857459633631e-03       1.476778287790e+04 
       9.002701902893e-03       1.487807762590e+04 
       9.148013193045e-03       1.498460433627e+04 
       9.293391041825e-03       1.508739906509e+04 
       9.438833151253e-03       1.518649507722e+04 
       9.584337376143e-03       1.528191986647e+04 
       9.729901713584e-03       1.537369726044e+04 
       9.875524293317e-03       1.546188469250e+04 
       1.002120336891e-02       1.554650331023e+04 
       1.016693730969e-02       1.562758801881e+04 
       1.031272459328e-02       1.570517457446e+04 
       1.045856379879e-02       1.577930376342e+04 
       1.060445360055e-02       1.585001915439e+04 
       1.075039276231e-02       1.591735754598e+04 
       1.089638013193e-02       1.598135319899e+04 
       1.104241463645e-02       1.604204913296e+04 
       1.118849527758e-02       1.609949418637e+04 
       1.133462112749e-02       1.615372631047e+04 
       1.148079132497e-02       1.620477740611e+04 
       1.162700507186e-02       1.625270375794e+04 
       1.177326162971e-02       1.629754568188e+04 
       1.191956031675e-02       1.633933731834e+04 
       1.206590050503e-02       1.637813848989e+04 
       1.221228161784e-02       1.641397992476e+04 
       1.235870312723e-02       1.644690944748e+04 
       1.250516455179e-02       1.647697340626e+04 
       1.265166545452e-02       1.650421408858e+04 
       1.279820544093e-02       1.652867114224e+04 
       1.294478415724e-02       1.655040431016e+04 
       1.309140128868e-02       1.656944093199e+04 
       1.323805655798e-02       1.658583358427e+04 
       1.338474972389e-02       1.659962989653e+04 
       1.353148057991e-02       1.661087159894e+04 
       1.367824895301e-02       1.661960790279e+04 
       1.382505470249e-02       1.662587564795e+04 
       1.397189771895e-02       1.662972876712e+04 
       1.411877792329e-02       1.663120341808e+04 
       1.426569526581e-02       1.663035243693e+04 
       1.441264972536e-02       1.662721275668e+04 
       1.455964130861e-02       1.662183615850e+04 
       1.470667004927e-02       1.661425558964e+04 
       1.485373600750e-02       1.660452175283e+04 
       1.500083926929e-02       1.659268151616e+04 
       1.514797994590e-02       1.657876839628e+04 
       1.529515817334e-02       1.656283274267e+04 
       1.544237411198e-02       1.654491373134e+04 
       1.558962794606e-02       1.652505102122e+04 
       1.573691988335e-02       1.650329761812e+04 
       1.588425015482e-02       1.647967984708e+04 
       1.603161901433e-02       1.645424236563e+04 
       1.617902673836e-02       1.642703430392e+04 
       1.632647362579e-02       1.639809818164e+04 
       1.647395999768e-02       1.636745889409e+04 
       1.662148619711e-02       1.633517269489e+04 
       1.676905258906e-02       1.630126300202e+04 
       1.691665956024e-02       1.626578656927e+04 
       1.706430751904e-02       1.622877240639e+04 
       1.721199689547e-02       1.619026368883e+04 
       1.735972814110e-02       1.615029031056e+04 
       1.750750172905e-02       1.610889348709e+04 
       1.765531815401e-02       1.606610764682e+04 
       1.780317793224e-02       1.602196295412e+04 
       1.795108160167e-02       1.597650155039e+04 
       1.809902972191e-02       1.592975540638e+04 
       1.824702287438e-02       1.588177452999e+04 
       1.839506166243e-02       1.583256678562e+04 
       1.854314671145e-02       1.578219534767e+04 
       1.869127866901e-02       1.573066943055e+04 
       1.883945820507e-02       1.567803574209e+04 
       1.898768601211e-02       1.562432127820e+04 
       1.913596280540e-02       1.556955931636e+04 
       1.928428932318e-02       1.551377539283e+04 
       1.943266632691e-02       1.545702255592e+04 
       1.958109460153e-02       1.539929865330e+04 
       1.972957495575e-02       1.534066112309e+04 
       1.987810822232e-02       1.528112361378e+04 
       2.002669525836e-02       1.522072354570e+04 
       2.017533694568e-02       1.515948020759e+04 
       2.032403419114e-02       1.509743765672e+04 
       2.047278792699e-02       1.503460402447e+04 
       2.062159911126e-02       1.497102380701e+04 
       2.077046872818e-02       1.490671558221e+04 
       2.091939778857e-02       1.484170036143e+04 
       2.106838733027e-02       1.477602657274e+04 
       2.121743841864e-02       1.470969045115e+04 
       2.136655214695e-02       1.464273759009e+04 
       2.151572963694e-02       1.457518152446e+04 
       2.166497203930e-02       1.450706588921e+04 
       2.181428053420e-02       1.443837196476e+04 
       2.196365633183e-02       1.436916424548e+04 
       2.211310067295e-02       1.429944888740e+04 
       2.226261482951e-02       1.422925754896e+04 
       2.241220010524e-02       1.415858893499e+04 
       2.256185783627e-02       1.408749648109e+04 
       2.271158939177e-02       1.401598040210e+04 
       2.286139617463e-02       1.394406618154e+04 
       2.301127962215e-02       1.387177543750e+04 
       2.316124120676e-02       1.379913869774e+04 
       2.331128243672e-02       1.372614312356e+04 
       2.346140485691e-02       1.365284982065e+04 
       2.361161004962e-02       1.357926434252e+04 
       2.376189963533e-02       1.350537939184e+04 
       2.391227527355e-02       1.343123062014e+04 
       2.406273866370e-02       1.335684259916e+04 
       2.421329154596e-02       1.328221132293e+04 
       2.436393570222e-02       1.320740337766e+04 
       2.451467295698e-02       1.313238390342e+04 
       2.466550517836e-02       1.305720143806e+04 
       2.481643427906e-02       1.298183949855e+04 
       2.496746221744e-02       1.290634067276e+04 
       2.511859099853e-02       1.283070240707e+04 
       2.526982267516e-02       1.275495132305e+04 
       2.542115934905e-02       1.267910312089e+04 
       2.557260317204e-02       1.260316968805e+04 
       2.572415634721e-02       1.252717201673e+04 
       2.587582113016e-02       1.245108630489e+04 
       2.602759983029e-02       1.237498283566e+04 
       2.617949481206e-02       1.229883571881e+04 
       2.633150849643e-02       1.222268399579e+04 
       2.648364336215e-02       1.214649014913e+04 
       2.663590194731e-02       1.207032878479e+04 
       2.678828685071e-02       1.199416549247e+04 
       2.694080073348e-02       1.191806469685e+04 
       2.709344632062e-02       1.184197691824e+04 
       2.724622640263e-02       1.176594660741e+04 
       2.739914383718e-02       1.168997113370e+04 
       2.755220155086e-02       1.161406879047e+04 
       2.770540254097e-02       1.153825780744e+04 
       2.785874987734e-02       1.146254690546e+04 
       2.801224670426e-02       1.138691651943e+04 
       2.816589624242e-02       1.131140268854e+04 
       2.831970179097e-02       1.123602363351e+04 
       2.847366672959e-02       1.116074608674e+04 
       2.862779452069e-02       1.108561083076e+04 
       2.878208871159e-02       1.101063969929e+04 
       2.893655293688e-02       1.093581113811e+04 
       2.909119092080e-02       1.086116842641e+04 
       2.924600647966e-02       1.078667783329e+04 
       2.940100352448e-02       1.071236506117e+04 
       2.955618606354e-02       1.063816886182e+04 
       2.971155820516e-02       1.056431472866e+04 
       2.986712416051e-02       1.049056811942e+04 
       3.002288824652e-02       1.041701903464e+04 
       3.017885488891e-02       1.034371115695e+04 
       3.033502862531e-02       1.027060727937e+04 
       3.049141410849e-02       1.019774247003e+04 
       3.064801610976e-02       1.012508099195e+04 
       3.080483952235e-02       1.005267445378e+04 
       3.096188936512e-02       9.980492318322e+03 
       3.111917078618e-02       9.908583203278e+03 
       3.127668906681e-02       9.836890203210e+03 
       3.143444962548e-02       9.765491804135e+03 
       3.159245802196e-02       9.694323977438e+03 
       3.175071996163e-02       9.623416798097e+03 
       3.190924130000e-02       9.552794759789e+03 
       3.206802804728e-02       9.482462916624e+03 
       3.222708637324e-02       9.412416319254e+03 
       3.238642261222e-02       9.342586854687e+03 
       3.254604326826e-02       9.273088366569e+03 
       3.270595502056e-02       9.203862805898e+03 
       3.286616472907e-02       9.134935786578e+03 
       3.302667944031e-02       9.066275261421e+03 
       3.318750639344e-02       8.997945698608e+03 
       3.334865302653e-02       8.929914110281e+03 
       3.351012698321e-02       8.862161431495e+03 
       3.367193611940e-02       8.794740154949e+03 
       3.383408851050e-02       8.727599865608e+03 
       3.399659245873e-02       8.660801130690e+03 
       3.415945650090e-02       8.594285824740e+03 
       3.432268941644e-02       8.528102443139e+03 
       3.448630023577e-02       8.462230566387e+03 
       3.465029824906e-02       8.396664149208e+03 
       3.481469301537e-02       8.331406548151e+03 
       3.497949437214e-02       8.266487652344e+03 
       3.514471244517e-02       8.201871115894e+03 
       3.531035765899e-02       8.137612324263e+03 
       3.547644074772e-02       8.073628253127e+03 
       3.564297276641e-02       8.009989029055e+03 
       3.580996510295e-02       7.946688221503e+03 
       3.597742949040e-02       7.883690767918e+03 
       3.614537802008e-02       7.821028146299e+03 
       3.631382315509e-02       7.758683025301e+03 
       3.648277774461e-02       7.696669546254e+03 
       3.665225503882e-02       7.634946381640e+03 
       3.682226870457e-02       7.573589180166e+03 
       3.699283284175e-02       7.512593418370e+03 
       3.716396200060e-02       7.451847792251e+03 
       3.733567119972e-02       7.391468989794e+03 
       3.750797594513e-02       7.331411580838e+03 
       3.768089225021e-02       7.271628370267e+03 
       3.785443665669e-02       7.212234393785e+03 
       3.802862625676e-02       7.153127989313e+03 
       3.820347871625e-02       7.094361874906e+03 
       3.837901229917e-02       7.035896212019e+03 
       3.855524589344e-02       6.977766219010e+03 
       3.873219903808e-02       6.919960253022e+03 
       3.890989195190e-02       6.862467026358e+03 
       3.908834556368e-02       6.805278734199e+03 
       3.926758154419e-02       6.748412825450e+03 
       3.944762233985e-02       6.691844467213e+03 
       3.962849120848e-02       6.635618074211e+03 
       3.981021225694e-02       6.579689221122e+03 
       3.999281048118e-02       6.524061873761e+03 
       4.017631180842e-02       6.468729661499e+03 
       4.036074314209e-02       6.413743067463e+03 
       4.054613240929e-02       6.359025997875e+03 
       4.073250861129e-02       6.304611307277e+03 
       4.091990187712e-02       6.250520036859e+03 
       4.110834352049e-02       6.196717994897e+03 
       4.129786610037e-02       6.143193707152e+03 
       4.148850348546e-02       6.089971631748e+03 
       4.168029092285e-02       6.037035212123e+03 
       4.187326511119e-02       5.984394690597e+03 
       4.206746427879e-02       5.932056394086e+03 
       4.226292826700e-02       5.879954273508e+03 
       4.245969861926e-02       5.828170689941e+03 
       4.265781867641e-02       5.776662660258e+03 
       4.285733367866e-02       5.725414770996e+03 
       4.305829087490e-02       5.674445956244e+03 
       4.326073963985e-02       5.623741395727e+03 
       4.346473159987e-02       5.573321701806e+03 
       4.367032076815e-02       5.523143045614e+03 
       4.387756369004e-02       5.473228945466e+03 
       4.408651959963e-02       5.423572185070e+03 
       4.429725058844e-02       5.374165218148e+03 
       4.450982178742e-02       5.325023993795e+03 
       4.472430156363e-02       5.276102832956e+03 
       4.494076173283e-02       5.227428341446e+03 
       4.515927778975e-02       5.179008644658e+03 
       4.537992915761e-02       5.130819685938e+03 
       4.560279945906e-02       5.082833373645e+03 
       4.582797681054e-02       5.035123027682e+03 
       4.605555414262e-02       4.987589672343e+03 
       4.628562954916e-02       4.940286088481e+03 
       4.651830666824e-02       4.893206240377e+03 
       4.675369509851e-02       4.846334780385e+03 
       4.699191085488e-02       4.799656879159e+03 
       4.723307686803e-02       4.753191826160e+03 
       4.747732353289e-02       4.706913780727e+03 
       4.772478931179e-02       4.660803776050e+03 
       4.797562139898e-02       4.614910299910e+03 
       4.822997645396e-02       4.569178626664e+03 
       4.848802141234e-02       4.523605366890e+03 
       4.874993438404e-02       4.478223953693e+03 
       4.901590565017e-02       4.432989855559e+03 
       4.928613877187e-02       4.387896551208e+03 
       4.956085182606e-02       4.342965169041e+03 
       4.984027878576e-02       4.298164199672e+03 
       5.012467106551e-02       4.253504047325e+03 
       5.041429925544e-02       4.208958044698e+03 
       5.070945507210e-02       4.164526041388e+03 
       5.101045355856e-02       4.120201030335e+03 
       5.131763557224e-02       4.075981895241e+03 
       5.163137060592e-02       4.031846476760e+03 
       5.195205999558e-02       3.987771707159e+03 
       5.228014057923e-02       3.943787654054e+03 
       5.261608888281e-02       3.899845075047e+03 
       5.296042592477e-02       3.855941959697e+03 
       5.331372274930e-02       3.812064303355e+03 
       5.367660682084e-02       3.768225170267e+03 
       5.404976944115e-02       3.724329409212e+03 
       5.443397438476e-02       3.680461754419e+03 
       5.483006799271e-02       3.636549582798e+03 
       5.523899101899e-02       3.592571370530e+03 
       5.566179259278e-02       3.548501595979e+03 
       5.609964674668e-02       3.504325081662e+03 
       5.655387207054e-02       3.460020122606e+03 
       5.702595519030e-02       3.415540352585e+03 
       5.751757894893e-02       3.370863721074e+03 
       5.803065639267e-02       3.325929803950e+03 
       5.856737195475e-02       3.280711253306e+03 
       5.913023159531e-02       3.235140763277e+03 
       5.972212411980e-02       3.189157116701e+03 
       6.034639647757e-02       3.142679079101e+03 
       6.100694655073e-02       3.095615052354e+03 
       6.170833777993e-02       3.047856707987e+03 
       6.245594089458e-02       2.999273532307e+03 
       6.325610888494e-02       2.949683301842e+03 
       6.411639184802e-02       2.898906117219e+03 
       6.504579774777e-02       2.846648214303e+03 
       6.605510200803e-02       2.792589959927e+03 
       6.715720040759e-02       2.736274630402e+03 
       6.836748086264e-02       2.677158638334e+03 
       6.970415179836e-02       2.614480891153e+03 
       7.118839563192e-02       2.547285727686e+03 
       7.284410371661e-02       2.474362796791e+03 
       7.469680091251e-02       2.394151215242e+03 
       7.677125540386e-02       2.304887255369e+03 
       7.908739861182e-02       2.204717181692e+03 
       8.165488379017e-02       2.092124439770e+03 
       8.446799757924e-02       1.966574923964e+03 
       8.750383811064e-02       1.829201123330e+03 
       9.072586613424e-02       1.683185941819e+03 
       9.409168684146e-02       1.533520044269e+03 
       9.756112446671e-02       1.386151377923e+03 
       1.011012313015e-01       1.246874054574e+03 
       1.046876330972e-01       1.120383232079e+03 
       1.083035338299e-01       1.009747618794e+03 
       1.119378924894e-01       9.163176237382e+02 
       1.155836683200e-01       8.399209417282e+02 
       1.192364566250e-01       7.792459009445e+02 
       1.228935343454e-01       7.322038859440e+02 
       1.265532302237e-01       6.962397257073e+02 
       1.302145230151e-01       6.685857764083e+02 
       1.338767902690e-01       6.464566836983e+02 
       1.375396531286e-01       6.272272458803e+02 
       1.412028811392e-01       6.086092412818e+02 
       1.448663341169e-01       5.888068073051e+02 
       1.485299267413e-01       5.666345345759e+02 
       1.521936070227e-01       5.415674712058e+02 
       1.558573432198e-01       5.137079094384e+02 
       1.595211158951e-01       4.836706190335e+02 
       1.631849130908e-01       4.524238973167e+02 
       1.668487274011e-01       4.211011983419e+02 
       1.705125541937e-01       3.908313275101e+02 
       1.741763905305e-01       3.625978297185e+02 
       1.778402345107e-01       3.371446940596e+02 
       1.815040848726e-01       3.149349801366e+02 
       1.851679407499e-01       2.961459696661e+02 
       1.888318015242e-01       2.806987049327e+02 
       1.924956667341e-01       2.683053661514e+02 
       1.961595360197e-01       2.585212661425e+02 
       1.998234090884e-01       2.507975885939e+02 
       2.034872856938e-01       2.445369549806e+02 
       2.071511656220e-01       2.391372878780e+02 
       2.108150486834e-01       2.341331528910e+02 
       2.144789347069e-01       2.289535130830e+02 
       2.181428235365e-01       2.232101805702e+02 
       2.218067150286e-01       2.166874347331e+02 
       2.254706090504e-01       2.093210002434e+02 
       2.291345054784e-01       2.011857760386e+02 
       2.327984041972e-01       1.924681309006e+02 
       2.364623050992e-01       1.834244605899e+02 
       2.401262080832e-01       1.743444812617e+02 
       2.437901130547e-01       1.655091582769e+02 
       2.474540199246e-01       1.571656184099e+02 
       2.511179286090e-01       1.495035402358e+02 
       2.547818390292e-01       1.426459444091e+02 
       2.584457511108e-01       1.366491123288e+02 
       2.621096647835e-01       1.315054105422e+02 
       2.657735799812e-01       1.271547702182e+02 
       2.694374966412e-01       1.234947582652e+02 
       2.731014147042e-01       1.203931548333e+02 
       2.767653341142e-01       1.177016143092e+02 
       2.804292548180e-01       1.152658822633e+02 
       2.840931767652e-01       1.129405359257e+02 
       2.877570999081e-01       1.105993417553e+02 
       2.914210242012e-01       1.081437720210e+02 
       2.950849496015e-01       1.055106963545e+02 
       2.987488760679e-01       1.026735571439e+02 
       3.024128035616e-01       9.964069899361e+01 
       3.060767320453e-01       9.645130039323e+01 
       3.097406614837e-01       9.316554583584e+01 
       3.134045918432e-01       8.985735397649e+01 
       3.170685230916e-01       8.660279336911e+01 
       3.207324551983e-01       8.347302430303e+01 
       3.243963881341e-01       8.052720634981e+01 
       3.280603218710e-01       7.780733684812e+01 
       3.317242563824e-01       7.533725032648e+01 
       3.353881916426e-01       7.312198262909e+01 
       3.390521276274e-01       7.114951640579e+01 
       3.427160643133e-01       6.939403446288e+01 
       3.463800016780e-01       6.781991835469e+01 
       3.500439397000e-01       6.638573346682e+01 
       3.537078783588e-01       6.504786801829e+01 
       3.573718176348e-01       6.376484829551e+01 
       3.610357575091e-01       6.250005493546e+01 
       3.646996979634e-01       6.122430252495e+01 
       3.683636389805e-01       5.991789220386e+01 
       3.720275805436e-01       5.857066835839e+01 
       3.756915226367e-01       5.718220717117e+01 
       3.793554652443e-01       5.576011399351e+01 
       3.830194083517e-01       5.431833468844e+01 
       3.866833519444e-01       5.287492369369e+01 
       3.903472960089e-01       5.144966398306e+01 
       3.940112405318e-01       5.006229303157e+01 
       3.976751855005e-01       4.872988507218e+01 
       4.013391309027e-01       4.746604063212e+01 
       4.050030767265e-01       4.627946093084e+01 
       4.086670229607e-01       4.517386014416e+01 
       4.123309695941e-01       4.414809961296e+01 
       4.159949166162e-01       4.319650830228e+01 
       4.196588640167e-01       4.231015823081e+01 
       4.233228117859e-01       4.147792686250e+01 
       4.269867599142e-01       4.068740952186e+01 
       4.306507083923e-01       3.992646274096e+01 
       4.343146572113e-01       3.918386578144e+01 
       4.379786063628e-01       3.845038796820e+01 
       4.416425558383e-01       3.771930426252e+01 
       4.453065056299e-01       3.698659766180e+01 
       4.489704557298e-01       3.625102306623e+01 
       4.526344061304e-01       3.551351872201e+01 
       4.562983568245e-01       3.477696603468e+01 
       4.599623078050e-01       3.404563633969e+01 
       4.636262590652e-01       3.332415503684e+01 
       4.672902105984e-01       3.261757144363e+01 
       4.709541623982e-01       3.193037494068e+01 
       4.746181144584e-01       3.126626326376e+01 
       4.782820667730e-01       3.062794756728e+01 
       4.819460193363e-01       3.001683299769e+01 
       4.856099721425e-01       2.943340761471e+01 
       4.892739251861e-01       2.887672515702e+01 
       4.929378784619e-01       2.834513314935e+01 
       4.966018319647e-01       2.783623270255e+01 
       5.002657856895e-01       2.734709106781e+01 
       5.039297396314e-01       2.687470789105e+01 
       5.075936937858e-01       2.641578282376e+01 
       5.112576481479e-01       2.596748426081e+01 
       5.149216027134e-01       2.552715754450e+01 
       5.185855574780e-01       2.509284460915e+01 
       5.222495124374e-01       2.466318577173e+01 
       5.259134675876e-01       2.423744791895e+01 
       5.295774229246e-01       2.381571026028e+01 
       5.332413784445e-01       2.339831757864e+01 
       5.369053341435e-01       2.298620446561e+01 
       5.405692900181e-01       2.258064319081e+01 
       5.442332460646e-01       2.218294765699e+01 
       5.478972022796e-01       2.179451094950e+01 
       5.515611586598e-01       2.141647640800e+01 
       5.552251152017e-01       2.104973511565e+01 
       5.588890719024e-01       2.069478538924e+01 
       5.625530287585e-01       2.035170560878e+01 
       5.662169857672e-01       2.002011079826e+01 
       5.698809429254e-01       1.969944801854e+01 
       5.735449002303e-01       1.938881752335e+01 
       5.772088576791e-01       1.908703832014e+01 
       5.808728152691e-01       1.879293902521e+01 
       5.845367729975e-01       1.850534805871e+01 
       5.882007308618e-01       1.822342261085e+01 
       5.918646888595e-01       1.794624647873e+01 
       5.955286469881e-01       1.767316946189e+01 
       5.991926052452e-01       1.740394760964e+01 
       6.028565636284e-01       1.713845035629e+01 
       6.065205221354e-01       1.687676583268e+01 
       6.101844807640e-01       1.661913960723e+01 
       6.138484395121e-01       1.636584264790e+01 
       6.175123983774e-01       1.611723757273e+01 
       6.211763573580e-01       1.587362690059e+01 
       6.248403164517e-01       1.563529824512e+01 
       6.285042756566e-01       1.540243624146e+01 
       6.321682349708e-01       1.517512288588e+01 
       6.358321943923e-01       1.495333324852e+01 
       6.394961539193e-01       1.473691669453e+01 
       6.431601135500e-01       1.452572802570e+01 
       6.468240732827e-01       1.431947854981e+01 
       6.504880331155e-01       1.411793713210e+01 
       6.541519930469e-01       1.392081939121e+01 
       6.578159530751e-01       1.372777396088e+01 
       6.614799131986e-01       1.353851125731e+01 
       6.651438734157e-01       1.335270600219e+01 
       6.688078337250e-01       1.317020243889e+01 
       6.724717941248e-01       1.299077783755e+01 
       6.761357546139e-01       1.281429000555e+01 
       6.797997151906e-01       1.264064829889e+01 
       6.834636758536e-01       1.246979493213e+01 
       6.871276366015e-01       1.230178655628e+01 
       6.907915974329e-01       1.213650555117e+01 
       6.944555583465e-01       1.197408197320e+01 
       6.981195193411e-01       1.181455235810e+01 
       7.017834804153e-01       1.165800305809e+01 
       7.054474415679e-01       1.150445791277e+01 
       7.091114027977e-01       1.135391939362e+01 
       7.127753641035e-01       1.120636930729e+01 
       7.164393254842e-01       1.106175677372e+01 
