3450 7.19155744893972e-11 1.090535857923328e-06
3446.746746746747 7.295853404426584e-11 1.120585418759591e-06
3443.493493493494 7.401896303598032e-11 1.151524298961973e-06
3440.24024024024 7.509695441482078e-11 1.183379894603068e-06
3436.986986986987 7.619283241601818e-11 1.216181160914413e-06
3433.733733733734 7.730692775727235e-11 1.249958022838863e-06
3430.480480480481 7.843957821228278e-11 1.284741409284235e-06
3427.227227227228 7.959112825231671e-11 1.320563288764553e-06
3423.973973973974 8.076192864403393e-11 1.357456705985806e-06
3420.720720720721 8.195233765536191e-11 1.395455820613137e-06
3417.467467467468 8.316272161135802e-11 1.43459594643042e-06
3414.214214214215 8.439345558467562e-11 1.474913592805245e-06
3410.960960960962 8.564491851266609e-11 1.516446507287551e-06
3407.707707707708 8.691749993085566e-11 1.559233720013155e-06
3404.454454454455 8.821173827751525e-11 1.603315589541131e-06
3401.201201201202 8.952761398403564e-11 1.648733850757097e-06
3397.947947947949 9.086596515525518e-11 1.695531710392811e-06
3394.694694694695 9.222708278818779e-11 1.743753725848809e-06
3391.441441441442 9.361136617792623e-11 1.793446079363024e-06
3388.188188188189 9.501928646748535e-11 1.844656554818218e-06
3384.934934934936 9.645128203736745e-11 1.897434539866528e-06
3381.681681681683 9.790781110126798e-11 1.951831134061218e-06
3378.428428428429 9.938934143993658e-11 2.007899202846542e-06
3375.175175175176 1.008963506852207e-10 2.065693440145364e-06
3371.921921921923 1.024293264307499e-10 2.125270435672259e-06
3368.66866866867 1.039887662465773e-10 2.186688745354159e-06
3365.415415415417 1.055751777948399e-10 2.250008961853325e-06
3362.162162162163 1.071890792490718e-10 2.315293787734184e-06
3358.90890890891 1.088310003656564e-10 2.382608116710308e-06
3355.655655655657 1.105014844595317e-10 2.452019117963902e-06
3352.402402402404 1.122010909043595e-10 2.523596310376059e-06
3349.149149149151 1.139303970074661e-10 2.597411636848344e-06
3345.895895895897 1.156899175389863e-10 2.673539603937193e-06
3342.642642642644 1.174802996368392e-10 2.75205732175097e-06
3339.389389389391 1.193021271048959e-10 2.833044628251783e-06
3336.136136136138 1.211560138958943e-10 2.916584185384997e-06
3332.882882882885 1.230425847541852e-10 3.002761584369889e-06
3329.629629629631 1.249624872501025e-10 3.091665455172324e-06
3326.376376376378 1.269163686342921e-10 3.183387580192826e-06
3323.123123123125 1.289048524307597e-10 3.278023012350411e-06
3319.869869869872 1.309287629635081e-10 3.37567019837606e-06
3316.616616616619 1.329886561842038e-10 3.476431105589171e-06
3313.363363363365 1.350852918720453e-10 3.580411355522228e-06
3310.110110110112 1.372193953616505e-10 3.687720361427818e-06
3306.856856856859 1.393917186383925e-10 3.798471471825407e-06
3303.603603603606 1.416030135058508e-10 3.912782119621908e-06
3300.350350350353 1.438540592808664e-10 4.030773977161278e-06
3297.097097097099 1.461456494731505e-10 4.152573117500444e-06
3293.843843843846 1.484785949391617e-10 4.278310182076835e-06
3290.590590590593 1.508537272262968e-10 4.40812055541094e-06
3287.33733733734 1.532719012050076e-10 4.54214454413419e-06
3284.084084084086 1.557339404501619e-10 4.680527572611656e-06
3280.830830830833 1.582407771178845e-10 4.823420368310869e-06
3277.57757757758 1.607932983007308e-10 4.970979175235605e-06
3274.324324324327 1.633924279434833e-10 5.123365962125824e-06
3271.071071071074 1.660391137552409e-10 5.280748644148052e-06
3267.81781781782 1.687343121949463e-10 5.443301312703033e-06
3264.564564564567 1.714790168445264e-10 5.611204475002813e-06
3261.311311311314 1.742742362888502e-10 5.784645302166012e-06
3258.058058058061 1.771209713166584e-10 5.963817893231399e-06
3254.804804804808 1.800203644527273e-10 6.148923523779111e-06
3251.551551551554 1.829734053373786e-10 6.340170967598558e-06
3248.298298298301 1.859812254295084e-10 6.537776747924415e-06
3245.045045045048 1.890449515277849e-10 6.741965461664098e-06
3241.791791791795 1.921657357858415e-10 6.952970092055776e-06
3238.538538538542 1.953447617515394e-10 7.171032338027846e-06
3235.285285285288 1.985832178937035e-10 7.39640295742241e-06
3232.032032032035 2.018823524672149e-10 7.629342124143188e-06
3228.778778778782 2.052434199662156e-10 7.870119799890263e-06
3225.525525525529 2.086677089166104e-10 8.119016121992325e-06
3222.272272272276 2.12156568363956e-10 8.376321800312747e-06
3219.019019019022 2.157112525652359e-10 8.642338568086991e-06
3215.765765765769 2.193332337900509e-10 8.917379558541387e-06
3212.512512512516 2.230238910210068e-10 9.201769821619627e-06
3209.259259259263 2.267846667646055e-10 9.495846768644702e-06
3206.00600600601 2.306170321655014e-10 9.799960672370644e-06
3202.752752752756 2.345224972595538e-10 1.011447518387097e-05
3199.499499499503 2.385026244253666e-10 1.043976786672903e-05
3196.24624624625 2.425589815148319e-10 1.077623076114142e-05
3192.992992992997 2.466931758629775e-10 1.112427096118815e-05
3189.739739739744 2.509068894015679e-10 1.148431122518188e-05
3186.48648648649 2.552017528971214e-10 1.185679061749393e-05
3183.233233233237 2.595795597727244e-10 1.224216514642229e-05
3179.979979979984 2.640420616090496e-10 1.264090847490207e-05
3176.726726726731 2.685910719060324e-10 1.305351262635884e-05
3173.473473473477 2.73228441061853e-10 1.348048873350107e-05
3170.220220220224 2.779560700115998e-10 1.392236781872471e-05
3166.966966966971 2.827759258973076e-10 1.437970159994822e-05
3163.713713713718 2.876900550280973e-10 1.485306334919598e-05
3160.460460460465 2.927002527400228e-10 1.534304879528031e-05
3157.207207207211 2.978088492941064e-10 1.585027695615549e-05
3153.953953953958 3.030179110056013e-10 1.637539121055451e-05
3150.700700700705 3.083295851547166e-10 1.691906023802303e-05
3147.447447447452 3.137461390279271e-10 1.748197907169862e-05
3144.194194194199 3.192698854091738e-10 1.806487019391015e-05
3140.940940940945 3.249030998575713e-10 1.866848466519645e-05
3137.687687687692 3.306482386870454e-10 1.929360331407442e-05
3134.434434434439 3.365077424520476e-10 1.994103796852653e-05
3131.181181181186 3.424841198779587e-10 2.061163276124617e-05
3127.927927927933 3.485799715011018e-10 2.130626540900295e-05
3124.674674674679 3.547979124620289e-10 2.202584869263558e-05
3121.421421421426 3.611406530836614e-10 2.277133193405986e-05
3118.168168168173 3.676109610432295e-10 2.354370242660777e-05
3114.91491491492 3.742116709708294e-10 2.434398708934591e-05
3111.661661661667 3.809456963546791e-10 2.517325411976829e-05
3108.408408408413 3.878159805599785e-10 2.603261473114043e-05
3105.15515515516 3.948254500953348e-10 2.692322497831572e-05
3101.901901901907 4.019776656607012e-10 2.784628747754622e-05
3098.648648648654 4.092753734685779e-10 2.880305390768735e-05
3095.395395395401 4.167219985097828e-10 2.979482600402895e-05
3092.142142142147 4.24320893766172e-10 3.082295890199494e-05
3088.888888888894 4.320755032108668e-10 3.188886270364031e-05
3085.635635635641 4.399893395300663e-10 3.2994004883686e-05
3082.382382382388 4.480660228063839e-10 3.413991282452802e-05
3079.129129129135 4.56309242159317e-10 3.53281762741771e-05
3075.875875875881 4.647227902036197e-10 3.656045003632628e-05
3072.622622622628 4.733105932790817e-10 3.783845678178921e-05
3069.369369369375 4.820765031902899e-10 3.916398960672077e-05
3066.116116116122 4.910247273277033e-10 4.053891566154782e-05
3062.862862862868 5.001594194802722e-10 4.196517869887413e-05
3059.609609609615 5.094848179157814e-10 4.344480256830724e-05
3056.356356356362 5.190053528655217e-10 4.497989465308763e-05
3053.103103103109 5.287255395440539e-10 4.657264935472581e-05
3049.849849849856 5.38649965759927e-10 4.822535182523549e-05
3046.596596596602 5.487833730093616e-10 4.994038182450712e-05
3043.343343343349 5.591306127910062e-10 5.172021773781652e-05
3040.090090090096 5.69696659220175e-10 5.356744077315004e-05
3036.836836836843 5.80486622267697e-10 5.548473931482009e-05
3033.58358358359 5.915057552953935e-10 5.747491349750962e-05
3030.330330330336 6.027592895077776e-10 5.954087998003351e-05
3027.077077077083 6.142528749390259e-10 6.168567671800201e-05
3023.82382382383 6.259920972101519e-10 6.391246829924531e-05
3020.570570570577 6.379827397902663e-10 6.622455120279262e-05
3017.317317317324 6.502307342964739e-10 6.86253593327595e-05
3014.06406406407 6.627421645809175e-10 7.111846985357172e-05
3010.810810810817 6.755232709358089e-10 7.370760916810435e-05
3007.557557557564 6.88580454431389e-10 7.639665917492134e-05
3004.304304304311 7.019202813714265e-10 7.918966381449451e-05
3001.051051051058 7.155494878797718e-10 8.209083576484807e-05
2997.797797797804 7.294749846347196e-10 8.510456332795362e-05
2994.544544544551 7.43703861740638e-10 8.823541770148123e-05
2991.291291291298 7.582433937133443e-10 9.148816094380916e-05
2988.038038038045 7.731010447238882e-10 9.48677538506805e-05
2984.784784784792 7.882844740602355e-10 9.837936210906288e-05
2981.531531531538 8.038015414307834e-10 0.0001020283656014763
2978.278278278285 8.196603111128475e-10 0.0001058203714953704
2975.025025025032 8.358690641491346e-10 0.0001097612169015036
2971.771771771779 8.524363008990543e-10 0.0001138569748123721
2968.518518518526 8.693707022744536e-10 0.0001181139789595466
2965.265265265272 8.866812661223665e-10 0.0001225388205736656
2962.012012012019 9.043771589744517e-10 0.0001271383547753648
2958.758758758766 9.224678116220454e-10 0.0001319197239564653
2955.505505505513 9.4096298430729e-10 0.0001368903624339301
2952.252252252259 9.598723754993427e-10 0.0001420580027635257
2948.998998999006 9.792064279200872e-10 0.0001474306925941198
2945.745745745753 9.989755374747629e-10 0.0001530168049545241
2942.4924924925 1.019190457072836e-09 0.0001588250465952246
2939.239239239247 1.03986224150485e-09 0.0001648644719184457
2935.985985985993 1.061002226368857e-09 0.000171144495248392
2932.73273273274 1.082622030503477e-09 0.0001776749007615167
2929.479479479487 1.104733607226248e-09 0.000184465854685424
2926.226226226234 1.127349318667044e-09 0.0001915279184141546
2922.972972972981 1.150482007808527e-09 0.0001988720597998711
2919.719719719727 1.174143961464444e-09 0.0002065096623932032
2916.466466466474 1.198349051653073e-09 0.0002144525406119143
2913.213213213221 1.223110798335183e-09 0.0002227129505251616
2909.959959959968 1.248443248644136e-09 0.0002313035980308613
2906.706706706715 1.274360837189764e-09 0.0002402376510477141
2903.453453453461 1.300878394521604e-09 0.0002495287511478544
2900.200200200208 1.328011144309057e-09 0.0002591910212766635
2896.946946946955 1.35577470611415e-09 0.0002692390738532816
2893.693693693702 1.384185159094676e-09 0.0002796880207035382
2890.440440440449 1.413259135059136e-09 0.0002905534799040402
2887.187187187195 1.443013910670724e-09 0.0003018515803648517
2883.933933933942 1.473466112727845e-09 0.0003135989654479773
2880.680680680689 1.504634357912416e-09 0.0003258128000190565
2877.427427427436 1.536536845603111e-09 0.0003385107717426815
2874.174174174183 1.569192604915772e-09 0.000351711087844741
2870.920920920929 1.602621103240698e-09 0.0003654324745826941
2867.667667667676 1.636842353354217e-09 0.000379694176202286
2864.414414414423 1.67187697765904e-09 0.0003945159480434005
2861.16116116117 1.707746048976773e-09 0.0004099180463457196
2857.907907907917 1.744471568704192e-09 0.0004259212188685714
2854.654654654663 1.782075687940507e-09 0.0004425466935849486
2851.40140140141 1.820581499321918e-09 0.0004598161618404945
2848.148148148157 1.86001266953653e-09 0.0004777517580365242
2844.894894894904 1.900393499814619e-09 0.0004963760388677722
2841.64164164165 1.94174906388402e-09 0.000515711960410994
2838.388388388397 1.984105285890009e-09 0.0005357828494672439
2835.135135135144 2.02748822585467e-09 0.000556612371410437
2831.881881881891 2.071925440574408e-09 0.0005782244973039003
2828.628628628638 2.117444866800282e-09 0.0006006434682059317
2825.375375375384 2.164075334102599e-09 0.0006238937542316804
2822.122122122131 2.211846613729724e-09 0.0006480000103716653
2818.868868868878 2.260788847178229e-09 0.0006729870316080665
2815.615615615625 2.310933808468752e-09 0.0006988797058754463
2812.362362362372 2.362313675555215e-09 0.0007257029625577662
2809.109109109118 2.41496171606309e-09 0.0007534817181268177
2805.855855855865 2.468912076725221e-09 0.0007822408214845565
2802.602602602612 2.524200046764865e-09 0.0008120049983923476
2799.349349349359 2.580861804643728e-09 0.0008427980013026899
2796.096096096106 2.638934719657618e-09 0.0008746399660581074
2792.842842842852 2.698457272654797e-09 0.0009075514224093628
2789.589589589599 2.759468869688656e-09 0.0009415575072267393
2786.336336336346 2.822009857301871e-09 0.0009766847750573148
2783.083083083093 2.886122986171834e-09 0.001012956006388108
2779.82982982984 2.951850782083682e-09 0.001050391010534601
2776.576576576586 3.019237801164748e-09 0.001089010748010245
2773.323323323333 3.088329886748366e-09 0.00112883756311744
2770.07007007008 3.159174073494941e-09 0.001169891936906839
2766.816816816827 3.231819046932002e-09 0.001212191546211512
2763.563563563574 3.306314421715273e-09 0.001255753604731033
2760.31031031032 3.382712025702363e-09 0.001300596121823891
2757.057057057067 3.461064888262743e-09 0.001346736288779784
2753.803803803814 3.541427541577439e-09 0.001394189022590334
2750.550550550561 3.623856375146394e-09 0.001442967818572415
2747.297297297308 3.708409278030927e-09 0.001493086059445854
2744.044044044054 3.795146137753823e-09 0.001544556633346079
2740.790790790801 3.88412851554253e-09 0.001597390770923186
2737.537537537548 3.975419894374723e-09 0.00165159800910073
2734.284284284295 4.069085701126787e-09 0.001707187060378666
2731.031031031041 4.165193349433533e-09 0.001764166048094683
2727.777777777788 4.263812352238859e-09 0.001822541879092418
2724.524524524535 4.365014456411681e-09 0.001882319891967806
2721.271271271282 4.468873718457538e-09 0.001943504268391344
2718.018018018029 4.57546545768315e-09 0.002006098443336101
2714.764764764775 4.684869056359992e-09 0.00207010492583205
2711.511511511522 4.797165202691387e-09 0.002135524958733041
2708.258258258269 4.912437335320129e-09 0.002202358587718018
2705.005005005016 5.030771729769174e-09 0.002270604968459371
2701.751751751763 5.152256966392022e-09 0.002340262429921717
2698.498498498509 5.27698485483193e-09 0.002411328293206976
2695.245245245256 5.405049712796808e-09 0.002483798813788388
2691.991991992003 5.536548992012864e-09 0.002557669348552316
2688.73873873875 5.671583510458922e-09 0.002632934483600375
2685.485485485497 5.810256525125323e-09 0.002709587950359955
2682.232232232243 5.952675410154491e-09 0.00278762250861566
2678.97897897899 6.098950451790746e-09 0.002867029997150701
2675.725725725737 6.249195757616049e-09 0.002947801474207518
2672.472472472484 6.403528780791187e-09 0.003029927267545088
2669.219219219231 6.562070986723433e-09 0.003113396937185284
2665.965965965977 6.724947658853618e-09 0.003198199284462625
2662.712712712724 6.89228780510924e-09 0.003284322439865514
2659.459459459471 7.064225358762484e-09 0.003371753937679228
2656.206206206218 7.240897962231429e-09 0.003460480726567131
2652.952952952965 7.422447727993228e-09 0.003550489196516609
2649.699699699711 7.609021746687368e-09 0.003641765345298821
2646.446446446458 7.800771634994925e-09 0.003734294993471285
2643.193193193205 7.997853219993787e-09 0.003828063871292156
2639.939939939952 8.200430669921697e-09 0.00392305758685613
2636.686686686699 8.408668592720321e-09 0.004019261625290171
2633.433433433445 8.622740456371042e-09 0.004116661431626581
2630.180180180192 8.842824417703116e-09 0.004215242489482665
2626.926926926939 9.069104509791473e-09 0.004314990332676319
2623.673673673686 9.301771095142431e-09 0.004415890541931422
2620.420420420432 9.541020687271647e-09 0.004517928787441695
2617.167167167179 9.787055811003206e-09 0.004621090843779319
2613.913913913926 1.004008680651464e-08 0.004725362365725429
2610.660660660673 1.030033110839148e-08 0.004830728561561834
2607.40740740742 1.056801167555417e-08 0.004937174093938215
2604.154154154166 1.084336055991351e-08 0.005044683222059985
2600.900900900913 1.112661713494863e-08 0.005153239913362558
2597.64764764766 1.141802876032654e-08 0.005262827796335432
2594.394394394407 1.171785167343165e-08 0.005373430100475436
2591.141141141154 1.202635031150919e-08 0.005485029711585322
2587.8878878879 1.234379657667341e-08 0.005597609266503302
2584.634634634647 1.267047731442686e-08 0.005711151170025695
2581.381381381394 1.300668116090826e-08 0.005825637617552295
2578.128128128141 1.335271178945937e-08 0.005941050936738209
2574.874874874888 1.370888227910387e-08 0.00605737409721586
2571.621621621634 1.407551599138353e-08 0.006174590924934735
2568.368368368381 1.445294761737456e-08 0.006292685963041072
2565.115115115128 1.484152421135432e-08 0.00641164435514215
2561.861861861875 1.524160194657229e-08 0.006531451949266995
2558.608608608622 1.565355345699529e-08 0.00665209542956384
2555.355355355368 1.607776153156099e-08 0.006773562287295494
2552.102102102115 1.651462324799666e-08 0.006895840725896142
2548.848848848862 1.696454905918185e-08 0.007018919668725663
2545.595595595609 1.742796421454917e-08 0.007142788800389458
2542.342342342356 1.790530877128945e-08 0.007267438331198833
2539.089089089102 1.839703782463733e-08 0.007392858582894756
2535.835835835849 1.890362338081331e-08 0.007519039811438715
2532.582582582596 1.942555395801857e-08 0.0076459723426162
2529.329329329343 1.996333401542515e-08 0.007773646701254523
2526.07607607609 2.051748715141174e-08 0.007902053543222631
2522.822822822836 2.108855608447723e-08 0.008031183550515845
2519.569569569583 2.167710190711333e-08 0.008161027384965477
2516.31631631633 2.228370625616808e-08 0.008291576126301048
2513.063063063077 2.290897129839791e-08 0.008422820743199499
2509.809809809823 2.35535204794748e-08 0.008554752393804974
2506.55655655657 2.421800171696865e-08 0.008687362596408427
2503.303303303317 2.490308385118757e-08 0.008820643379306381
2500.050050050064 2.560946069152196e-08 0.00895458735171685
2496.796796796811 2.633785205044307e-08 0.009089187730093359
2493.543543543557 2.70890048628242e-08 0.009224438314880304
2490.290290290304 2.786368567379267e-08 0.009360333467633486
2487.037037037051 2.866270128071443e-08 0.009496868112505982
2483.783783783798 2.948688019617043e-08 0.009634037746431331
2480.530530530545 3.033708253687613e-08 0.00977183844497044
2477.277277277291 3.12142002603753e-08 0.009910266853499564
2474.024024024038 3.211915926266967e-08 0.01004932016649342
2470.770770770785 3.305291835347382e-08 0.01018899604876866
2467.517517517532 3.40164726965464e-08 0.01032929251994126
2464.264264264279 3.501085420489842e-08 0.0104702078944334
2461.011011011025 3.603713214389424e-08 0.01061174080158089
2457.757757757772 3.709641790886621e-08 0.01075389021509475
2454.504504504519 3.818986515151344e-08 0.01089665543855035
2451.251251251266 3.931866611950417e-08 0.01104003607578459
2447.997997998013 4.048406178214493e-08 0.01118403203052824
2444.744744744759 4.168733998621955e-08 0.01132864352574468
2441.491491491506 4.292983536422186e-08 0.01147387110595301
2438.238238238253 4.421293422577584e-08 0.01161971562472508
2434.984984985 4.553807604817198e-08 0.01176617826910674
2431.731731731747 4.690675411786749e-08 0.01191326061826058
2428.478478478493 4.832051883855311e-08 0.01206096467378288
2425.22522522524 4.978098132025764e-08 0.01220929284121609
2421.971971971987 5.128981647431047e-08 0.01235824790891778
2418.718718718734 5.284874978504506e-08 0.01250783305149708
2415.465465465481 5.445959527996552e-08 0.01265805184409659
2412.212212212227 5.612422266687733e-08 0.01280890826085807
2408.958958958974 5.784457725956048e-08 0.01296040665948595
2405.705705705721 5.96226800935988e-08 0.01311255177353018
2402.452452452468 6.146063150427056e-08 0.01326534872316007
2399.199199199214 6.336061506239119e-08 0.01341880305947951
2395.945945945961 6.532489334073407e-08 0.01357292082083961
2392.692692692708 6.735582742338148e-08 0.01372770855700486
2389.439439439455 6.945586477269704e-08 0.01388317331696003
2386.186186186202 7.162755154164628e-08 0.01403932263678381
2382.932932932948 7.387353402082254e-08 0.01419616454718887
2379.679679679695 7.619656359906545e-08 0.01435370758521171
2376.426426426442 7.859950122170491e-08 0.01451196079236895
2373.173173173189 8.108532134285349e-08 0.01467093370490417
2369.919919919936 8.365711773520205e-08 0.01483063635219606
2366.666666666682 8.631810967298491e-08 0.01499107925581758
2363.413413413429 8.907163879231993e-08 0.01515227334966528
2360.160160160176 9.192119396976097e-08 0.01531422983518602
2356.906906906923 9.487039248297641e-08 0.01547696009672847
2353.65365365367 9.792300427180988e-08 0.01564047572792177
2350.400400400416 1.010829510807387e-07 0.01580478857742199
2347.147147147163 1.04354314466046e-07 0.01596991073519567
2343.89389389391 1.077413415303001e-07 0.01613585449574731
2340.640640640657 1.112484531068522e-07 0.01630263236122682
2337.387387387404 1.148802543258915e-07 0.01647025707186582
2334.13413413415 1.186415440608245e-07 0.01663874161374886
2330.880880880897 1.225372860910842e-07 0.01680809920934334
2327.627627627644 1.265727010809114e-07 0.01697834338803265
2324.374374374391 1.307531924976938e-07 0.01714948813882265
2321.121121121138 1.350843956822382e-07 0.01732154800850409
2317.867867867884 1.395721799415444e-07 0.01749453808221878
2314.614614614631 1.442226593306628e-07 0.01766847393727055
2311.361361361378 1.490422090285851e-07 0.01784337166017984
2308.108108108125 1.540374655014846e-07 0.01801924789736453
2304.854854854872 1.592153425914789e-07 0.01819611986773614
2301.601601601618 1.645830542652822e-07 0.01837400533825125
2298.348348348365 1.701481179609489e-07 0.01855292261899197
2295.095095095112 1.75918360439295e-07 0.01873289058584685
2291.841841841859 1.819019502937342e-07 0.01891392863682681
2288.588588588605 1.881074038315381e-07 0.01909605656815948
2285.335335335352 1.945435957750243e-07 0.01927929449462659
2282.082082082099 2.012197853596199e-07 0.0194636628778903
2278.828828828846 2.081456318188363e-07 0.01964918258036274
2275.575575575593 2.153312064429174e-07 0.01983587486205731
2272.322322322339 2.227870171834395e-07 0.02002376135285792
2269.069069069086 2.305240269165132e-07 0.02021286405617669
2265.815815815833 2.38553673689081e-07 0.02040320538416678
2262.56256256258 2.46887895893325e-07 0.02059480818048309
2259.309309309327 2.555391588700377e-07 0.02078769571926938
2256.056056056073 2.645204436035123e-07 0.02098189175792083
2252.80280280282 2.738453470861476e-07 0.02117742066595174
2249.549549549567 2.835280332188584e-07 0.02137430752578316
2246.296296296314 2.935832984288951e-07 0.02157257813752966
2243.043043043061 3.040265971416474e-07 0.02177225898868794
2239.789789789807 3.148740632700665e-07 0.02197337727188229
2236.536536536554 3.261425481882994e-07 0.02217596093830515
2233.283283283301 3.378496704810678e-07 0.02238003872428674
2230.030030030048 3.500138157115905e-07 0.0225856401453609
2226.776776776795 3.626541961931813e-07 0.02279279550405448
2223.523523523541 3.757909130964623e-07 0.0230015359184791
2220.270270270288 3.894449283159053e-07 0.02321189324873806
2217.017017017035 4.036381953973583e-07 0.02342389990311324
2213.763763763782 4.183936484062166e-07 0.02363758870883158
2210.510510510529 4.337352512340822e-07 0.02385299294988336
2207.257257257275 4.496880731043429e-07 0.02407014644375917
2204.004004004022 4.662783259892244e-07 0.02428908354091505
2200.750750750769 4.835334131321702e-07 0.02450983908195017
2197.497497497516 5.01482026802617e-07 0.0247324484016631
2194.244244244263 5.201541535376789e-07 0.02495694737932276
2190.990990991009 5.395811544006288e-07 0.02518337246904068
2187.737737737756 5.597958804829637e-07 0.02541176069170451
2184.484484484503 5.808326942252248e-07 0.02564214968482351
2181.23123123125 6.027275390227787e-07 0.02587457785400763
2177.977977977996 6.25518058849529e-07 0.02610908449606401
2174.724724724743 6.492436575740126e-07 0.02634570980459452
2171.47147147149 6.739455834068694e-07 0.02658449483395313
2168.218218218237 6.996670318669539e-07 0.02682548152225648
2164.964964964984 7.264532376301442e-07 0.02706871275087149
2161.71171171173 7.543515724007013e-07 0.02731423236451981
2158.458458458477 7.834116691991936e-07 0.02756208515674998
2155.205205205224 8.136855209151812e-07 0.02781231687770429
2151.951951951971 8.452275790977867e-07 0.02806497426876603
2148.698698698718 8.780949337293229e-07 0.02832010505569812
2145.445445445464 9.123474152653496e-07 0.02857775787804977
2142.192192192211 9.480477118018445e-07 0.02883798223345744
2138.938938938958 9.852615549884925e-07 0.02910082849129706
2135.685685685705 1.024057855426986e-06 0.02936634793452322
2132.432432432452 1.064508865631825e-06 0.02963459276767585
2129.179179179198 1.106690367075774e-06 0.02990561609071068
2125.925925925945 1.150681847318203e-06 0.03017947188339019
2122.672672672692 1.196566636032111e-06 0.03045621502427007
2119.419419419439 1.244432210971607e-06 0.0307359012970728
2116.166166166186 1.294370356748829e-06 0.03101858737114797
2112.912912912932 1.346477351128864e-06 0.03130433079102534
2109.659659659679 1.400854263539686e-06 0.03159318998850894
2106.406406406426 1.457607197611912e-06 0.03188522428367142
2103.153153153173 1.516847488983934e-06 0.03218049385417166
2099.89989989992 1.578692088680063e-06 0.03247905970197797
2096.646646646666 1.643263798502183e-06 0.03278098363848389
2093.393393393413 1.710691545240927e-06 0.03308632826330574
2090.14014014016 1.781110797978405e-06 0.03339515691927857
2086.886886886907 1.854663975418421e-06 0.03370753364208556
2083.633633633654 1.931500222557772e-06 0.03402352310605038
2080.3803803804 2.011776983340979e-06 0.03434319058268064
2077.127127127147 2.095659250562336e-06 0.03466660198367003
2073.873873873894 2.183320569543734e-06 0.03499382400815244
2070.620620620641 2.274943363981968e-06 0.03532492423106223
2067.367367367387 2.37071946041751e-06 0.03565997102848923
2064.114114114134 2.470850553578886e-06 0.03599903344862684
2060.860860860881 2.575548760135671e-06 0.03634218115737031
2057.607607607628 2.685037206751659e-06 0.03668948438512144
2054.354354354375 2.799550606224456e-06 0.03704101382530056
2051.101101101121 2.91933594904943e-06 0.03739684051916467
2047.847847847868 3.044653100667805e-06 0.03775703572407297
2044.594594594615 3.1757755714229e-06 0.03812167078289478
2041.341341341362 3.312991270345117e-06 0.03849081698966402
2038.088088088109 3.4566032979943e-06 0.03886454541941212
2034.834834834855 3.606930785784351e-06 0.03924292672145456
2031.581581581602 3.764309828411588e-06 0.03962603091933639
2028.328328328349 3.929094392158757e-06 0.0400139272249137
2025.075075075096 4.10165737036273e-06 0.04040668383289348
2021.821821821843 4.282391635481983e-06 0.04080436768902979
2018.568568568589 4.471711132212957e-06 0.04120704424908686
2015.315315315336 4.670052133366195e-06 0.04161477722191763
2012.062062062083 4.877874463135016e-06 0.04202762827242703
2008.80880880883 5.095663140375852e-06 0.04244565670850119
2005.555555555577 5.323929123699241e-06 0.04286891929148827
2002.302302302323 5.563211559351905e-06 0.04329747022236239
1999.04904904907 5.814079037676595e-06 0.04373136104751549
1995.795795795817 6.077131345912894e-06 0.04417064028066783
1992.542542542564 6.353001332334579e-06 0.04461535291095621
1989.289289289311 6.642356801086573e-06 0.04506554000151147
1986.036036036057 6.945902581192609e-06 0.04552123833342786
1982.782782782804 7.264382665016745e-06 0.0459824799902016
1979.529529529551 7.598582640733664e-06 0.04644929184313317
1976.276276276298 7.949332024686588e-06 0.046921694952005
1973.023023023045 8.317506838879553e-06 0.04739970404953205
1969.769769769791 8.70403256518068e-06 0.04788332701967515
1966.516516516538 9.109887010416994e-06 0.04837256429388019
1963.263263263285 9.536103364821441e-06 0.04886740820831303
1960.010010010032 9.983773700060639e-06 0.04936784237963743
1956.756756756778 1.045405246513387e-05 0.04987384115461865
1953.503503503525 1.094816017343545e-05 0.05038536867646539
1950.250250250272 1.146738766815578e-05 0.05090237806896036
1946.996996997019 1.201310016057523e-05 0.05142481083203171
1943.743743743766 1.258674198571374e-05 0.05195259612141019
1940.490490490512 1.318984146161684e-05 0.0524856497741615
1937.237237237259 1.382401598317599e-05 0.05302387334077945
1933.983983984006 1.449097765419504e-05 0.05356715322668011
1930.730730730753 1.519253929147762e-05 0.05411536008021606
1927.4774774775 1.593062054635438e-05 0.05466834780849575
1924.224224224246 1.670725457796947e-05 0.05522595259297466
1920.970970970993 1.752459553556409e-05 0.05578799194374286
1917.71771771774 1.838492602912625e-05 0.05635426369129758
1914.464464464487 1.929066529573656e-05 0.05692454491085584
1911.211211211234 2.02443780737925e-05 0.057498591049822
1907.95795795798 2.124878392854206e-05 0.05807613471799025
1904.704704704727 2.230676700063565e-05 0.05865688468073741
1901.451451451474 2.342138703864015e-05 0.05924052508022414
1898.198198198221 2.459589067237376e-05 0.05982671435637249
1894.944944944968 2.583372356333335e-05 0.0604150842706328
1891.691691691714 2.713854371146161e-05 0.06100523895071445
1888.438438438461 2.851423513487488e-05 0.06159675434272341
1885.185185185208 2.99649230432609e-05 0.06218917759091509
1881.931931931955 3.149498994933803e-05 0.06278202613105709
1878.678678678702 3.310909269974513e-05 0.06337478698567334
1875.425425425448 3.481218103745761e-05 0.06396691637281368
1872.172172172195 3.660951718792815e-05 0.06455783964757728
1868.918918918942 3.850669710061166e-05 0.06514695141343463
1865.665665665689 4.05096731569942e-05 0.06573361564129944
1862.412412412436 4.262477843178896e-05 0.0663171658175927
1859.159159159182 4.485875265776413e-05 0.0668969056218514
1855.905905905929 4.721877022858152e-05 0.06747211013109453
1852.652652652676 4.971247028935085e-05 0.06804202727539757
1849.399399399423 5.234798878152406e-05 0.06860587946917704
1846.146146146169 5.513399286631333e-05 0.0691628655254985
1842.892892892916 5.80797184048747e-05 0.06971216328131727
1839.639639639663 6.119500824239547e-05 0.07025293280194479
1836.38638638641 6.449035643777817e-05 0.07078431994891782
1833.133133133157 6.797695293670746e-05 0.07130546047917637
1829.879879879903 7.166673254389155e-05 0.07181548482967741
1826.62662662665 7.557242752779379e-05 0.07231352336094317
1823.373373373397 7.970762359169675e-05 0.07279871177764125
1820.120120120144 8.40868215183876e-05 0.0732701974025486
1816.866866866891 8.872549855359512e-05 0.07372714652441346
1813.613613613637 9.364018098653718e-05 0.07416875268924533
1810.360360360384 9.884851589873066e-05 0.07459424546958721
1807.107107107131 0.0001043693511404751 0.07500289935515164
1803.853853853878 0.0001102228200979273 0.07539404310466308
1800.600600600625 0.0001164304325566214 0.07576706954951931
1797.347347347371 0.0001230151715159006 0.07612144557215032
1794.094094094118 0.0001300015972455365 0.07645672189840109
1790.840840840865 0.0001374159590564952 0.07677254211420108
1787.587587587612 0.0001452863145677229 0.07706865060413744
1784.334334334359 0.000153642656718277 0.07734490024376788
1781.081081081105 0.0001625170509130453 0.07760126023440894
1777.827827827852 0.0001719437811784987 0.07783782299477961
1774.574574574599 0.0001819595072697291 0.07805480875538945
1771.321321321346 0.0001926034336262277 0.07825256751309995
1768.068068068093 0.0002039174912730179 0.07843157871444001
1764.814814814839 0.0002159465321383258 0.07859244856252126
1761.561561561586 0.0002287385410766516 0.07873590450507047
1758.308308308333 0.000242344862881061 0.07886278628248895
1755.05505505508 0.0002568204481078893 0.07897403384500101
1751.801801801827 0.000272224119389491 0.07907067265832271
1748.548548548573 0.0002886188600858794 0.07915379631515931
1745.29529529532 0.0003060721219977559 0.07922454887390667
1742.042042042067 0.0003246561679192374 0.07928410536397089
1738.788788788814 0.0003444484379242173 0.07933364960637702
1735.53553553556 0.0003655319419581664 0.07937435111161843
1732.282282282307 0.0003879956939998499 0.07940734698835711
1729.029029029054 0.0004119351745556769 0.07943372260947625
1725.775775775801 0.0004374528342414627 0.07945449422383682
1722.522522522548 0.0004646586353101058 0.07947059715500862
1719.269269269294 0.0004936706376688886 0.07948287390942806
1716.016016016041 0.0005246156294560212 0.07949207160775873
1712.762762762788 0.0005576298057018375 0.07949883484042726
1709.509509509535 0.000592859500686023 0.07950370996056144
1706.256256256282 0.0006304619746280051 0.07950715362542682
1703.003003003028 0.0006706062619030694 0.07950953305066902
1699.749749749775 0.0007134740844433465 0.07951113978521138
1696.496496496522 0.0007592608362132318 0.07951219888331799
1693.243243243269 0.0008081766444278333 0.07951287940643108
1689.989989990016 0.0008604475149228576 0.07951330510671119
1686.736736736762 0.0009163165680221168 0.0795135640202566
1683.483483483509 0.0009760453723351431 0.07951371689875841
1680.230230230256 0.001039915384861245 0.07951380441507847
1676.976976977003 0.001108229504781073 0.07951385291754935
1673.72372372375 0.00118131374983352 0.07951387890106928
1670.470470470496 0.001259519064001961 0.0795138923394709
1667.217217217243 0.00134322326546944 0.07951389904114578
1663.96396396399 0.001432833144978864 0.07951390226029335
1660.710710710737 0.001528786723403476 0.07951390374995795
1657.457457457484 0.001631555679610986 0.07951390441536874
1654.20420420423 0.001741647958859186 0.07951390470415429
1650.950950950977 0.001859610572367111 0.07951390482797507
1647.697697697724 0.001986032598126069 0.07951390488237617
1644.444444444471 0.002121548393947549 0.07951390490850492
1641.191191191218 0.002266840998273037 0.07951390490850492
1637.937937937964 0.002422645895084403 0.07951390490850492
1634.684684684711 0.002589754976437508 0.07951390490850492
1631.431431431458 0.002769020095698244 0.07951390490850492
1628.178178178205 0.002961358415373983 0.07951390490850492
1624.924924924951 0.003167756418522229 0.07951390490850492
1621.671671671698 0.003389274903136153 0.07951390490850492
1618.418418418445 0.003627054185722776 0.07951390490850492
1615.165165165192 0.003882319450990354 0.07951390490850492
1611.911911911939 0.004156386284573231 0.07951390490850492
1608.658658658685 0.004450666405776819 0.07951390490850492
1605.405405405432 0.004766673542265454 0.07951390490850492
1602.152152152179 0.005106029453274037 0.07951390490850492
1598.898898898926 0.005470469907253835 0.07951390490850492
1595.645645645673 0.005861850398353025 0.07951390490850492
1592.392392392419 0.006282152035229737 0.07951390490850492
1589.139139139166 0.006733487488279323 0.07951390490850492
1585.885885885913 0.007218106136771904 0.07951390490850492
1582.63263263266 0.00773839720187807 0.07951390490850492
1579.379379379407 0.008296895300173029 0.07951390490850492
1576.126126126153 0.008896283724522232 0.07951390490850492
1572.8728728729 0.009539394943007797 0.07951390490850492
1569.619619619647 0.01022921153478084 0.07951390490850492
1566.366366366394 0.0109688666231275 0.07951390490850492
1563.113113113141 0.01176164045116968 0.07951390490850492
1559.859859859887 0.0126109552092836 0.07951390490850492
1556.606606606634 0.01352036945151629 0.07951390490850492
1553.353353353381 0.01449356954742634 0.07951390490850492
1550.100100100128 0.015534357914389 0.07951390490850492
1546.846846846875 0.01664663943239597 0.07951390490850492
1543.593593593621 0.01783440606914692 0.07951390490850492
1540.340340340368 0.01910171913159723 0.07951390490850492
1537.087087087115 0.02045268830018247 0.07951390490850492
1533.833833833862 0.02189144964912183 0.07951390490850492
1530.580580580609 0.02342214320915513 0.07951390490850492
1527.327327327355 0.0250488881904028 0.07951390490850492
1524.074074074102 0.02677575667092224 0.07951390490850492
1520.820820820849 0.02860674815124707 0.07951390490850492
1517.567567567596 0.03054576527156458 0.07951390490850492
1514.314314314342 0.03259658942577628 0.07951390490850492
1511.061061061089 0.03476285645383346 0.07951390490850492
1507.807807807836 0.03704803452181157 0.07951390490850492
1504.554554554583 0.03945540527391193 0.07951390490850492
1501.30130130133 0.04198804630642718 0.07951390490850492
1498.048048048076 0.04464881465672417 0.07951390490850492
1494.794794794823 0.04744033053037876 0.07951390490850492
1491.54154154157 0.0503649756492616 0.07951390490850492
1488.288288288317 0.05342488369777706 0.07951390490850492
1485.035035035064 0.05662192560508934 0.07951390490850492
1481.78178178181 0.05995770642680067 0.07951390490850492
1478.528528528557 0.06343357220438822 0.07951390490850492
1475.275275275304 0.06705061219372471 0.07951390490850492
1472.022022022051 0.07080965527403901 0.07951390490850492
1468.768768768798 0.07471126998874975 0.07951390490850492
1465.515515515544 0.07875577311599821 0.07951390490850492
1462.262262262291 0.08294323920711845 0.07951390490850492
1459.009009009038 0.08727350508367143 0.07951390490850492
1455.755755755785 0.09174617402489466 0.07951390490850492
1452.502502502532 0.09636062473206645 0.07951390490850492
1449.249249249278 0.1011160215212335 0.07951390490850492
1445.995995996025 0.1060113225858773 0.07951390490850492
1442.742742742772 0.111045289258983 0.07951390490850492
1439.489489489519 0.116216493557534 0.07951390490850492
1436.236236236266 0.1215233244523724 0.07951390490850492
1432.982982983012 0.1269640006533584 0.07951390490850492
1429.729729729759 0.1325365824235277 0.07951390490850492
1426.476476476506 0.1382389770901813 0.07951390490850492
1423.223223223253 0.1440689446959568 0.07951390490850492
1419.96996997 0.1500241084648136 0.07951390490850492
1416.716716716746 0.1561019666020295 0.07951390490850492
1413.463463463493 0.1622999002286394 0.07951390490850492
1410.21021021024 0.1686151792508019 0.07951390490850492
1406.956956956987 0.175044969444452 0.07951390490850492
1403.703703703733 0.1815863425073821 0.07951390490850492
1400.45045045048 0.1882362852539158 0.07951390490850492
1397.197197197227 0.1949917047477999 0.07951390490850492
1393.943943943974 0.2018494339566683 0.07951390490850492
1390.690690690721 0.208806246554843 0.07951390490850492
1387.437437437467 0.2158588617788445 0.07951390490850492
1384.184184184214 0.2230039426700094 0.07951390490850492
1380.930930930961 0.2302381016621099 0.07951390490850492
1377.677677677708 0.2375579192730219 0.07951390490850492
1374.424424424455 0.2449599506078254 0.07951390490850492
1371.171171171201 0.2524407216234707 0.07951390490850492
1367.917917917948 0.2599967320407034 0.07951390490850492
1364.664664664695 0.2676244671573718 0.07951390490850492
1361.411411411442 0.2753204074126325 0.07951390490850492
1358.158158158189 0.2830810291358737 0.07951390490850492
1354.904904904935 0.2909028038825052 0.07951390490850492
1351.651651651682 0.2987822048431682 0.07951390490850492
1348.398398398429 0.3067157185997556 0.07951390490850492
1345.145145145176 0.3146998458538576 0.07951390490850492
1341.891891891923 0.3227310913358939 0.07951390490850492
1338.638638638669 0.330805966224576 0.07951390490850492
1335.385385385416 0.3389210177327898 0.07951390490850492
1332.132132132163 0.3470728774635113 0.07951390490850492
1328.87887887891 0.3552581448633106 0.07951390490850492
1325.625625625657 0.3634733882316536 0.07951390490850492
1322.372372372403 0.3717152454008925 0.07951390490850492
1319.11911911915 0.3799804489304913 0.07951390490850492
1315.865865865897 0.3882657560611604 0.07951390490850492
1312.612612612644 0.396567907746407 0.07951390490850492
1309.359359359391 0.4048836724925045 0.07951390490850492
1306.106106106137 0.4132098974428526 0.07951390490850492
1302.852852852884 0.4215434872904241 0.07951390490850492
1299.599599599631 0.4298813530595818 0.07951390490850492
1296.346346346378 0.4382204281148357 0.07951390490850492
1293.093093093124 0.4465577077389821 0.07951390490850492
1289.839839839871 0.4548902449618739 0.07951390490850492
1286.586586586618 0.4632151279786395 0.07951390490850492
1283.333333333365 0.4715294734115412 0.07951390490850492
1280.080080080112 0.4798304402946237 0.07951390490850492
1276.826826826858 0.4881152428866378 0.07951390490850492
1273.573573573605 0.4963811407401713 0.07951390490850492
1270.320320320352 0.5046254237054389 0.07951390490850492
1267.067067067099 0.5128454252886447 0.07951390490850492
1263.813813813846 0.5210385345097791 0.07951390490850492
1260.560560560592 0.529202178076835 0.07951390490850492
1257.307307307339 0.5373338189443732 0.07951390490850492
1254.054054054086 0.5454309669828148 0.07951390490850492
1250.800800800833 0.5534911806311594 0.07951390490850492
1247.54754754758 0.5615120617322336 0.07951390490850492
1244.294294294326 0.5694912520720827 0.07951390490850492
1241.041041041073 0.5774264377284594 0.07951390490850492
1237.78778778782 0.5853153462495412 0.07951390490850492
1234.534534534567 0.5931557565668012 0.07951390490850492
1231.281281281314 0.6009454952694255 0.07951390490850492
1228.02802802806 0.608682427904816 0.07951390490850492
1224.774774774807 0.6163644606758094 0.07951390490850492
1221.521521521554 0.6239895224786247 0.07951390490850492
1218.268268268301 0.6315556357695822 0.07951390490850492
1215.015015015048 0.639060891696355 0.07951390490850492
1211.761761761794 0.6465033863607572 0.07951390490850492
1208.508508508541 0.6538812320859718 0.07951390490850492
1205.255255255288 0.6611926118811016 0.07951390490850492
1202.002002002035 0.66843579016753 0.07951390490850492
1198.748748748782 0.6756090773888468 0.07951390490850492
1195.495495495528 0.6827108069831057 0.07951390490850492
1192.242242242275 0.6897393582803865 0.07951390490850492
1188.988988989022 0.6966931923980074 0.07951390490850492
1185.735735735769 0.7035708329750981 0.07951390490850492
1182.482482482515 0.7103708284169237 0.07951390490850492
1179.229229229262 0.7170917755019839 0.07951390490850492
1175.975975976009 0.7237323478142282 0.07951390490850492
1172.722722722756 0.7302912855759446 0.07951390490850492
1169.469469469503 0.7367673729444697 0.07951390490850492
1166.216216216249 0.7431594408734926 0.07951390490850492
1162.962962962996 0.7494663865382343 0.07951390490850492
1159.709709709743 0.7556871777134193 0.07951390490850492
1156.45645645649 0.7618208401329847 0.07951390490850492
1153.203203203237 0.7678664510788239 0.07951390490850492
1149.949949949983 0.7738231472931026 0.07951390490850492
1146.69669669673 0.779690142413782 0.07951390490850492
1143.443443443477 0.7854667163065452 0.07951390490850492
1140.190190190224 0.7911521996321221 0.07951390490850492
1136.936936936971 0.7967459799475781 0.07951390490850492
1133.683683683717 0.8022475164183865 0.07951390490850492
1130.430430430464 0.8076563401554243 0.07951390490850492
1127.177177177211 0.8129720435851729 0.07951390490850492
1123.923923923958 0.8181942769713189 0.07951390490850492
1120.670670670705 0.8233227548284551 0.07951390490850492
1117.417417417451 0.8283572605307263 0.07951390490850492
1114.164164164198 0.8332976458062402 0.07951390490850492
1110.910910910945 0.8381438322208813 0.07951390490850492
1107.657657657692 0.8428958191696402 0.07951390490850492
1104.404404404439 0.8475536086642955 0.07951390490850492
1101.151151151185 0.8521172536736791 0.07951390490850492
1097.897897897932 0.8565869293802151 0.07951390490850492
1094.644644644679 0.8609629036751921 0.07951390490850492
1091.391391391426 0.865245467976908 0.07951390490850492
1088.138138138173 0.8694349361764812 0.07951390490850492
1084.884884884919 0.8735316967311733 0.07951390490850492
1081.631631631666 0.8775362266681604 0.07951390490850492
1078.378378378413 0.8814490467549615 0.07951390490850492
1075.12512512516 0.8852707123824385 0.07951390490850492
1071.871871871906 0.8890018370921026 0.07951390490850492
1068.618618618653 0.8926431007096582 0.07951390490850492
1065.3653653654 0.8961952350345004 0.07951390490850492
1062.112112112147 0.8996590096310877 0.07951390490850492
1058.858858858894 0.9030352363885186 0.07951390490850492
1055.60560560564 0.9063247795921332 0.07951390490850492
1052.352352352387 0.9095285516375767 0.07951390490850492
1049.099099099134 0.9126475033553332 0.07951390490850492
1045.845845845881 0.9156826260127174 0.07951390490850492
1042.592592592628 0.9186349508761776 0.07951390490850492
1039.339339339374 0.9215055380654689 0.07951390490850492
1036.086086086121 0.9242954810344267 0.07951390490850492
1032.832832832868 0.9270059163722981 0.07951390490850492
1029.579579579615 0.9296380143405012 0.07951390490850492
1026.326326326362 0.9321929655850582 0.07951390490850492
1023.073073073108 0.9346719819668126 0.07951390490850492
1019.819819819855 0.9370763047518049 0.07951390490850492
1016.566566566602 0.9394072108785427 0.07951390490850492
1013.313313313349 0.9416659838534812 0.07951390490850492
1010.060060060096 0.9438539154733848 0.07951390490850492
1006.806806806842 0.9459723254174276 0.07951390490850492
1003.553553553589 0.9480225609660922 0.07951390490850492
1000.300300300336 0.9500059772677324 0.07951390490850492
997.0470470470827 0.9519239300201067 0.07951390490850492
993.7937937938295 0.953777784726632 0.07951390490850492
990.5405405405763 0.9555689221534511 0.07951390490850492
987.2872872873231 0.9572987303870012 0.07951390490850492
984.0340340340699 0.9589685962422686 0.07951390490850492
980.7807807808167 0.9605799076389203 0.07951390490850492
977.5275275275635 0.9621340586060009 0.07951390490850492
974.2742742743103 0.9636324432062666 0.07951390490850492
971.0210210210571 0.9650764441367831 0.07951390490850492
967.7677677678039 0.9664674401541281 0.07951390490850492
964.5145145145507 0.9678068139935844 0.07951390490850492
961.2612612612975 0.9690959453795605 0.07951390490850492
958.0080080080443 0.9703361999404868 0.07951390490850492
954.7547547547911 0.9715289297452262 0.07951390490850492
951.5015015015379 0.9726754794192228 0.07951390490850492
948.2482482482847 0.9737771863597304 0.07951390490850492
944.9949949950314 0.9748353745921318 0.07951390490850492
941.7417417417782 0.9758513512151644 0.07951390490850492
938.488488488525 0.9768264083796058 0.07951390490850492
935.2352352352718 0.9777618251725433 0.07951390490850492
931.9819819820186 0.9786588661446232 0.07951390490850492
928.7287287287654 0.9795187806309589 0.07951390490850492
925.4754754755122 0.9803427894394722 0.07951390490850492
922.222222222259 0.9811320932431378 0.07951390490850492
918.9689689690058 0.981887882058576 0.07951390490850492
915.7157157157526 0.9826113303551062 0.07951390490850492
912.4624624624994 0.9833035856908124 0.07951390490850492
909.2092092092462 0.9839657700243363 0.07951390490850492
905.955955955993 0.9845989858602722 0.07951390490850492
902.7027027027398 0.9852043166198763 0.07951390490850492
899.4494494494866 0.9857828209784483 0.07951390490850492
896.1961961962334 0.9863355314533123 0.07951390490850492
892.9429429429802 0.9868634569245679 0.07951390490850492
889.6896896897269 0.9873675840938277 0.07951390490850492
886.4364364364737 0.9878488751180198 0.07951390490850492
883.1831831832205 0.9883082659528657 0.07951390490850492
879.9299299299673 0.9887466667756318 0.07951390490850492
876.6766766767141 0.9891649575664315 0.07951390490850492
873.4234234234609 0.9895640026625965 0.07951390490850492
870.1701701702077 0.9899446427358579 0.07951390490850492
866.9169169169545 0.9903076871165605 0.07951390490850492
863.6636636637013 0.9906539140168789 0.07951390490850492
860.4104104104481 0.9909840794986252 0.07951390490850492
857.1571571571949 0.9912989165106517 0.07951390490850492
853.9039039039417 0.9915991305561191 0.07951390490850492
850.6506506506885 0.9918853999876448 0.07951390490850492
847.3973973974353 0.9921583823143242 0.07951390490850492
844.1441441441821 0.9924187109480445 0.07951390490850492
840.8908908909289 0.9926669952981062 0.07951390490850492
837.6376376376757 0.9929038119522325 0.07951390490850492
834.3843843844224 0.9931297124145207 0.07951390490850492
831.1311311311692 0.9933452345953117 0.07951390490850492
827.877877877916 0.9935508966789024 0.07951390490850492
824.6246246246628 0.9937471888851265 0.07951390490850492
821.3713713714096 0.9939345753729587 0.07951390490850492
818.1181181181564 0.9941135008584407 0.07951390490850492
814.8648648649032 0.9942843932199613 0.07951390490850492
811.61161161165 0.9944476661512338 0.07951390490850492
808.3583583583968 0.9946037015963267 0.07951390490850492
805.1051051051436 0.994752856399405 0.07951390490850492
801.8518518518904 0.9948954813478964 0.07951390490850492
798.5985985986372 0.9950319179602839 0.07951390490850492
795.345345345384 0.9951624855593404 0.07951390490850492
792.0920920921308 0.995287479068652 0.07951390490850492
788.8388388388776 0.9954071785854478 0.07951390490850492
785.5855855856244 0.9955218557958733 0.07951390490850492
782.3323323323712 0.9956317696207351 0.07951390490850492
779.0790790791179 0.9957371612427856 0.07951390490850492
775.8258258258647 0.995838256944074 0.07951390490850492
772.5725725726115 0.9959352734544374 0.07951390490850492
769.3193193193583 0.9960284181681338 0.07951390490850492
766.0660660661051 0.9961178860248759 0.07951390490850492
762.8128128128519 0.9962038593835663 0.07951390490850492
759.5595595595987 0.9962865111022141 0.07951390490850492
756.3063063063455 0.996366006256362 0.07951390490850492
753.0530530530923 0.9964425010736648 0.07951390490850492
749.7997997998391 0.9965161419268866 0.07951390490850492
746.5465465465859 0.9965870670903184 0.07951390490850492
743.2932932933327 0.9966554081952995 0.07951390490850492
740.0400400400795 0.9967212899202955 0.07951390490850492
736.7867867868263 0.9967848295003804 0.07951390490850492
733.5335335335731 0.9968461362375084 0.07951390490850492
730.2802802803199 0.9969053156999981 0.07951390490850492
727.0270270270667 0.9969624691865079 0.07951390490850492
723.7737737738134 0.9970176907125888 0.07951390490850492
720.5205205205602 0.9970710674428568 0.07951390490850492
717.267267267307 0.9971226826221455 0.07951390490850492
714.0140140140538 0.997172616654275 0.07951390490850492
710.7607607608006 0.9972209480827258 0.07951390490850492
707.5075075075474 0.9972677463460575 0.07951390490850492
704.2542542542942 0.9973130747301964 0.07951390490850492
701.001001001041 0.9973569972860523 0.07951390490850492
697.7477477477878 0.997399578128455 0.07951390490850492
694.4944944945346 0.9974408760508664 0.07951390490850492
691.2412412412814 0.9974809435304351 0.07951390490850492
687.9879879880282 0.9975198307223978 0.07951390490850492
684.734734734775 0.9975575877056416 0.07951390490850492
681.4814814815218 0.9975942624323155 0.07951390490850492
678.2282282282686 0.997629898677896 0.07951390490850492
674.9749749750154 0.9976645372008849 0.07951390490850492
671.7217217217622 0.9976982178095152 0.07951390490850492
668.4684684685089 0.9977309792630108 0.07951390490850492
665.2152152152557 0.9977628578635084 0.07951390490850492
661.9619619620025 0.9977938872921805 0.07951390490850492
658.7087087087493 0.9978240997649021 0.07951390490850492
655.4554554554961 0.997853526634111 0.07951390490850492
652.2022022022429 0.9978821978274586 0.07951390490850492
648.9489489489897 0.9979101412795056 0.07951390490850492
645.6956956957365 0.9979373835303219 0.07951390490850492
642.4424424424833 0.997963950268086 0.07951390490850492
639.1891891892301 0.9979898661311977 0.07951390490850492
635.9359359359769 0.9980151543640151 0.07951390490850492
632.6826826827237 0.998039836973719 0.07951390490850492
629.4294294294705 0.9980639351250772 0.07951390490850492
626.1761761762173 0.9980874692162983 0.07951390490850492
622.9229229229641 0.9981104586812402 0.07951390490850492
619.6696696697109 0.9981329219474694 0.07951390490850492
616.4164164164577 0.9981548766396892 0.07951390490850492
613.1631631632044 0.9981763397922158 0.07951390490850492
609.9099099099512 0.9981973276517859 0.07951390490850492
606.656656656698 0.9982178556473966 0.07951390490850492
603.4034034034448 0.9982379385890733 0.07951390490850492
600.1501501501916 0.9982575907825137 0.07951390490850492
596.8968968969384 0.9982768259507212 0.07951390490850492
593.6436436436852 0.9982956571666821 0.07951390490850492
590.390390390432 0.9983140969355375 0.07951390490850492
587.1371371371788 0.9983321573102372 0.07951390490850492
583.8838838839256 0.9983498499020811 0.07951390490850492
580.6306306306724 0.9983671858333418 0.07951390490850492
577.3773773774192 0.9983841757496652 0.07951390490850492
574.124124124166 0.9984008298910294 0.07951390490850492
570.8708708709128 0.9984171581330419 0.07951390490850492
567.6176176176596 0.9984331699741794 0.07951390490850492
564.3643643644064 0.9984488745151582 0.07951390490850492
561.1111111111531 0.998464280525258 0.07951390490850492
557.8578578578999 0.9984793964722699 0.07951390490850492
554.6046046046467 0.9984942305030496 0.07951390490850492
551.3513513513935 0.9985087904406861 0.07951390490850492
548.0980980981403 0.9985230838211256 0.07951390490850492
544.8448448448871 0.9985371179261492 0.07951390490850492
541.5915915916339 0.9985508998158058 0.07951390490850492
538.3383383383807 0.9985644362389554 0.07951390490850492
535.0850850851275 0.9985777336704 0.07951390490850492
531.8318318318743 0.9985907984071336 0.07951390490850492
528.5785785786211 0.9986036365747776 0.07951390490850492
525.3253253253679 0.9986162540660116 0.07951390490850492
522.0720720721147 0.9986286565295518 0.07951390490850492
518.8188188188615 0.9986408494259139 0.07951390490850492
515.5655655656083 0.9986528380646978 0.07951390490850492
512.3123123123551 0.9986646275857779 0.07951390490850492
509.0590590591018 0.9986762229371866 0.07951390490850492
505.8058058058485 0.9986876288937163 0.07951390490850492
502.5525525525953 0.9986988500886043 0.07951390490850492
499.299299299342 0.9987098910182415 0.07951390490850492
496.0460460460887 0.9987207560288989 0.07951390490850492
492.7927927928355 0.9987314493180272 0.07951390490850492
489.5395395395822 0.9987419749528039 0.07951390490850492
486.286286286329 0.998752336882366 0.07951390490850492
483.0330330330757 0.9987625389349387 0.07951390490850492
479.7797797798224 0.9987725848149898 0.07951390490850492
476.5265265265692 0.9987824781113862 0.07951390490850492
473.2732732733159 0.9987922223083712 0.07951390490850492
470.0200200200626 0.9988018207888454 0.07951390490850492
466.7667667668094 0.9988112768330336 0.07951390490850492
463.5135135135561 0.9988205936212355 0.07951390490850492
460.2602602603029 0.9988297742412786 0.07951390490850492
457.0070070070496 0.9988388216936102 0.07951390490850492
453.7537537537963 0.9988477388921418 0.07951390490850492
450.5005005005431 0.9988565286650138 0.07951390490850492
447.2472472472898 0.9988651937601869 0.07951390490850492
443.9939939940365 0.9988737368502245 0.07951390490850492
440.7407407407833 0.9988821605337975 0.07951390490850492
437.48748748753 0.9988904673342638 0.07951390490850492
434.2342342342768 0.9988986597002563 0.07951390490850492
430.9809809810235 0.9989067400167448 0.07951390490850492
427.7277277277702 0.9989147106099977 0.07951390490850492
424.474474474517 0.9989225737429058 0.07951390490850492
421.2212212212637 0.9989303316127404 0.07951390490850492
417.9679679680104 0.9989379863569685 0.07951390490850492
414.7147147147572 0.9989455400598297 0.07951390490850492
411.4614614615039 0.9989529947524417 0.07951390490850492
408.2082082082507 0.9989603524112993 0.07951390490850492
404.9549549549974 0.9989676149575595 0.07951390490850492
401.7017017017441 0.9989747842680415 0.07951390490850492
398.4484484484909 0.9989818621758827 0.07951390490850492
395.1951951952376 0.9989888504634051 0.07951390490850492
391.9419419419843 0.9989957508635328 0.07951390490850492
388.6886886887311 0.9990025650682306 0.07951390490850492
385.4354354354778 0.9990092947320041 0.07951390490850492
382.1821821822246 0.9990159414685262 0.07951390490850492
378.9289289289713 0.9990225068488909 0.07951390490850492
375.675675675718 0.9990289924054853 0.07951390490850492
372.4224224224648 0.9990353996362056 0.07951390490850492
369.1691691692115 0.9990417300045505 0.07951390490850492
365.9159159159582 0.999047984938172 0.07951390490850492
362.662662662705 0.9990541658299926 0.07951390490850492
359.4094094094517 0.9990602740411978 0.07951390490850492
356.1561561561984 0.999066310902784 0.07951390490850492
352.9029029029452 0.9990722777152419 0.07951390490850492
349.6496496496919 0.9990781757487042 0.07951390490850492
346.3963963964387 0.9990840062446107 0.07951390490850492
343.1431431431854 0.9990897704174061 0.07951390490850492
339.8898898899321 0.9990954694550644 0.07951390490850492
336.6366366366789 0.9991011045192164 0.07951390490850492
333.3833833834256 0.9991066767459997 0.07951390490850492
330.1301301301723 0.9991121872473249 0.07951390490850492
326.8768768769191 0.9991176371118838 0.07951390490850492
323.6236236236658 0.9991230274054839 0.07951390490850492
320.3703703704126 0.9991283591714509 0.07951390490850492
317.1171171171593 0.999133633431549 0.07951390490850492
313.863863863906 0.9991388511869622 0.07951390490850492
310.6106106106528 0.9991440134188743 0.07951390490850492
307.3573573573995 0.9991491210888679 0.07951390490850492
304.1041041041462 0.9991541751395158 0.07951390490850492
300.850850850893 0.9991591764951752 0.07951390490850492
297.5975975976397 0.99916412606266 0.07951390490850492
294.3443443443865 0.9991690247317094 0.07951390490850492
291.0910910911332 0.9991738733754451 0.07951390490850492
287.8378378378799 0.9991786728510416 0.07951390490850492
284.5845845846267 0.9991834240003427 0.07951390490850492
281.3313313313734 0.9991881276503327 0.07951390490850492
278.0780780781201 0.9991927846136014 0.07951390490850492
274.8248248248669 0.9991973956888418 0.07951390490850492
271.5715715716136 0.9992019616615749 0.07951390490850492
268.3183183183604 0.999206483304597 0.07951390490850492
265.0650650651071 0.9992109613783124 0.07951390490850492
261.8118118118538 0.9992153966312312 0.07951390490850492
258.5585585586006 0.999219789800606 0.07951390490850492
255.3053053053473 0.9992241416129517 0.07951390490850492
252.052052052094 0.9992284527844438 0.07951390490850492
248.7987987988408 0.9992327240213574 0.07951390490850492
245.5455455455875 0.9992369560206046 0.07951390490850492
242.2922922923343 0.9992411494702671 0.07951390490850492
239.039039039081 0.9992453050500046 0.07951390490850492
235.7857857858277 0.9992494234316673 0.07951390490850492
232.5325325325745 0.9992535052797497 0.07951390490850492
229.2792792793212 0.9992575512515 0.07951390490850492
226.0260260260679 0.9992615619981822 0.07951390490850492
222.7727727728147 0.9992655381654845 0.07951390490850492
219.5195195195614 0.9992694803934458 0.07951390490850492
216.2662662663082 0.9992733893169697 0.07951390490850492
213.0130130130549 0.9992772655668745 0.07951390490850492
209.7597597598016 0.9992811097706428 0.07951390490850492
206.5065065065484 0.9992849225526924 0.07951390490850492
203.2532532532951 0.9992887045347594 0.07951390490850492
200.0000000000418 0.9992924563366794 0.07951390490850492
