# Matter power spectrum P(k) at redshift z=0
# for k=1.04564e-05 to 0.628084 h/Mpc,
# number of wavenumbers equal to 560
#    1:k (h/Mpc)              2:P (Mpc/h)^3        
       1.045636895265e-05       5.098365580673e+01 
       2.335676858248e-05       1.106795850011e+02 
       3.630264677039e-05       1.693501321740e+02 
       4.932894094349e-05       2.276196136989e+02 
       6.247116790559e-05       2.858447024500e+02 
       7.576574148387e-05       3.442935837641e+02 
       8.925030035888e-05       4.031962015988e+02 
       1.029640504503e-04       4.627648217530e+02 
       1.169481262643e-04       5.232046161899e+02 
       1.312459756416e-04       5.847200646581e+02 
       1.459037723526e-04       6.475194252439e+02 
       1.609708609211e-04       7.118182096243e+02 
       1.765002378799e-04       7.778421715942e+02 
       1.925490732783e-04       8.458300329526e+02 
       2.091792755950e-04       9.160361118275e+02 
       2.264581021044e-04       9.887329086397e+02 
       2.444588150502e-04       1.064213711363e+03 
       2.632613814519e-04       1.142795227930e+03 
       2.829532107494e-04       1.224820214483e+03 
       3.036299194273e-04       1.310660057517e+03 
       3.253961048762e-04       1.400717246011e+03 
       3.483661016327e-04       1.495427587813e+03 
       3.726646814076e-04       1.595262011063e+03 
       3.984276437172e-04       1.700727699431e+03 
       4.258022264990e-04       1.812368303147e+03 
       4.549472463988e-04       1.930762801783e+03 
       4.860328578494e-04       2.056522616954e+03 
       5.192398012805e-04       2.190286460636e+03 
       5.547579980273e-04       2.332712385892e+03 
       5.927843487648e-04       2.484466590094e+03 
       6.335196111363e-04       2.646208542385e+03 
       6.771642787026e-04       2.818572397479e+03 
       7.239134638282e-04       3.002144799939e+03 
       7.739509031310e-04       3.197439878232e+03 
       8.274423484012e-04       3.404872752882e+03 
       8.845287594199e-04       3.624733341649e+03 
       9.453198470811e-04       3.857162878561e+03 
       1.009888588168e-03       4.102135632672e+03 
       1.078267313475e-03       4.359448207302e+03 
       1.150445842498e-03       4.628718047962e+03 
       1.226371912408e-03       4.909391907751e+03 
       1.305953867678e-03       5.200763686219e+03 
       1.389065299470e-03       5.501978675521e+03 
       1.475551110244e-03       5.812104200375e+03 
       1.565234368512e-03       6.130164019744e+03 
       1.657923320316e-03       6.455128997831e+03 
       1.753418018049e-03       6.785964771502e+03 
       1.851516176582e-03       7.121656782083e+03 
       1.952018031366e-03       7.461228454630e+03 
       2.054730121749e-03       7.803756158099e+03 
       2.159468036867e-03       8.148377021099e+03 
       2.266058235805e-03       8.494300445665e+03 
       2.374339091896e-03       8.840799121451e+03 
       2.484161321209e-03       9.187219024550e+03 
       2.595387946920e-03       9.532971835056e+03 
       2.707893932384e-03       9.877533067792e+03 
       2.821565592680e-03       1.022043698098e+04 
       2.936299871091e-03       1.056127168777e+04 
       3.052003545892e-03       1.089967595550e+04 
       3.168592414906e-03       1.123533251653e+04 
       3.285990490812e-03       1.156796569032e+04 
       3.404129229011e-03       1.189733699405e+04 
       3.522946801409e-03       1.222323620065e+04 
       3.642387423377e-03       1.254548643443e+04 
       3.762400736827e-03       1.286393570909e+04 
       3.882941249402e-03       1.317845242507e+04 
       4.003967827877e-03       1.348892885849e+04 
       4.125443242694e-03       1.379527185521e+04 
       4.247333759928e-03       1.409740756157e+04 
       4.369608776668e-03       1.439527306268e+04 
       4.492240495818e-03       1.468882008294e+04 
       4.615203636388e-03       1.497800928597e+04 
       4.738475175612e-03       1.526280393832e+04 
       4.862034119460e-03       1.554317696639e+04 
       4.985861298431e-03       1.581913657677e+04 
       5.109939185787e-03       1.609055682339e+04 
       5.234251735697e-03       1.635759885662e+04 
       5.358784239020e-03       1.662017843148e+04 
       5.483523194689e-03       1.687832380091e+04 
       5.608456194924e-03       1.713205770962e+04 
       5.733571822682e-03       1.738161490925e+04 
       5.858859559930e-03       1.762680375784e+04 
       5.984309705530e-03       1.786760844118e+04 
       6.109913301625e-03       1.810417030868e+04 
       6.235662067571e-03       1.833640486171e+04 
       6.361548340583e-03       1.856432727876e+04 
       6.487565022326e-03       1.878775307622e+04 
       6.613705530817e-03       1.900809646098e+04 
       6.739963757039e-03       1.922367523684e+04 
       6.866334025769e-03       1.943562022329e+04 
       6.992811060161e-03       1.964240541766e+04 
       7.119389949685e-03       1.984592655149e+04 
       7.246066121076e-03       2.004502281417e+04 
       7.372835311966e-03       2.024042373799e+04 
       7.499693546937e-03       2.043167711728e+04 
       7.626637115733e-03       2.061928780763e+04 
       7.753662553429e-03       2.080302725284e+04 
       7.880766622351e-03       2.098297736526e+04 
       8.007946295570e-03       2.115943181874e+04 
       8.135198741835e-03       2.133125144488e+04 
       8.262521311783e-03       2.149995010784e+04 
       8.389911525322e-03       2.166554575906e+04 
       8.517367060060e-03       2.182705116893e+04 
       8.644885740704e-03       2.198483887174e+04 
       8.772465529315e-03       2.213903404904e+04 
       8.900104516355e-03       2.228983430493e+04 
       9.027800912457e-03       2.243674018950e+04 
       9.155553040841e-03       2.258059151914e+04 
       9.283359330329e-03       2.272118805119e+04 
       9.411218308903e-03       2.285875551220e+04 
       9.539128597761e-03       2.299222929938e+04 
       9.667088905824e-03       2.312339615509e+04 
       9.795098024663e-03       2.325020475444e+04 
       9.923154823800e-03       2.337436444019e+04 
       1.005125824637e-02       2.349527812552e+04 
       1.017940730508e-02       2.361381488527e+04 
       1.030760107852e-02       2.372807148275e+04 
       1.043583870765e-02       2.384015232473e+04 
       1.056411939264e-02       2.394848148040e+04 
       1.069244238985e-02       2.405427023334e+04 
       1.082080700912e-02       2.415701109230e+04 
       1.094921261114e-02       2.425736466702e+04 
       1.107765860513e-02       2.435391340144e+04 
       1.120614444655e-02       2.444850871793e+04 
       1.133466963511e-02       2.453934018188e+04 
       1.146323371278e-02       2.462826989901e+04 
       1.159183626209e-02       2.471363192660e+04 
       1.172047690438e-02       2.479696263425e+04 
       1.184915529832e-02       2.487699624333e+04 
       1.197787113847e-02       2.495468629845e+04 
       1.210662415390e-02       2.502966643194e+04 
       1.223541410701e-02       2.510219392051e+04 
       1.236424079232e-02       2.517214396596e+04 
       1.249310403544e-02       2.523936298740e+04 
       1.262200369206e-02       2.530476380508e+04 
       1.275093964701e-02       2.536715754588e+04 
       1.287991181343e-02       2.542657703889e+04 
       1.300892013196e-02       2.548405593383e+04 
       1.313796457002e-02       2.553923726202e+04 
       1.326704512109e-02       2.559247624853e+04 
       1.339616180415e-02       2.564250811658e+04 
       1.352531466305e-02       2.569054264788e+04 
       1.365450376600e-02       2.573697456179e+04 
       1.378372920509e-02       2.578004935248e+04 
       1.391299109582e-02       2.582155697613e+04 
       1.404228957673e-02       2.586099216106e+04 
       1.417162480901e-02       2.589784963381e+04 
       1.430099697616e-02       2.593274524358e+04 
       1.443040628372e-02       2.596554293287e+04 
       1.455985295900e-02       2.599667592623e+04 
       1.468933725081e-02       2.602493563417e+04 
       1.481885942929e-02       2.605157127635e+04 
       1.494841978573e-02       2.607617882726e+04 
       1.507801863240e-02       2.609895060073e+04 
       1.520765630246e-02       2.611952933684e+04 
       1.533733314981e-02       2.613827287914e+04 
       1.546704954906e-02       2.615560120669e+04 
       1.559680589547e-02       2.617040432175e+04 
       1.572660260489e-02       2.618330763959e+04 
       1.585644011379e-02       2.619460701547e+04 
       1.598631887925e-02       2.620415510099e+04 
       1.611623937899e-02       2.621190528797e+04 
       1.624620211146e-02       2.621784811934e+04 
       1.637620759586e-02       2.622199011963e+04 
       1.650625637226e-02       2.622447975045e+04 
       1.663634900171e-02       2.622529145801e+04 
       1.676648606637e-02       2.622461448221e+04 
       1.689666816964e-02       2.622196931220e+04 
       1.702689593636e-02       2.621785597047e+04 
       1.715717001292e-02       2.621212151484e+04 
       1.728749106756e-02       2.620481497985e+04 
       1.741785979047e-02       2.619601369647e+04 
       1.754827689414e-02       2.618562086507e+04 
       1.767874311351e-02       2.617382554928e+04 
       1.780925920630e-02       2.616038824336e+04 
       1.793982595324e-02       2.614574098051e+04 
       1.807044415843e-02       2.612942254215e+04 
       1.820111464960e-02       2.611170940408e+04 
       1.833183827848e-02       2.609274047146e+04 
       1.846261592113e-02       2.607212158937e+04 
       1.859344847830e-02       2.605038227887e+04 
       1.872433687583e-02       2.602711395683e+04 
       1.885528206504e-02       2.600273762043e+04 
       1.898628502315e-02       2.597684923349e+04 
       1.911734675371e-02       2.594986135141e+04 
       1.924846828706e-02       2.592146636536e+04 
       1.937965068079e-02       2.589195803908e+04 
       1.951089502023e-02       2.586124566600e+04 
       1.964220241896e-02       2.582915697069e+04 
       1.977357401933e-02       2.579600381391e+04 
       1.990501099300e-02       2.576169963959e+04 
       2.003651454153e-02       2.572632758388e+04 
       2.016808589692e-02       2.568966435855e+04 
       2.029972632224e-02       2.565204937100e+04 
       2.043143711224e-02       2.561322624593e+04 
       2.056321959402e-02       2.557337197050e+04 
       2.069507512766e-02       2.553249411036e+04 
       2.082700510692e-02       2.549056633652e+04 
       2.095901095996e-02       2.544764582542e+04 
       2.109109415009e-02       2.540413137605e+04 
       2.122325617645e-02       2.535887935801e+04 
       2.135549857490e-02       2.531303024507e+04 
       2.148782291873e-02       2.526634294963e+04 
       2.162023081955e-02       2.521853427296e+04 
       2.175272392811e-02       2.516990901922e+04 
       2.188530393523e-02       2.512040290469e+04 
       2.201797257265e-02       2.506979123291e+04 
       2.215073161404e-02       2.501854625159e+04 
       2.228358287591e-02       2.496695197250e+04 
       2.241652821863e-02       2.491339696704e+04 
       2.254956954750e-02       2.486013872218e+04 
       2.268270881374e-02       2.480519008592e+04 
       2.281594801567e-02       2.475032812253e+04 
       2.294928919976e-02       2.469425835217e+04 
       2.308273446186e-02       2.463757083342e+04 
       2.321628594838e-02       2.458000234655e+04 
       2.334994585752e-02       2.452180308497e+04 
       2.348371644058e-02       2.446291993856e+04 
       2.361760000326e-02       2.440363141414e+04 
       2.375159890700e-02       2.434298708995e+04 
       2.388571557045e-02       2.428204335294e+04 
       2.401995247086e-02       2.422060783396e+04 
       2.415431214561e-02       2.415829300516e+04 
       2.428879719374e-02       2.409545597307e+04 
       2.442341027756e-02       2.403248638332e+04 
       2.455815412429e-02       2.396838435016e+04 
       2.469303152775e-02       2.390357552013e+04 
       2.482804535011e-02       2.383876852245e+04 
       2.496319852375e-02       2.377331900152e+04 
       2.509849405308e-02       2.370680038205e+04 
       2.523393501649e-02       2.364040103620e+04 
       2.536952456836e-02       2.357284878691e+04 
       2.550526594113e-02       2.350540598196e+04 
       2.564116244741e-02       2.343736773820e+04 
       2.577721748221e-02       2.336856299779e+04 
       2.591343452521e-02       2.329988592593e+04 
       2.604981714313e-02       2.323012127550e+04 
       2.618636899217e-02       2.316030288551e+04 
       2.632309382053e-02       2.309007066009e+04 
       2.645999547103e-02       2.301937084410e+04 
       2.659707788381e-02       2.294831500053e+04 
       2.673434509915e-02       2.287714103119e+04 
       2.687180126033e-02       2.280524338566e+04 
       2.700945061669e-02       2.273311165748e+04 
       2.714729752668e-02       2.266067765065e+04 
       2.728534646114e-02       2.258761534092e+04 
       2.742360200661e-02       2.251439057957e+04 
       2.756206886880e-02       2.244094733046e+04 
       2.770075187620e-02       2.236707888027e+04 
       2.783965598377e-02       2.229306383299e+04 
       2.797878627684e-02       2.221861607080e+04 
       2.811814797512e-02       2.214398445325e+04 
       2.825774643684e-02       2.206899118657e+04 
       2.839758716309e-02       2.199411873310e+04 
       2.853767580231e-02       2.191853098220e+04 
       2.867801815496e-02       2.184298707801e+04 
       2.881862017836e-02       2.176710915918e+04 
       2.895948799173e-02       2.169101761258e+04 
       2.910062788144e-02       2.161488312845e+04 
       2.924204630645e-02       2.153832303640e+04 
       2.938374990398e-02       2.146175259745e+04 
       2.952574549543e-02       2.138484325312e+04 
       2.966804009250e-02       2.130786297417e+04 
       2.981064090361e-02       2.123076634097e+04 
       2.995355534055e-02       2.115347950886e+04 
       3.009679102544e-02       2.107604193042e+04 
       3.024035579798e-02       2.099841358354e+04 
       3.038425772298e-02       2.092075202319e+04 
       3.052850509825e-02       2.084288919467e+04 
       3.067310646285e-02       2.076481332546e+04 
       3.081807060561e-02       2.068687867930e+04 
       3.096340657419e-02       2.060861928657e+04 
       3.110912368435e-02       2.053037114770e+04 
       3.125523152980e-02       2.045209133023e+04 
       3.140173999245e-02       2.037365249341e+04 
       3.154865925304e-02       2.029514385059e+04 
       3.169599980245e-02       2.021654185750e+04 
       3.184377245333e-02       2.013788903331e+04 
       3.199198835247e-02       2.005909803110e+04 
       3.214065899361e-02       1.998048259768e+04 
       3.228979623097e-02       1.990163715891e+04 
       3.243941229337e-02       1.982276818391e+04 
       3.258951979913e-02       1.974394596289e+04 
       3.274013177156e-02       1.966497059430e+04 
       3.289126165542e-02       1.958612089897e+04 
       3.304292333405e-02       1.950713231028e+04 
       3.319513114746e-02       1.942817932701e+04 
       3.334789991135e-02       1.934911218119e+04 
       3.350124493709e-02       1.927009469013e+04 
       3.365518205277e-02       1.919114313120e+04 
       3.380972762538e-02       1.911211244549e+04 
       3.396489858419e-02       1.903304150209e+04 
       3.412071244539e-02       1.895410334316e+04 
       3.427718733809e-02       1.887511763218e+04 
       3.443434203174e-02       1.879637202175e+04 
       3.459219596516e-02       1.871744317182e+04 
       3.475076927716e-02       1.863815801432e+04 
       3.491008283896e-02       1.855919101959e+04 
       3.507015828844e-02       1.848028532574e+04 
       3.523101806649e-02       1.840154285882e+04 
       3.539268545546e-02       1.832264882657e+04 
       3.555518461997e-02       1.824382750727e+04 
       3.571854065013e-02       1.816505030619e+04 
       3.588277960755e-02       1.808626778737e+04 
       3.604792857412e-02       1.800751606779e+04 
       3.621401570391e-02       1.792889501692e+04 
       3.638107027840e-02       1.785024441576e+04 
       3.654912276527e-02       1.777155388680e+04 
       3.671820488109e-02       1.769292663018e+04 
       3.688834965809e-02       1.761446175495e+04 
       3.705959151555e-02       1.753589734400e+04 
       3.723196633595e-02       1.745738551141e+04 
       3.740551154645e-02       1.737902593507e+04 
       3.758026620604e-02       1.730058781289e+04 
       3.775627109893e-02       1.722214522538e+04 
       3.793356883461e-02       1.714381045548e+04 
       3.811220395525e-02       1.706553676971e+04 
       3.829222305106e-02       1.698736666082e+04 
       3.847367488429e-02       1.690906093509e+04 
       3.865661052268e-02       1.683079420540e+04 
       3.884108348330e-02       1.675251430527e+04 
       3.902714988757e-02       1.667443038551e+04 
       3.921486862873e-02       1.659614468878e+04 
       3.940430155283e-02       1.651801319925e+04 
       3.959551365456e-02       1.643992958121e+04 
       3.978857328953e-02       1.636170965150e+04 
       3.998355240440e-02       1.628354143342e+04 
       4.018052678703e-02       1.620538405399e+04 
       4.037957633842e-02       1.612725711743e+04 
       4.058078536894e-02       1.604910569817e+04 
       4.078424292143e-02       1.597088091615e+04 
       4.099004312401e-02       1.589271105828e+04 
       4.119828557609e-02       1.581438909666e+04 
       4.140907577120e-02       1.573612078625e+04 
       4.162252556092e-02       1.565774587803e+04 
       4.183875366482e-02       1.557925473094e+04 
       4.205788623177e-02       1.550083885217e+04 
       4.228005745904e-02       1.542233466163e+04 
       4.250541027623e-02       1.534360311422e+04 
       4.273409710240e-02       1.526485279674e+04 
       4.296628068564e-02       1.518594443362e+04 
       4.320213503614e-02       1.510700783670e+04 
       4.344184646524e-02       1.502775390301e+04 
       4.368561474496e-02       1.494849803119e+04 
       4.393365440495e-02       1.486899152326e+04 
       4.418619618654e-02       1.478942777685e+04 
       4.444348867673e-02       1.470942682454e+04 
       4.470580014917e-02       1.462948372986e+04 
       4.497342064362e-02       1.454908805711e+04 
       4.524666432128e-02       1.446844466658e+04 
       4.552587214000e-02       1.438742378492e+04 
       4.581141490179e-02       1.430629838571e+04 
       4.610369673508e-02       1.422474236761e+04 
       4.640315908636e-02       1.414264425062e+04 
       4.671028531084e-02       1.406014112264e+04 
       4.702560597025e-02       1.397726225454e+04 
       4.734970496865e-02       1.389394237693e+04 
       4.768322668520e-02       1.381004963500e+04 
       4.802688429815e-02       1.372547915851e+04 
       4.838146953799e-02       1.364031256838e+04 
       4.874786416292e-02       1.355442301869e+04 
       4.912705351909e-02       1.346779584378e+04 
       4.952014263580e-02       1.338024420663e+04 
       4.992837541713e-02       1.329174406331e+04 
       5.035315763327e-02       1.320224124290e+04 
       5.079608459467e-02       1.311158436714e+04 
       5.125897462286e-02       1.301961225380e+04 
       5.174390972374e-02       1.292621547709e+04 
       5.225328524085e-02       1.283117917818e+04 
       5.278987073158e-02       1.273432287578e+04 
       5.335688488551e-02       1.263544738265e+04 
       5.395808799536e-02       1.253421264575e+04 
       5.459789627812e-02       1.243022273656e+04 
       5.528152314861e-02       1.232313961578e+04 
       5.601515316485e-02       1.221229392003e+04 
       5.680615433526e-02       1.209699318014e+04 
       5.766333284129e-02       1.197638936880e+04 
       5.859722908999e-02       1.184921570405e+04 
       5.962044181859e-02       1.171401065328e+04 
       6.074794153596e-02       1.156862683833e+04 
       6.199728630717e-02       1.141032265474e+04 
       6.338857030871e-02       1.123535438070e+04 
       6.494381504365e-02       1.103893198855e+04 
       6.668538791577e-02       1.081487810076e+04 
       6.863302985572e-02       1.055596529042e+04 
       7.079945415123e-02       1.025462334030e+04 
       7.318548307395e-02       9.904645133390e+03 
       7.577697511559e-02       9.503790188879e+03 
       7.854597656422e-02       9.056033349548e+03 
       8.145639213507e-02       8.572479075619e+03 
       8.447142914322e-02       8.069914337939e+03 
       8.755928691238e-02       7.568023196076e+03 
       9.069555010587e-02       7.085920467269e+03 
       9.386296386525e-02       6.639544698004e+03 
       9.704999558290e-02       6.240192332329e+03 
       1.002492124010e-01       5.894009126461e+03 
       1.034559331323e-01       5.602184465639e+03 
       1.066672517222e-01       5.361640824303e+03 
       1.098813799942e-01       5.166233894233e+03 
       1.130972234999e-01       5.007182509591e+03 
       1.163141144888e-01       4.874595914518e+03 
       1.195316462557e-01       4.758180625069e+03 
       1.227495712830e-01       4.648083918953e+03 
       1.259677389442e-01       4.535912058310e+03 
       1.291860575237e-01       4.415145715310e+03 
       1.324044711062e-01       4.282056156089e+03 
       1.356229455306e-01       4.135288670342e+03 
       1.388414598572e-01       3.976239169037e+03 
       1.420600011870e-01       3.808108240101e+03 
       1.452785615154e-01       3.635516400003e+03 
       1.484971358223e-01       3.463707203675e+03 
       1.517157209109e-01       3.297863912722e+03 
       1.549343147033e-01       3.142385539398e+03 
       1.581529158104e-01       3.000760569208e+03 
       1.613715232715e-01       2.875123911245e+03 
       1.645901363945e-01       2.766209153608e+03 
       1.678087546584e-01       2.673581852972e+03 
       1.710273776531e-01       2.595755886648e+03 
       1.742460050430e-01       2.530295977070e+03 
       1.774646365435e-01       2.474352825359e+03 
       1.806832719066e-01       2.424762329204e+03 
       1.839019109119e-01       2.378685990996e+03 
       1.871205533598e-01       2.333373978042e+03 
       1.903391990686e-01       2.286066736085e+03 
       1.935578478704e-01       2.235056599358e+03 
       1.967764996102e-01       2.179436378498e+03 
       1.999951541437e-01       2.119161642979e+03 
       2.032138113361e-01       2.054960837329e+03 
       2.064324710618e-01       1.988155276960e+03 
       2.096511332028e-01       1.920358154352e+03 
       2.128697976486e-01       1.853312121144e+03 
       2.160884642953e-01       1.788528036694e+03 
       2.193071330453e-01       1.727299762990e+03 
       2.225258038065e-01       1.670619633100e+03 
       2.257444764924e-01       1.618982543749e+03 
       2.289631510211e-01       1.572715084470e+03 
       2.321818273156e-01       1.531732580263e+03 
       2.354005053028e-01       1.495541316468e+03 
       2.386191849138e-01       1.463548615990e+03 
       2.418378660833e-01       1.434837391349e+03 
       2.450565487496e-01       1.408377401782e+03 
       2.482752328541e-01       1.383164025359e+03 
       2.514939183411e-01       1.358299419200e+03 
       2.547126051579e-01       1.333043167279e+03 
       2.579312932545e-01       1.306880452234e+03 
       2.611499825832e-01       1.279584354551e+03 
       2.643686730988e-01       1.251087444552e+03 
       2.675873647581e-01       1.221536602412e+03 
       2.708060575202e-01       1.191231131253e+03 
       2.740247513460e-01       1.160586020139e+03 
       2.772434461981e-01       1.130116543273e+03 
       2.804621420412e-01       1.100335740901e+03 
       2.836808388412e-01       1.071728124030e+03 
       2.868995365657e-01       1.044683873258e+03 
       2.901182351839e-01       1.019455099053e+03 
       2.933369346661e-01       9.961302597667e+02 
       2.965556349840e-01       9.746919101262e+02 
       2.997743361107e-01       9.549858941805e+02 
       3.029930380201e-01       9.367614904608e+02 
       3.062117406875e-01       9.197573906325e+02 
       3.094304440891e-01       9.036844846643e+02 
       3.126491482021e-01       8.882479021839e+02 
       3.158678530046e-01       8.731592242913e+02 
       3.190865584758e-01       8.581831717106e+02 
       3.223052645953e-01       8.431157061662e+02 
       3.255239713440e-01       8.278289404541e+02 
       3.287426787032e-01       8.122852693886e+02 
       3.319613866552e-01       7.965179756279e+02 
       3.351800951826e-01       7.806218508280e+02 
       3.383988042692e-01       7.647331545897e+02 
       3.416175138989e-01       7.490070980137e+02 
       3.448362240564e-01       7.335843487936e+02 
       3.480549347272e-01       7.185903599670e+02 
       3.512736458969e-01       7.041281582885e+02 
       3.544923575520e-01       6.902881534531e+02 
       3.577110696793e-01       6.771182474476e+02 
       3.609297822661e-01       6.646480696507e+02 
       3.641484953002e-01       6.528502089274e+02 
       3.673672087697e-01       6.416736131560e+02 
       3.705859226633e-01       6.310295396121e+02 
       3.738046369699e-01       6.208125375735e+02 
       3.770233516790e-01       6.109175152888e+02 
       3.802420667802e-01       6.012396578731e+02 
       3.834607822637e-01       5.917116489830e+02 
       3.866794981199e-01       5.822765561854e+02 
       3.898982143394e-01       5.729001654632e+02 
       3.931169309135e-01       5.635628909039e+02 
       3.963356478332e-01       5.542616884385e+02 
       3.995543650904e-01       5.450041063612e+02 
       4.027730826768e-01       5.358120582461e+02 
       4.059918005846e-01       5.267224507224e+02 
       4.092105188062e-01       5.177763844695e+02 
       4.124292373343e-01       5.090224121432e+02 
       4.156479561615e-01       5.004974126701e+02 
       4.188666752811e-01       4.922283013137e+02 
       4.220853946864e-01       4.842257178432e+02 
       4.253041143707e-01       4.764923468867e+02 
       4.285228343279e-01       4.690159372574e+02 
       4.317415545517e-01       4.617839409836e+02 
       4.349602750363e-01       4.547913415903e+02 
       4.381789957758e-01       4.480103971613e+02 
       4.413977167647e-01       4.414239405330e+02 
       4.446164379976e-01       4.350121538335e+02 
       4.478351594691e-01       4.287359389275e+02 
       4.510538811741e-01       4.225712149451e+02 
       4.542726031077e-01       4.164913616507e+02 
       4.574913252650e-01       4.104833528667e+02 
       4.607100476412e-01       4.045387202473e+02 
       4.639287702320e-01       3.986617009845e+02 
       4.671474930327e-01       3.928569179014e+02 
       4.703662160390e-01       3.871300740343e+02 
       4.735849392468e-01       3.814866814242e+02 
       4.768036626520e-01       3.759329284302e+02 
       4.800223862505e-01       3.704779296901e+02 
       4.832411100385e-01       3.651329979209e+02 
       4.864598340123e-01       3.599105550385e+02 
       4.896785581680e-01       3.548180234967e+02 
       4.928972825023e-01       3.498611122249e+02 
       4.961160070115e-01       3.450393556148e+02 
       4.993347316924e-01       3.403441828044e+02 
       5.025534565415e-01       3.357647103815e+02 
       5.057721815557e-01       3.312877239131e+02 
       5.089909067318e-01       3.269024668543e+02 
       5.122096320667e-01       3.226018812399e+02 
       5.154283575575e-01       3.183788613067e+02 
       5.186470832013e-01       3.142285683224e+02 
       5.218658089952e-01       3.101413253391e+02 
       5.250845349364e-01       3.061128105800e+02 
       5.283032610223e-01       3.021369205377e+02 
       5.315219872502e-01       2.982114069775e+02 
       5.347407136176e-01       2.943358499344e+02 
       5.379594401218e-01       2.905259404108e+02 
       5.411781667606e-01       2.867746192770e+02 
       5.443968935315e-01       2.830910358725e+02 
       5.476156204321e-01       2.794771281150e+02 
       5.508343474601e-01       2.759310070458e+02 
       5.540530746134e-01       2.724515822225e+02 
       5.572718018898e-01       2.690387798830e+02 
       5.604905292871e-01       2.656910764510e+02 
       5.637092568033e-01       2.624094202789e+02 
       5.669279844364e-01       2.591928191392e+02 
       5.701467121842e-01       2.560394970976e+02 
       5.733654400450e-01       2.529468302643e+02 
       5.765841680168e-01       2.499090588853e+02 
       5.798028960977e-01       2.469217609725e+02 
       5.830216242860e-01       2.439814114691e+02 
       5.862403525799e-01       2.410844204964e+02 
       5.894590809776e-01       2.382312455897e+02 
       5.926778094774e-01       2.354225722715e+02 
       5.958965380778e-01       2.326578142640e+02 
       5.991152667770e-01       2.299357527661e+02 
       6.023339955734e-01       2.272540396287e+02 
       6.055527244656e-01       2.246108235225e+02 
       6.087714534520e-01       2.220054645801e+02 
       6.119901825310e-01       2.194384279321e+02 
       6.152089117013e-01       2.169114472193e+02 
       6.184276409615e-01       2.144284322823e+02 
       6.216463703100e-01       2.119880952900e+02 
       6.248650997456e-01       2.095908857843e+02 
       6.280838292669e-01       2.072334087073e+02 
