# Matter power spectrum P(k) at redshift z=0
# for k=1.04564e-05 to 0.628085 h/Mpc,
# number of wavenumbers equal to 560
#    1:k (h/Mpc)              2:P (Mpc/h)^3        
       1.045636895265e-05       5.098359698901e+01 
       2.335679560827e-05       1.106795839467e+02 
       3.630270104875e-05       1.693501881256e+02 
       4.932902292129e-05       2.276197145011e+02 
       6.247127825534e-05       2.858448515147e+02 
       7.576588111260e-05       3.442937771890e+02 
       8.925047042053e-05       4.031964344209e+02 
       1.029642523618e-04       4.627650898185e+02 
       1.169483617253e-04       5.232049133980e+02 
       1.312462466594e-04       5.847203867216e+02 
       1.459040812704e-04       6.475197642785e+02 
       1.609712104528e-04       7.118185585200e+02 
       1.765006311493e-04       7.778425210425e+02 
       1.925495138656e-04       8.458303783156e+02 
       2.091797675893e-04       9.160364404941e+02 
       2.264586501640e-04       9.887332081765e+02 
       2.444594244707e-04       1.064213973518e+03 
       2.632620582423e-04       1.142795440379e+03 
       2.829539617176e-04       1.224820363802e+03 
       3.036307522730e-04       1.310660133299e+03 
       3.253970282921e-04       1.400717241172e+03 
       3.483671254117e-04       1.495427502323e+03 
       3.726658165545e-04       1.595261844601e+03 
       3.984289025598e-04       1.700727473446e+03 
       4.258036227939e-04       1.812368046763e+03 
       4.549487954243e-04       1.930762580318e+03 
       4.860345764741e-04       2.056522530185e+03 
       5.192417079961e-04       2.190286661112e+03 
       5.547601129293e-04       2.332713106738e+03 
       5.927866934653e-04       2.484468150824e+03 
       6.335222085904e-04       2.646211423749e+03 
       6.771671529358e-04       2.818577247625e+03 
       7.239166395545e-04       3.002152477979e+03 
       7.739544052627e-04       3.197451537246e+03 
       8.274462014653e-04       3.404889859595e+03 
       8.845329869088e-04       3.624757739829e+03 
       9.453244707822e-04       3.857196820802e+03 
       1.009893627528e-03       4.102181803662e+03 
       1.078272785053e-03       4.359509718037e+03 
       1.150451759568e-03       4.628798426634e+03 
       1.226378284735e-03       4.909495048716e+03 
       1.305960701488e-03       5.200893822384e+03 
       1.389072597609e-03       5.502140307429e+03 
       1.475558872485e-03       5.812302126525e+03 
       1.565242591966e-03       6.130403294807e+03 
       1.657931999912e-03       6.455414835720e+03 
       1.753427147025e-03       6.786303211545e+03 
       1.851525746949e-03       7.122053160403e+03 
       1.952028034334e-03       7.461689302144e+03 
       2.054740548082e-03       7.804288133586e+03 
       2.159478877179e-03       8.148988250219e+03 
       2.266069480787e-03       8.494996214042e+03 
       2.374350732484e-03       8.841588280578e+03 
       2.484173348708e-03       9.188109549577e+03 
       2.595400353075e-03       9.533971817619e+03 
       2.707906709431e-03       9.878650728806e+03 
       2.821578733365e-03       1.022168028004e+04 
       2.936313368670e-03       1.056264867614e+04 
       3.052017394124e-03       1.090119436865e+04 
       3.168606608030e-03       1.123700008288e+04 
       3.286005023524e-03       1.156978956570e+04 
       3.404144096434e-03       1.189932433494e+04 
       3.522961999065e-03       1.222539408274e+04 
       3.642402947157e-03       1.254782166171e+04 
       3.762416582959e-03       1.286645487555e+04 
       3.882957414427e-03       1.318116214500e+04 
       4.003984308618e-03       1.349183539711e+04 
       4.125460036238e-03       1.379838139647e+04 
       4.247350863597e-03       1.410072608310e+04 
       4.369626188000e-03       1.439880602128e+04 
       4.492258212547e-03       1.469257306409e+04 
       4.615221656429e-03       1.498198728142e+04 
       4.738493497044e-03       1.526701179702e+04 
       4.862052740511e-03       1.554758370949e+04 
       4.985880217464e-03       1.582384060513e+04 
       5.109958401287e-03       1.609565719137e+04 
       5.234271246267e-03       1.636300528943e+04 
       5.358804043362e-03       1.662590508374e+04 
       5.483543291602e-03       1.688454791959e+04 
       5.608476583293e-03       1.713881809056e+04 
       5.733592501470e-03       1.738863542974e+04 
       5.858880528176e-03       1.763408541901e+04 
       5.984330962338e-03       1.787519660592e+04 
       6.109934846160e-03       1.811198940959e+04 
       6.235683899055e-03       1.834452825815e+04 
       6.361570458291e-03       1.857274751667e+04 
       6.487587425581e-03       1.879682776026e+04 
       6.613728218986e-03       1.901673397999e+04 
       6.739986729531e-03       1.923250601471e+04 
       6.866357282029e-03       1.944418317631e+04 
       6.992834599671e-03       1.965178668400e+04 
       7.119413771960e-03       1.985557978780e+04 
       7.246090225661e-03       2.005510870396e+04 
       7.372859698434e-03       2.025068374267e+04 
       7.499718214888e-03       2.044232980323e+04 
       7.626662064791e-03       2.063009171780e+04 
       7.753687783241e-03       2.081402380705e+04 
       7.880792132586e-03       2.099414329203e+04 
       8.007972085916e-03       2.117051291289e+04 
       8.135224812001e-03       2.134312411951e+04 
       8.262547661493e-03       2.151202408510e+04 
       8.389938154318e-03       2.167728232625e+04 
       8.517393968099e-03       2.183896106477e+04 
       8.644912927558e-03       2.199702069984e+04 
       8.772492994770e-03       2.215156147719e+04 
       8.900132260209e-03       2.230258899078e+04 
       9.027828934522e-03       2.245017043092e+04 
       9.155581340938e-03       2.259432586047e+04 
       9.283387908292e-03       2.273509329237e+04 
       9.411247164576e-03       2.287251135521e+04 
       9.539157730998e-03       2.300662807093e+04 
       9.667118316488e-03       2.313740905484e+04 
       9.795127712625e-03       2.326504821388e+04 
       9.923184788941e-03       2.338938266760e+04 
       1.005128848858e-02       2.351060905894e+04 
       1.017943782426e-02       2.362875427166e+04 
       1.030763187456e-02       2.374372136486e+04 
       1.043586978047e-02       2.385566295828e+04 
       1.056415074215e-02       2.396455039450e+04 
       1.069247401598e-02       2.407051837653e+04 
       1.082083891179e-02       2.417345819627e+04 
       1.094924479030e-02       2.427350314042e+04 
       1.107769106071e-02       2.437065415977e+04 
       1.120617717851e-02       2.446495440642e+04 
       1.133470264339e-02       2.455639650940e+04 
       1.146326699735e-02       2.464510301691e+04 
       1.159186982290e-02       2.473100158151e+04 
       1.172051074140e-02       2.481419398692e+04 
       1.184918941153e-02       2.489466681285e+04 
       1.197790552784e-02       2.497253908172e+04 
       1.210665881941e-02       2.504775401403e+04 
       1.223544904865e-02       2.512037267514e+04 
       1.236427601008e-02       2.519035144843e+04 
       1.249313952931e-02       2.525791100205e+04 
       1.262203946203e-02       2.532286513259e+04 
       1.275097569309e-02       2.538541166443e+04 
       1.287994813563e-02       2.544548655182e+04 
       1.300895673028e-02       2.550311103249e+04 
       1.313800144447e-02       2.555835907669e+04 
       1.326708227169e-02       2.561123002674e+04 
       1.339619923092e-02       2.566177552258e+04 
       1.352535236601e-02       2.571004202509e+04 
       1.365454174519e-02       2.575605025430e+04 
       1.378376746053e-02       2.579976043307e+04 
       1.391302962754e-02       2.584122805346e+04 
       1.404232838478e-02       2.588054415780e+04 
       1.417166389342e-02       2.591766977606e+04 
       1.430103633697e-02       2.595268162513e+04 
       1.443044592099e-02       2.598557022931e+04 
       1.455989287277e-02       2.601635775840e+04 
       1.468937744114e-02       2.604509518389e+04 
       1.481889989623e-02       2.607179011610e+04 
       1.494846052934e-02       2.609649677864e+04 
       1.507805965275e-02       2.611918788053e+04 
       1.520769759961e-02       2.613995264008e+04 
       1.533737472384e-02       2.615878658046e+04 
       1.546709140004e-02       2.617570226452e+04 
       1.559684802347e-02       2.619067649016e+04 
       1.572664500999e-02       2.620391757534e+04 
       1.585648279608e-02       2.621521563227e+04 
       1.598636183881e-02       2.622475077963e+04 
       1.611628261591e-02       2.623244226248e+04 
       1.624624562584e-02       2.623841633809e+04 
       1.637625138778e-02       2.624267293828e+04 
       1.650630044183e-02       2.624520889319e+04 
       1.663639334904e-02       2.624606105647e+04 
       1.676653069156e-02       2.624521011278e+04 
       1.689671307281e-02       2.624274915546e+04 
       1.702694111760e-02       2.623863268512e+04 
       1.715721547237e-02       2.623291106197e+04 
       1.728753680533e-02       2.622566206445e+04 
       1.741790580669e-02       2.621682416832e+04 
       1.754832318894e-02       2.620644818902e+04 
       1.767878968702e-02       2.619458539415e+04 
       1.780930605865e-02       2.618119279339e+04 
       1.793987308457e-02       2.616634898094e+04 
       1.807049156889e-02       2.615008830056e+04 
       1.820116233934e-02       2.613240933340e+04 
       1.833188624765e-02       2.611321999158e+04 
       1.846266416988e-02       2.609277332283e+04 
       1.859349700680e-02       2.607097613472e+04 
       1.872438568423e-02       2.604773091281e+04 
       1.885533115352e-02       2.602324073531e+04 
       1.898633439189e-02       2.599734931676e+04 
       1.911739640288e-02       2.597033999052e+04 
       1.924851821684e-02       2.594191491635e+04 
       1.937970089137e-02       2.591224508913e+04 
       1.951094551180e-02       2.588156767945e+04 
       1.964225319172e-02       2.584954631799e+04 
       1.977362507348e-02       2.581637749283e+04 
       1.990506232875e-02       2.578112651560e+04 
       2.003656615909e-02       2.574571444060e+04 
       2.016813779650e-02       2.570903804612e+04 
       2.029977850406e-02       2.567131297787e+04 
       2.043148957654e-02       2.563275475203e+04 
       2.056327234102e-02       2.559339874902e+04 
       2.069512815760e-02       2.555191439137e+04 
       2.082705842005e-02       2.550977807771e+04 
       2.095906455654e-02       2.546690131540e+04 
       2.109114803036e-02       2.542302611924e+04 
       2.122331034068e-02       2.537871456103e+04 
       2.135555302336e-02       2.533278536863e+04 
       2.148787765169e-02       2.528518867583e+04 
       2.162028583729e-02       2.523750145327e+04 
       2.175277923093e-02       2.518900919997e+04 
       2.188535952341e-02       2.513993316953e+04 
       2.201802844651e-02       2.508891992425e+04 
       2.215078777387e-02       2.503761332484e+04 
       2.228363932203e-02       2.498602845408e+04 
       2.241658495137e-02       2.493236066861e+04 
       2.254962656719e-02       2.487927691494e+04 
       2.268276612072e-02       2.482422234538e+04 
       2.281600561027e-02       2.476874860434e+04 
       2.294934708235e-02       2.471259554087e+04 
       2.308279263281e-02       2.465570883752e+04 
       2.321634440805e-02       2.459868561767e+04 
       2.335000460630e-02       2.454055824285e+04 
       2.348377547885e-02       2.448092599101e+04 
       2.361765933141e-02       2.442129290588e+04 
       2.375165852546e-02       2.436095192822e+04 
       2.388577547962e-02       2.429992657726e+04 
       2.402001267117e-02       2.423893314804e+04 
       2.415437263750e-02       2.417666387567e+04 
       2.428885797766e-02       2.411380324970e+04 
       2.442347135397e-02       2.404977305786e+04 
       2.455821549365e-02       2.398637390675e+04 
       2.469309319054e-02       2.392174380790e+04 
       2.482810730683e-02       2.385609819124e+04 
       2.496326077489e-02       2.379085891028e+04 
       2.509855659916e-02       2.372406536293e+04 
       2.523399785804e-02       2.365786453716e+04 
       2.536958770591e-02       2.359056295428e+04 
       2.550532937524e-02       2.352285780099e+04 
       2.564122617864e-02       2.345411752229e+04 
       2.577728151114e-02       2.338600037344e+04 
       2.591349885243e-02       2.331687141480e+04 
       2.604988176924e-02       2.324742532062e+04 
       2.618643391780e-02       2.317734369359e+04 
       2.632315904631e-02       2.310650866189e+04 
       2.646006099762e-02       2.303622929388e+04 
       2.659714371187e-02       2.296497537375e+04 
       2.673441122936e-02       2.289297618627e+04 
       2.687186769339e-02       2.282149717186e+04 
       2.700951735331e-02       2.274914911808e+04 
       2.714736456760e-02       2.267619129945e+04 
       2.728541380711e-02       2.260330837446e+04 
       2.742366965841e-02       2.253018487283e+04 
       2.756213682721e-02       2.245637020237e+04 
       2.770082014202e-02       2.238292400000e+04 
       2.783972455784e-02       2.230831862346e+04 
       2.797885516001e-02       2.223371775355e+04 
       2.811821716825e-02       2.215905485485e+04 
       2.825781594083e-02       2.208419941512e+04 
       2.839765697884e-02       2.200892215833e+04 
       2.853774593077e-02       2.193392351929e+04 
       2.867808859709e-02       2.185821073847e+04 
       2.881869093514e-02       2.178176190676e+04 
       2.895955906417e-02       2.170566648944e+04 
       2.910069927058e-02       2.162939568868e+04 
       2.924211801335e-02       2.155284160284e+04 
       2.938382192973e-02       2.147607519912e+04 
       2.952581784115e-02       2.139926210628e+04 
       2.966811275934e-02       2.132254059572e+04 
       2.981071389274e-02       2.124483082103e+04 
       2.995362865318e-02       2.116749286194e+04 
       3.009686466281e-02       2.109027589412e+04 
       3.024042976137e-02       2.101247924758e+04 
       3.038433201369e-02       2.093485797951e+04 
       3.052857971763e-02       2.085659682183e+04 
       3.067318141226e-02       2.077871525087e+04 
       3.081814588649e-02       2.070057578708e+04 
       3.096348218797e-02       2.062208285714e+04 
       3.110919963254e-02       2.054379906261e+04 
       3.125530781394e-02       2.046533891952e+04 
       3.140181661410e-02       2.038706969666e+04 
       3.154873621383e-02       2.030831546823e+04 
       3.169607710404e-02       2.022966727715e+04 
       3.184385009745e-02       2.015076409615e+04 
       3.199206634087e-02       2.007197601484e+04 
       3.214073732811e-02       1.999309789661e+04 
       3.228987491343e-02       1.991438520996e+04 
       3.243949132571e-02       1.983565963779e+04 
       3.258959918332e-02       1.975657959899e+04 
       3.274021150964e-02       1.967778628350e+04 
       3.289134174948e-02       1.959873951624e+04 
       3.304300378625e-02       1.951946050575e+04 
       3.319521196002e-02       1.944025903695e+04 
       3.334798108656e-02       1.936134008721e+04 
       3.350132647730e-02       1.928224129972e+04 
       3.365526396040e-02       1.920340890335e+04 
       3.380980990295e-02       1.912434562805e+04 
       3.396498123428e-02       1.904518986615e+04 
       3.412079547066e-02       1.896610406777e+04 
       3.427727074129e-02       1.888675488184e+04 
       3.443442581570e-02       1.880773498222e+04 
       3.459228013282e-02       1.872882198789e+04 
       3.475085383154e-02       1.864992287347e+04 
       3.491016778317e-02       1.857080803303e+04 
       3.507024362571e-02       1.849188781721e+04 
       3.523110380015e-02       1.841297427616e+04 
       3.539277158897e-02       1.833370445276e+04 
       3.555527115688e-02       1.825498068439e+04 
       3.571862759414e-02       1.817609165778e+04 
       3.588286696247e-02       1.809725965079e+04 
       3.604801634390e-02       1.801856115352e+04 
       3.621410389264e-02       1.793967431752e+04 
       3.638115889031e-02       1.786084205695e+04 
       3.654921180476e-02       1.778223146308e+04 
       3.671829435270e-02       1.770349618896e+04 
       3.688843956656e-02       1.762524849981e+04 
       3.705968186577e-02       1.754645597729e+04 
       3.723205713301e-02       1.746807524669e+04 
       3.740560279563e-02       1.738944939797e+04 
       3.758035791283e-02       1.731111514596e+04 
       3.775636326904e-02       1.723231876671e+04 
       3.793366147397e-02       1.715405041243e+04 
       3.811229707004e-02       1.707555505748e+04 
       3.829231664770e-02       1.699734026738e+04 
       3.847376896948e-02       1.691897760094e+04 
       3.865670510341e-02       1.684073759384e+04 
       3.884117856684e-02       1.676263843720e+04 
       3.902724548152e-02       1.668442837849e+04 
       3.921496474103e-02       1.660598111036e+04 
       3.940439819176e-02       1.652779770008e+04 
       3.959561082879e-02       1.644974386302e+04 
       3.978867100811e-02       1.637135055336e+04 
       3.998365067683e-02       1.629310887226e+04 
       4.018062562326e-02       1.621495187302e+04 
       4.037967574888e-02       1.613666710709e+04 
       4.058088536457e-02       1.605867837841e+04 
       4.078434351372e-02       1.598019540605e+04 
       4.099014432505e-02       1.590181270012e+04 
       4.119838739859e-02       1.582367016095e+04 
       4.140917822854e-02       1.574534428396e+04 
       4.162262866721e-02       1.566691494723e+04 
       4.183885743495e-02       1.558868328548e+04 
       4.205799068147e-02       1.550983710885e+04 
       4.228016260493e-02       1.543115274207e+04 
       4.250551613592e-02       1.535282501722e+04 
       4.273420369454e-02       1.527365973096e+04 
       4.296638803002e-02       1.519472073889e+04 
       4.320224315380e-02       1.511570865087e+04 
       4.344195537856e-02       1.503633924891e+04 
       4.368572447777e-02       1.495695478611e+04 
       4.393376498269e-02       1.487764188316e+04 
       4.418630763639e-02       1.479827647566e+04 
       4.444360102777e-02       1.471810389239e+04 
       4.470591343258e-02       1.463773811080e+04 
       4.497353489289e-02       1.455754752627e+04 
       4.524677957245e-02       1.447687027858e+04 
       4.552598843190e-02       1.439622234703e+04 
       4.581153227637e-02       1.431458259500e+04 
       4.610381523776e-02       1.423309524385e+04 
       4.640327876640e-02       1.415095394409e+04 
       4.671040622181e-02       1.406855276932e+04 
       4.702572817055e-02       1.398557106478e+04 
       4.734982852211e-02       1.390253202019e+04 
       4.768335166177e-02       1.381827528819e+04 
       4.802701077473e-02       1.373390639104e+04 
       4.838159759935e-02       1.364887827649e+04 
       4.874799390285e-02       1.356256743165e+04 
       4.912718504167e-02       1.347610273079e+04 
       4.952027605695e-02       1.338865474175e+04 
       4.992851086652e-02       1.330010295289e+04 
       5.035329525643e-02       1.321062993984e+04 
       5.079622455573e-02       1.311983356544e+04 
       5.125911710767e-02       1.302796371903e+04 
       5.174405494381e-02       1.293453569468e+04 
       5.225343343801e-02       1.283953666109e+04 
       5.279002218382e-02       1.274271766753e+04 
       5.335703991405e-02       1.264378966247e+04 
       5.395824697338e-02       1.254257686667e+04 
       5.459805964157e-02       1.243872854176e+04 
       5.528169140948e-02       1.233161990814e+04 
       5.601532692747e-02       1.222071232157e+04 
       5.680633431602e-02       1.210545668510e+04 
       5.766351989222e-02       1.198487861887e+04 
       5.859742422558e-02       1.185800098036e+04 
       5.962064624451e-02       1.172278441233e+04 
       6.074815667511e-02       1.157736056196e+04 
       6.199751381395e-02       1.141916697178e+04 
       6.338881205432e-02       1.124411081643e+04 
       6.494407304465e-02       1.104772547579e+04 
       6.668566417010e-02       1.082369324575e+04 
       6.863332605978e-02       1.056459988783e+04 
       7.079977132131e-02       1.026304978549e+04 
       7.318582119309e-02       9.912974043975e+03 
       7.577733300821e-02       9.511774959220e+03 
       7.854635213720e-02       9.063511026859e+03 
       8.145678289419e-02       8.579367702901e+03 
       8.447183271432e-02       8.076425335244e+03 
       8.755970135390e-02       7.573966283367e+03 
       9.069597398788e-02       7.091303039447e+03 
       9.386339620635e-02       6.644540680725e+03 
       9.705043573987e-02       6.244890449926e+03 
       1.002496599645e-01       5.898442125831e+03 
       1.034563878466e-01       5.606332048232e+03 
       1.066677134293e-01       5.365793285441e+03 
       1.098818485970e-01       5.170419268924e+03 
       1.130976989393e-01       5.011401327992e+03 
       1.163145967287e-01       4.878886432441e+03 
       1.195321352740e-01       4.762475484058e+03 
       1.227500670663e-01       4.652529935166e+03 
       1.259682414844e-01       4.540347389940e+03 
       1.291865668157e-01       4.419588886008e+03 
       1.324049871471e-01       4.286390126583e+03 
       1.356234683185e-01       4.139611841606e+03 
       1.388419893909e-01       3.980366707715e+03 
       1.420605374657e-01       3.812031348205e+03 
       1.452791045388e-01       3.639265054864e+03 
       1.484976855900e-01       3.467270269824e+03 
       1.517162774228e-01       3.301273738553e+03 
       1.549348779591e-01       3.145596377394e+03 
       1.581534858101e-01       3.003817405430e+03 
       1.613721000151e-01       2.878107273240e+03 
       1.645907198819e-01       2.769128381242e+03 
       1.678093448895e-01       2.676445301436e+03 
       1.710279746279e-01       2.598602771586e+03 
       1.742466087615e-01       2.533143604601e+03 
       1.774652470057e-01       2.477244231442e+03 
       1.806838891124e-01       2.427658104021e+03 
       1.839025348613e-01       2.381547281623e+03 
       1.871211840528e-01       2.336264276036e+03 
       1.903398365051e-01       2.289011480504e+03 
       1.935584920505e-01       2.238011955119e+03 
       1.967771505339e-01       2.182394113040e+03 
       1.999958118108e-01       2.122074473100e+03 
       2.032144757468e-01       2.057821043367e+03 
       2.064331422159e-01       1.990943720508e+03 
       2.096518111004e-01       1.923051475801e+03 
       2.128704822896e-01       1.855912020929e+03 
       2.160891556798e-01       1.791064033686e+03 
       2.193078311732e-01       1.729760526413e+03 
       2.225265086778e-01       1.672992224716e+03 
       2.257451881071e-01       1.621355477910e+03 
       2.289638693793e-01       1.575064963230e+03 
       2.321825524171e-01       1.534045344856e+03 
       2.354012371477e-01       1.497868661103e+03 
       2.386199235020e-01       1.465853899866e+03 
       2.418386114150e-01       1.437157976834e+03 
       2.450573008246e-01       1.410695537994e+03 
       2.482759916724e-01       1.385482938888e+03 
       2.514946839027e-01       1.360622306467e+03 
       2.547133774629e-01       1.335353542992e+03 
       2.579320723028e-01       1.309186789668e+03 
       2.611507683749e-01       1.281881396750e+03 
       2.643694656337e-01       1.253371816141e+03 
       2.675881640364e-01       1.223785982071e+03 
       2.708068635418e-01       1.193467056683e+03 
       2.740255641109e-01       1.162792193054e+03 
       2.772442657063e-01       1.132300965205e+03 
       2.804629682927e-01       1.102479851401e+03 
       2.836816718359e-01       1.073844183928e+03 
       2.869003763038e-01       1.046769165927e+03 
       2.901190816652e-01       1.021511700412e+03 
       2.933377878907e-01       9.981682381363e+02 
       2.965564949519e-01       9.767282113551e+02 
       2.997752028218e-01       9.570033694949e+02 
       3.029939114745e-01       9.387733723211e+02 
       3.062126208852e-01       9.217685624236e+02 
       3.094313310300e-01       9.056928637211e+02 
       3.126500418863e-01       8.902526602036e+02 
       3.158687534321e-01       8.751659310495e+02 
       3.190874656465e-01       8.601829310629e+02 
       3.223061785093e-01       8.451213503391e+02 
       3.255248920012e-01       8.298207097105e+02 
       3.287436061037e-01       8.142714148531e+02 
       3.319623207988e-01       7.984888973753e+02 
       3.351810360696e-01       7.825763541465e+02 
       3.383997518993e-01       7.666739704121e+02 
       3.416184682722e-01       7.509322396683e+02 
       3.448371851730e-01       7.354891637130e+02 
       3.480559025870e-01       7.204830582468e+02 
       3.512746205000e-01       7.060071590568e+02 
       3.544933388983e-01       6.921535734125e+02 
       3.577120577688e-01       6.789788681945e+02 
       3.609307770988e-01       6.664921995237e+02 
       3.641494968761e-01       6.546846834402e+02 
       3.673682170889e-01       6.434996688324e+02 
       3.705869377256e-01       6.328509207282e+02 
       3.738056587755e-01       6.226352444613e+02 
       3.770243802278e-01       6.127314001200e+02 
       3.802431020722e-01       6.030558427422e+02 
       3.834618242989e-01       5.935231933854e+02 
       3.866805468983e-01       5.840861318104e+02 
       3.898992698611e-01       5.747020681366e+02 
       3.931179931783e-01       5.653621798729e+02 
       3.963367168413e-01       5.560497873619e+02 
       3.995554408416e-01       5.467837113298e+02 
       4.027741651713e-01       5.375832880303e+02 
       4.059928898223e-01       5.284858992678e+02 
       4.092116147871e-01       5.195296961430e+02 
       4.124303400583e-01       5.107636542789e+02 
       4.156490656287e-01       5.022287292934e+02 
       4.188677914915e-01       4.939536969605e+02 
       4.220865176400e-01       4.859476706659e+02 
       4.253052440675e-01       4.782058197289e+02 
       4.285239707679e-01       4.707245242177e+02 
       4.317426977349e-01       4.634919977464e+02 
       4.349614249626e-01       4.564939793020e+02 
       4.381801524454e-01       4.497051912745e+02 
       4.413988801774e-01       4.431182210953e+02 
       4.446176081535e-01       4.367001523703e+02 
       4.478363363682e-01       4.304176372002e+02 
       4.510550648164e-01       4.242488049917e+02 
       4.542737934931e-01       4.181624171987e+02 
       4.574925223936e-01       4.121494339091e+02 
       4.607112515131e-01       4.062010428025e+02 
       4.639299808470e-01       4.003208775627e+02 
       4.671487103908e-01       3.945079847020e+02 
       4.703674401404e-01       3.887767350997e+02 
       4.735861700914e-01       3.831253865903e+02 
       4.768049002397e-01       3.775699751810e+02 
       4.800236305814e-01       3.721126354135e+02 
       4.832423611126e-01       3.667618250088e+02 
       4.864610918295e-01       3.615322743260e+02 
       4.896798227285e-01       3.564366592588e+02 
       4.928985538059e-01       3.514748952056e+02 
       4.961172850583e-01       3.466477221894e+02 
       4.993360164823e-01       3.419462750826e+02 
       5.025547480746e-01       3.373635847337e+02 
       5.057734798320e-01       3.328832811419e+02 
       5.089922117512e-01       3.284919774796e+02 
       5.122109438293e-01       3.241903855732e+02 
       5.154296760633e-01       3.199622086839e+02 
       5.186484084503e-01       3.158083250865e+02 
       5.218671409873e-01       3.117158252541e+02 
       5.250858736717e-01       3.076838349751e+02 
       5.283046065008e-01       3.037057449091e+02 
       5.315233394719e-01       2.997791534263e+02 
       5.347420725824e-01       2.959013656848e+02 
       5.379608058298e-01       2.920845029676e+02 
       5.411795392118e-01       2.883282948901e+02 
       5.443982727258e-01       2.846399717197e+02 
       5.476170063695e-01       2.810196499841e+02 
       5.508357401408e-01       2.774713773274e+02 
       5.540544740373e-01       2.739900075446e+02 
       5.572732080568e-01       2.705714323060e+02 
       5.604919421973e-01       2.672216685218e+02 
       5.637106764566e-01       2.639376388535e+02 
       5.669294108328e-01       2.607161605833e+02 
       5.701481453238e-01       2.575592927508e+02 
       5.733668799278e-01       2.544601781057e+02 
       5.765856146427e-01       2.514220846472e+02 
       5.798043494668e-01       2.484321324554e+02 
       5.830230843983e-01       2.454860977162e+02 
       5.862418194353e-01       2.425854144207e+02 
       5.894605545762e-01       2.397295611438e+02 
       5.926792898192e-01       2.369174717089e+02 
       5.958980251627e-01       2.341498648234e+02 
       5.991167606050e-01       2.314242637818e+02 
       6.023354961447e-01       2.287406818510e+02 
       6.055542317800e-01       2.260921749247e+02 
       6.087729675095e-01       2.234863701906e+02 
       6.119917033317e-01       2.209155567877e+02 
       6.152104392452e-01       2.183862126370e+02 
       6.184291752485e-01       2.158999424314e+02 
       6.216479113402e-01       2.134560760870e+02 
       6.248666475189e-01       2.110550664453e+02 
       6.280853837834e-01       2.086948576387e+02 
