# Matter power spectrum P(k) at redshift z=0
# for k=1.04564e-05 to 0.628059 h/Mpc,
# number of wavenumbers equal to 560
#    1:k (h/Mpc)              2:P (Mpc/h)^3        
       1.045636895265e-05       5.098369599478e+01 
       2.335633999404e-05       1.106777390618e+02 
       3.630178599742e-05       1.693464711154e+02 
       4.932764089950e-05       2.276141355065e+02 
       6.246941792588e-05       2.858374069553e+02 
       7.576352718470e-05       3.442844639928e+02 
       8.924760344136e-05       4.031852271555e+02 
       1.029608484458e-04       4.627519562992e+02 
       1.169443922170e-04       5.231898111307e+02 
       1.312416777232e-04       5.847032657321e+02 
       1.458988734024e-04       6.475005625683e+02 
       1.609653179050e-04       7.117972034800e+02 
       1.764940012590e-04       7.778189319612e+02 
       1.925420862798e-04       8.458044594963e+02 
       2.091714733745e-04       9.160080857143e+02 
       2.264494107920e-04       9.887023027529e+02 
       2.444491506708e-04       1.064180383750e+03 
       2.632506487136e-04       1.142759018393e+03 
       2.829413016969e-04       1.224780945195e+03 
       3.036167119619e-04       1.310617532850e+03 
       3.253814611532e-04       1.400671252161e+03 
       3.483498663580e-04       1.495377883997e+03 
       3.726466800730e-04       1.595208324534e+03 
       3.984076808338e-04       1.700669730283e+03 
       4.257800839190e-04       1.812305703832e+03 
       4.549226818477e-04       1.930695172283e+03 
       4.860056038316e-04       2.056449487846e+03 
       5.192095645624e-04       2.190207258497e+03 
       5.547244599392e-04       2.332626418447e+03 
       5.927471665902e-04       2.484372970403e+03 
       6.334784208553e-04       2.646106157323e+03 
       6.771186993209e-04       2.818459785353e+03 
       7.238631034314e-04       3.002020059063e+03 
       7.738953666514e-04       3.197300522881e+03 
       8.273812468791e-04       3.404715545866e+03 
       8.844617202957e-04       3.624554092718e+03 
       9.452465248232e-04       3.856956236669e+03 
       1.009808674367e-03       4.101894899823e+03 
       1.078180545484e-03       4.359165056635e+03 
       1.150352009794e-03       4.628382375857e+03 
       1.226270860110e-03       4.908991655367e+03 
       1.305845496990e-03       5.200284662115e+03 
       1.388949565230e-03       5.501404580009e+03 
       1.475428016048e-03       5.811416439749e+03 
       1.565103960122e-03       6.129342004203e+03 
       1.657785678116e-03       6.454149997533e+03 
       1.753273249275e-03       6.784804656861e+03 
       1.851364407893e-03       7.120289627473e+03 
       1.951859402168e-03       7.459627201167e+03 
       2.054564778492e-03       7.801892772754e+03 
       2.159296128400e-03       8.146223876839e+03 
       2.265879909760e-03       8.491826023039e+03 
       2.374154491996e-03       8.837974310911e+03 
       2.483970585381e-03       9.184013785422e+03 
       2.595191206053e-03       9.529355964913e+03 
       2.707691309615e-03       9.873475822918e+03 
       2.821357203063e-03       1.021590756828e+04 
       2.936085821563e-03       1.055623916214e+04 
       3.051783935447e-03       1.089410948256e+04 
       3.168367334904e-03       1.122920141442e+04 
       3.285760025376e-03       1.156123854950e+04 
       3.403893455480e-03       1.188998165335e+04 
       3.522705790805e-03       1.221522548531e+04 
       3.642141240883e-03       1.253678719222e+04 
       3.762149442249e-03       1.285452003262e+04 
       3.882684897610e-03       1.316828896709e+04 
       4.003706469228e-03       1.347798864098e+04 
       4.125176923422e-03       1.378352812857e+04 
       4.247062522503e-03       1.408482826116e+04 
       4.369332660132e-03       1.438183476408e+04 
       4.491959536088e-03       1.467449088119e+04 
       4.614917866536e-03       1.496276435131e+04 
       4.738184626117e-03       1.524661958770e+04 
       4.861738818438e-03       1.552603301647e+04 
       4.985561271841e-03       1.580096837728e+04 
       5.109634457624e-03       1.607145406216e+04 
       5.233942328161e-03       1.633746516431e+04 
       5.358470172669e-03       1.659913665268e+04 
       5.483204488581e-03       1.685633884429e+04 
       5.608132866744e-03       1.710915144311e+04 
       5.733243888853e-03       1.735755025142e+04 
       5.858527035722e-03       1.760158052237e+04 
       5.983972605152e-03       1.784121961760e+04 
       6.109571638308e-03       1.807659130501e+04 
       6.235315853650e-03       1.830764069036e+04 
       6.361197587563e-03       1.853434552686e+04 
       6.487209740949e-03       1.875700536933e+04 
       6.613345731121e-03       1.897546154288e+04 
       6.739599448407e-03       1.918969036756e+04 
       6.865965216980e-03       1.939993661367e+04 
       6.992437759434e-03       1.960601834530e+04 
       7.119012164721e-03       1.980810035667e+04 
       7.245683859092e-03       2.000605737071e+04 
       7.372448579730e-03       2.020009331931e+04 
       7.499302350797e-03       2.039019932563e+04 
       7.626241461648e-03       2.057643444656e+04 
       7.753262446995e-03       2.075862589425e+04 
       7.880362068822e-03       2.093732648032e+04 
       8.007537299884e-03       2.111198458126e+04 
       8.134785308630e-03       2.128314002391e+04 
       8.262103445419e-03       2.145043861301e+04 
       8.389489229894e-03       2.161426599358e+04 
       8.516940339420e-03       2.177434829814e+04 
       8.644454598470e-03       2.193085135884e+04 
       8.772029968887e-03       2.208374242417e+04 
       8.899664540927e-03       2.223321724837e+04 
       9.027356525028e-03       2.237895775975e+04 
       9.155104244227e-03       2.252183851179e+04 
       9.282906127171e-03       2.266088689391e+04 
       9.410760701679e-03       2.279677198170e+04 
       9.538666588791e-03       2.292933410359e+04 
       9.666622497281e-03       2.305883791980e+04 
       9.794627218577e-03       2.318463647117e+04 
       9.922679622070e-03       2.330768678798e+04 
       1.005077865076e-02       2.342751811017e+04 
       1.017892331725e-02       2.354414133418e+04 
       1.030711269999e-02       2.365776284604e+04 
       1.043534593984e-02       2.376828685100e+04 
       1.056362223686e-02       2.387555553449e+04 
       1.069194084732e-02       2.398016841789e+04 
       1.082030108094e-02       2.408183112301e+04 
       1.094870229834e-02       2.418048871336e+04 
       1.107714390863e-02       2.427629175832e+04 
       1.120562536720e-02       2.436930027919e+04 
       1.133414617365e-02       2.445925768140e+04 
       1.146270586990e-02       2.454670278821e+04 
       1.159130403837e-02       2.463149723404e+04 
       1.171994030035e-02       2.471333496863e+04 
       1.184861431443e-02       2.479270765369e+04 
       1.197732577507e-02       2.486926565983e+04 
       1.210607441131e-02       2.494328242254e+04 
       1.223485998546e-02       2.501485961896e+04 
       1.236368229199e-02       2.508375023446e+04 
       1.249254115642e-02       2.514998981795e+04 
       1.262143643440e-02       2.521403608784e+04 
       1.275036801068e-02       2.527550657666e+04 
       1.287933579836e-02       2.533444655662e+04 
       1.300833973800e-02       2.539116000103e+04 
       1.313737979696e-02       2.544531294437e+04 
       1.326645596869e-02       2.549733326704e+04 
       1.339556827209e-02       2.554687588236e+04 
       1.352471675096e-02       2.559416593346e+04 
       1.365390147346e-02       2.563928748643e+04 
       1.378312253161e-02       2.568220485362e+04 
       1.391238004088e-02       2.572273894240e+04 
       1.404167413974e-02       2.576121669507e+04 
       1.417100498932e-02       2.579762109111e+04 
       1.430037277309e-02       2.583184273935e+04 
       1.442977769652e-02       2.586401420579e+04 
       1.455921998687e-02       2.589406404732e+04 
       1.468869989291e-02       2.592202286154e+04 
       1.481821768471e-02       2.594819007769e+04 
       1.494777365352e-02       2.597225031635e+04 
       1.507736811156e-02       2.599409513074e+04 
       1.520700139193e-02       2.601444008282e+04 
       1.533667384849e-02       2.603263299165e+04 
       1.546638585579e-02       2.604906527976e+04 
       1.559613780903e-02       2.606345610981e+04 
       1.572593012402e-02       2.607618657627e+04 
       1.585576323718e-02       2.608711550471e+04 
       1.598563760552e-02       2.609617092283e+04 
       1.611555370673e-02       2.610340881579e+04 
       1.624551203919e-02       2.610902012171e+04 
       1.637551312205e-02       2.611289769979e+04 
       1.650555749533e-02       2.611512272348e+04 
       1.663564572002e-02       2.611561540817e+04 
       1.676577837823e-02       2.611437156582e+04 
       1.689595607330e-02       2.611175831519e+04 
       1.702617943001e-02       2.610737535961e+04 
       1.715644909471e-02       2.610115613602e+04 
       1.728676573555e-02       2.609388025550e+04 
       1.741713004271e-02       2.608489751199e+04 
       1.754754272857e-02       2.607427298301e+04 
       1.767800452804e-02       2.606227073930e+04 
       1.780851619876e-02       2.604867659378e+04 
       1.793907852142e-02       2.603388643476e+04 
       1.806969230005e-02       2.601758085746e+04 
       1.820035836232e-02       2.599968798557e+04 
       1.833107755988e-02       2.598054032194e+04 
       1.846185076873e-02       2.596013615710e+04 
       1.859267888956e-02       2.593831244950e+04 
       1.872356284814e-02       2.591496408615e+04 
       1.885450359572e-02       2.589059603901e+04 
       1.898550210946e-02       2.586486199221e+04 
       1.911655939282e-02       2.583775336476e+04 
       1.924767647609e-02       2.580959716078e+04 
       1.937885441676e-02       2.578010599871e+04 
       1.951009430010e-02       2.574943093151e+04 
       1.964139723962e-02       2.571736358079e+04 
       1.977276437758e-02       2.568445804506e+04 
       1.990419688558e-02       2.565026392476e+04 
       2.003569596507e-02       2.561506470334e+04 
       2.016726284798e-02       2.557870687137e+04 
       2.029889879730e-02       2.554118802093e+04 
       2.043060510769e-02       2.550260479663e+04 
       2.056238310617e-02       2.546298096606e+04 
       2.069423415272e-02       2.542229486309e+04 
       2.082615964102e-02       2.538057920579e+04 
       2.095816099913e-02       2.533805399788e+04 
       2.109023969026e-02       2.529440342273e+04 
       2.122239721347e-02       2.524981724781e+04 
       2.135463510451e-02       2.520425440590e+04 
       2.148695493657e-02       2.515766735288e+04 
       2.161935832115e-02       2.511038288973e+04 
       2.175184690891e-02       2.506206340650e+04 
       2.188442239055e-02       2.501283835546e+04 
       2.201708649771e-02       2.496288374516e+04 
       2.214984100393e-02       2.491199696679e+04 
       2.228268772562e-02       2.486037188254e+04 
       2.241562852303e-02       2.480788432947e+04 
       2.254866530134e-02       2.475449689434e+04 
       2.268180001165e-02       2.470045280888e+04 
       2.281503465214e-02       2.464564061105e+04 
       2.294837126917e-02       2.458998689290e+04 
       2.308181195845e-02       2.453352774397e+04 
       2.321535886625e-02       2.447660865981e+04 
       2.334901419065e-02       2.441886643015e+04 
       2.348278018279e-02       2.436043138269e+04 
       2.361665914823e-02       2.430135067522e+04 
       2.375065344827e-02       2.424147072146e+04 
       2.388476550140e-02       2.418097700474e+04 
       2.401899778472e-02       2.411989880371e+04 
       2.415335283545e-02       2.405836573384e+04 
       2.428783325248e-02       2.399611194020e+04 
       2.442244169793e-02       2.393324420045e+04 
       2.455718089887e-02       2.386982326168e+04 
       2.469205364892e-02       2.380585472947e+04 
       2.482706281011e-02       2.374129766057e+04 
       2.496221131460e-02       2.367610648808e+04 
       2.509750216663e-02       2.361065398939e+04 
       2.523293844440e-02       2.354440167177e+04 
       2.536852330209e-02       2.347771536195e+04 
       2.550425997193e-02       2.341081874478e+04 
       2.564015176632e-02       2.334313816479e+04 
       2.577620208007e-02       2.327523052300e+04 
       2.591241439263e-02       2.320678383133e+04 
       2.604879227050e-02       2.313787196366e+04 
       2.618533936966e-02       2.306849558429e+04 
       2.632205943806e-02       2.299888069259e+04 
       2.645895631828e-02       2.292864999088e+04 
       2.659603395022e-02       2.285822714103e+04 
       2.673329637389e-02       2.278741013801e+04 
       2.687074773232e-02       2.271619766803e+04 
       2.700839227457e-02       2.264458718895e+04 
       2.714623435883e-02       2.257260688704e+04 
       2.728427845564e-02       2.250037259610e+04 
       2.742252915126e-02       2.242780684468e+04 
       2.756099115109e-02       2.235497436557e+04 
       2.769966928331e-02       2.228174280639e+04 
       2.783856850257e-02       2.220824985276e+04 
       2.797769389388e-02       2.213432464756e+04 
       2.811705067660e-02       2.206044868718e+04 
       2.825664420862e-02       2.198613720371e+04 
       2.839647999068e-02       2.191165940918e+04 
       2.853656367085e-02       2.183688241607e+04 
       2.867690104921e-02       2.176174640399e+04 
       2.881749808271e-02       2.168665027734e+04 
       2.895836089016e-02       2.161102231661e+04 
       2.909949575752e-02       2.153546055227e+04 
       2.924090914332e-02       2.145969156360e+04 
       2.938260768437e-02       2.138372941846e+04 
       2.952459820160e-02       2.130745833824e+04 
       2.966688770625e-02       2.123103128410e+04 
       2.980948340627e-02       2.115460588623e+04 
       2.995239271297e-02       2.107780204047e+04 
       3.009562324795e-02       2.100090970661e+04 
       3.023918285039e-02       2.092395664614e+04 
       3.038307958456e-02       2.084686137830e+04 
       3.052732174772e-02       2.076958798110e+04 
       3.067191787835e-02       2.069216398305e+04 
       3.081687676470e-02       2.061479107183e+04 
       3.096220745380e-02       2.053721267599e+04 
       3.110791926080e-02       2.045947870300e+04 
       3.125402177875e-02       2.038165514628e+04 
       3.140052488886e-02       2.030388743585e+04 
       3.154743877122e-02       2.022600352600e+04 
       3.169477391595e-02       2.014803795428e+04 
       3.184254113498e-02       2.006976566827e+04 
       3.199075157431e-02       1.999178758662e+04 
       3.213941672689e-02       1.991351340769e+04 
       3.228854844611e-02       1.983523613210e+04 
       3.243815895994e-02       1.975704329702e+04 
       3.258826088580e-02       1.967870442671e+04 
       3.273886724610e-02       1.960036821952e+04 
       3.288999148464e-02       1.952192428296e+04 
       3.304164748376e-02       1.944352413991e+04 
       3.319384958246e-02       1.936507868422e+04 
       3.334661259537e-02       1.928668572194e+04 
       3.349995183274e-02       1.920825340261e+04 
       3.365388312154e-02       1.912980518511e+04 
       3.380842282755e-02       1.905128569270e+04 
       3.396358787882e-02       1.897277849601e+04 
       3.411939579023e-02       1.889428788650e+04 
       3.427586468956e-02       1.881587641314e+04 
       3.443301334487e-02       1.873728132061e+04 
       3.459086119353e-02       1.865890168402e+04 
       3.474942837283e-02       1.858037253825e+04 
       3.490873575241e-02       1.850198707996e+04 
       3.506880496852e-02       1.842359948147e+04 
       3.522965846034e-02       1.834516633021e+04 
       3.539131950843e-02       1.826684419327e+04 
       3.555381227553e-02       1.818838483141e+04 
       3.571716184983e-02       1.811010538074e+04 
       3.588139429087e-02       1.803185975386e+04 
       3.604653667844e-02       1.795352946980e+04 
       3.621261716435e-02       1.787530132639e+04 
       3.637966502777e-02       1.779704316480e+04 
       3.654771073394e-02       1.771893855799e+04 
       3.671678599685e-02       1.764067037682e+04 
       3.688692384606e-02       1.756266697956e+04 
       3.705815869802e-02       1.748448474428e+04 
       3.723052643226e-02       1.740652054456e+04 
       3.740406447282e-02       1.732848905845e+04 
       3.757881187542e-02       1.725049473038e+04 
       3.775480942084e-02       1.717242987925e+04 
       3.793209971494e-02       1.709460608481e+04 
       3.811072729607e-02       1.701661761250e+04 
       3.829073875041e-02       1.693877082803e+04 
       3.847218283595e-02       1.686083339896e+04 
       3.865511061597e-02       1.678299763379e+04 
       3.883957560276e-02       1.670517472805e+04 
       3.902563391274e-02       1.662736438363e+04 
       3.921334443382e-02       1.654952992586e+04 
       3.940276900640e-02       1.647159614252e+04 
       3.959397261921e-02       1.639387381823e+04 
       3.978702362148e-02       1.631599835642e+04 
       3.998199395314e-02       1.623811698484e+04 
       4.017895939484e-02       1.616033995738e+04 
       4.037799983993e-02       1.608253405926e+04 
       4.057919959062e-02       1.600463241088e+04 
       4.078264768100e-02       1.592669856665e+04 
       4.098843822987e-02       1.584871423802e+04 
       4.119667082667e-02       1.577071950118e+04 
       4.140745095421e-02       1.569266901167e+04 
       4.162089045262e-02       1.561460464587e+04 
       4.183710802909e-02       1.553646185872e+04 
       4.205622981924e-02       1.545817461137e+04 
       4.227839000602e-02       1.537974431616e+04 
       4.250373150359e-02       1.530140738120e+04 
       4.273240671430e-02       1.522281946042e+04 
       4.296457836817e-02       1.514413210183e+04 
       4.320042045578e-02       1.506533607687e+04 
       4.344011926714e-02       1.498631226083e+04 
       4.368387455109e-02       1.490721822903e+04 
       4.393190081199e-02       1.482785378918e+04 
       4.418442876349e-02       1.474838271093e+04 
       4.444170696233e-02       1.466863439522e+04 
       4.470400364891e-02       1.458858650371e+04 
       4.497160882646e-02       1.450841411952e+04 
       4.524483661586e-02       1.442787531988e+04 
       4.552402793041e-02       1.434701686542e+04 
       4.580955352277e-02       1.426583781225e+04 
       4.610181746651e-02       1.418433329317e+04 
       4.640126114700e-02       1.410219784680e+04 
       4.670836785116e-02       1.401986468382e+04 
       4.702366806416e-02       1.393694132979e+04 
       4.734774560397e-02       1.385368454227e+04 
       4.768124475259e-02       1.376972969520e+04 
       4.802487857825e-02       1.368511034406e+04 
       4.837943868642e-02       1.359987178768e+04 
       4.874580669263e-02       1.351385798389e+04 
       4.912496777957e-02       1.342708824839e+04 
       4.951802678850e-02       1.333946738206e+04 
       4.992622740622e-02       1.325077248203e+04 
       5.035097515063e-02       1.316110568800e+04 
       5.079386503793e-02       1.307022345986e+04 
       5.125671504468e-02       1.297789270475e+04 
       5.174160677036e-02       1.288424525767e+04 
       5.225093507720e-02       1.278900280560e+04 
       5.278746894961e-02       1.269184486482e+04 
       5.335442639165e-02       1.259258622689e+04 
       5.395556687187e-02       1.249084120706e+04 
       5.459530561214e-02       1.238640121679e+04 
       5.527885482148e-02       1.227881591365e+04 
       5.601239759386e-02       1.216734494868e+04 
       5.680330016021e-02       1.205156330877e+04 
       5.766036655191e-02       1.193031483868e+04 
       5.859413459923e-02       1.180247584774e+04 
       5.961720000824e-02       1.166653271406e+04 
       6.074452984291e-02       1.152042025492e+04 
       6.199367849687e-02       1.136137881317e+04 
       6.338473670826e-02       1.118582310334e+04 
       6.493972367413e-02       1.098869798009e+04 
       6.668100709075e-02       1.076437520183e+04 
       6.862833266760e-02       1.050553362171e+04 
       7.079442447444e-02       1.020461730301e+04 
       7.318012116647e-02       9.855761689738e+03 
       7.577129960945e-02       9.456736652637e+03 
       7.854002064734e-02       9.011496331625e+03 
       8.145019536145e-02       8.531046623971e+03 
       8.446502916737e-02       8.031708632245e+03 
       8.755271453012e-02       7.533221164408e+03 
       9.068882799913e-02       7.054293543916e+03 
       9.385610760180e-02       6.610656974331e+03 
       9.704301536601e-02       6.213296346640e+03 
       1.002421147243e-01       5.868477229810e+03 
       1.034487220530e-01       5.577443945993e+03 
       1.066599297471e-01       5.337035441808e+03 
       1.098739486611e-01       5.141186724301e+03 
       1.130896837488e-01       4.981364581901e+03 
       1.163064668928e-01       4.847901755771e+03 
       1.195238911637e-01       4.730567666756e+03 
       1.227417089076e-01       4.619635045883e+03 
       1.259597694150e-01       4.506768402021e+03 
       1.291779809197e-01       4.385586915039e+03 
       1.323962874759e-01       4.252750582944e+03 
       1.356146549036e-01       4.106456130827e+03 
       1.388330622519e-01       3.948053958768e+03 
       1.420514966149e-01       3.781065163435e+03 
       1.452699499837e-01       3.609675258332e+03 
       1.484884173356e-01       3.439107929826e+03 
       1.517068954724e-01       3.274438191450e+03 
       1.549253823150e-01       3.120015736010e+03 
       1.581438764738e-01       2.979270863645e+03 
       1.613623769878e-01       2.854243307794e+03 
       1.645808831645e-01       2.745714119365e+03 
       1.677993944826e-01       2.653228670637e+03 
       1.710179105323e-01       2.575322424466e+03 
       1.742364309776e-01       2.509675127896e+03 
       1.774549555340e-01       2.453420903513e+03 
       1.806734839534e-01       2.403427170754e+03 
       1.838920160152e-01       2.357252493802e+03 
       1.871105515202e-01       2.311512735029e+03 
       1.903290902862e-01       2.263820897452e+03 
       1.935476321456e-01       2.212536612314e+03 
       1.967661769433e-01       2.156832119576e+03 
       1.999847245348e-01       2.096706176641e+03 
       2.032032747856e-01       2.032892792375e+03 
       2.064218275699e-01       1.966666545684e+03 
       2.096403827697e-01       1.899548942147e+03 
       2.128589402745e-01       1.833144687311e+03 
       2.160774999803e-01       1.768931917387e+03 
       2.192960617897e-01       1.708120586613e+03 
       2.225146256104e-01       1.651657305967e+03 
       2.257331913560e-01       1.600185421287e+03 
       2.289517589446e-01       1.554004515473e+03 
       2.321703282990e-01       1.513006579417e+03 
       2.353888993463e-01       1.476863653020e+03 
       2.386074720176e-01       1.444847878146e+03 
       2.418260462476e-01       1.416072223767e+03 
       2.450446219744e-01       1.389512471509e+03 
       2.482631991394e-01       1.364185037362e+03 
       2.514817776872e-01       1.339212653617e+03 
       2.547003575649e-01       1.313900313767e+03 
       2.579189387224e-01       1.287755750190e+03 
       2.611375211121e-01       1.260508660643e+03 
       2.643561046888e-01       1.232101878765e+03 
       2.675746894094e-01       1.202653531197e+03 
       2.707932752328e-01       1.172470151404e+03 
       2.740118621200e-01       1.141979084523e+03 
       2.772304500336e-01       1.111686256731e+03 
       2.804490389381e-01       1.082131743537e+03 
       2.836676287997e-01       1.053767062032e+03 
       2.868862195859e-01       1.026955825797e+03 
       2.901048112658e-01       1.001927450662e+03 
       2.933234038098e-01       9.787339851974e+02 
       2.965419971896e-01       9.573434452070e+02 
       2.997605913782e-01       9.376413450013e+02 
       3.029791863496e-01       9.194037541749e+02 
       3.061977820791e-01       9.023750091910e+02 
       3.094163785427e-01       8.862844593174e+02 
       3.126349757179e-01       8.708334235322e+02 
       3.158535735826e-01       8.557379979511e+02 
       3.190721721159e-01       8.407494992097e+02 
       3.222907712978e-01       8.256734810638e+02 
       3.255093711088e-01       8.103928560127e+02 
       3.287279715303e-01       7.948917492523e+02 
       3.319465725447e-01       7.791910526381e+02 
       3.351651741346e-01       7.633970514554e+02 
       3.383837762836e-01       7.476282954866e+02 
       3.416023789758e-01       7.320207854004e+02 
       3.448209821959e-01       7.167015107374e+02 
       3.480395859292e-01       7.017974550662e+02 
       3.512581901616e-01       6.874281086069e+02 
       3.544767948793e-01       6.736734448526e+02 
       3.576954000693e-01       6.605887946688e+02 
       3.609140057188e-01       6.481983810227e+02 
       3.641326118156e-01       6.364673223943e+02 
       3.673512183478e-01       6.253329566016e+02 
       3.705698253042e-01       6.147032998143e+02 
       3.737884326736e-01       6.044827434327e+02 
       3.770070404455e-01       5.945701299143e+02 
       3.802256486096e-01       5.848884801395e+02 
       3.834442571560e-01       5.753660144101e+02 
       3.866628660751e-01       5.659620197966e+02 
       3.898814753576e-01       5.566286229711e+02 
       3.931000849946e-01       5.473448706954e+02 
       3.963186949773e-01       5.380989901816e+02 
       3.995373052975e-01       5.288961150412e+02 
       4.027559159469e-01       5.197678197055e+02 
       4.059745269178e-01       5.107446050828e+02 
       4.091931382024e-01       5.018767597856e+02 
       4.124117497935e-01       4.931995158441e+02 
       4.156303616839e-01       4.847429262844e+02 
       4.188489738666e-01       4.765275308380e+02 
       4.220675863350e-01       4.685595957356e+02 
       4.252861990825e-01       4.608520133919e+02 
       4.285048121028e-01       4.533969247094e+02 
       4.317234253898e-01       4.461954388550e+02 
       4.349420389376e-01       4.392351668010e+02 
       4.381606527403e-01       4.324989585651e+02 
       4.413792667924e-01       4.259582891366e+02 
       4.445978810885e-01       4.195860273811e+02 
       4.478164956233e-01       4.133435110286e+02 
       4.510351103916e-01       4.072088207567e+02 
       4.542537253884e-01       4.011621602649e+02 
       4.574723406090e-01       3.951901120180e+02 
       4.606909560486e-01       3.892877900995e+02 
       4.639095717026e-01       3.834575614515e+02 
       4.671281875666e-01       3.776956918886e+02 
       4.703468036363e-01       3.720084115089e+02 
       4.735654199075e-01       3.663967271484e+02 
       4.767840363760e-01       3.608770895270e+02 
       4.800026530379e-01       3.554573131339e+02 
       4.832212698893e-01       3.501543703216e+02 
       4.864398869265e-01       3.449807436604e+02 
       4.896585041457e-01       3.399422902118e+02 
       4.928771215433e-01       3.350342280126e+02 
       4.960957391160e-01       3.302574563673e+02 
       4.993143568603e-01       3.255975165798e+02 
       5.025329747728e-01       3.210496668788e+02 
       5.057515928505e-01       3.166026964583e+02 
       5.089702110900e-01       3.122486295199e+02 
       5.121888294884e-01       3.079826459602e+02 
       5.154074480427e-01       3.037955753726e+02 
       5.186260667500e-01       2.996785383120e+02 
       5.218446856074e-01       2.956232741972e+02 
       5.250633046121e-01       2.916229672515e+02 
       5.282819237615e-01       2.876756775717e+02 
       5.315005430530e-01       2.837840804841e+02 
       5.347191624838e-01       2.799509420841e+02 
       5.379377820517e-01       2.761785740854e+02 
       5.411564017540e-01       2.724749560399e+02 
       5.443750215884e-01       2.688345232116e+02 
       5.475936415525e-01       2.652593422899e+02 
       5.508122616442e-01       2.617477504379e+02 
       5.540308818610e-01       2.583002010395e+02 
       5.572495022010e-01       2.549190155928e+02 
       5.604681226619e-01       2.516065762482e+02 
       5.636867432417e-01       2.483611121791e+02 
       5.669053639383e-01       2.451826761703e+02 
       5.701239847498e-01       2.420654129316e+02 
       5.733426056742e-01       2.390041616508e+02 
       5.765612267096e-01       2.359969868546e+02 
       5.797798478541e-01       2.330392436416e+02 
       5.829984691061e-01       2.301290944381e+02 
       5.862170904636e-01       2.272671279500e+02 
       5.894357119249e-01       2.244514451570e+02 
       5.926543334884e-01       2.216809940940e+02 
       5.958729551524e-01       2.189502439720e+02 
       5.990915769152e-01       2.162625218191e+02 
       6.023101987753e-01       2.136105941627e+02 
       6.055288207312e-01       2.109968478196e+02 
       6.087474427812e-01       2.084231679295e+02 
       6.119660649239e-01       2.058910549631e+02 
       6.151846871579e-01       2.034020609613e+02 
       6.184033094817e-01       2.009557286715e+02 
       6.216219318940e-01       1.985511180576e+02 
       6.248405543933e-01       1.961870938935e+02 
       6.280591769783e-01       1.938611120439e+02 
