# Matter power spectrum P(k) at redshift z=0
# for k=1.04564e-05 to 0.629212 h/Mpc,
# number of wavenumbers equal to 565
#    1:k (h/Mpc)              2:P (Mpc/h)^3        
       1.045636895265e-05       5.098359804382e+01 
       2.310210007096e-05       1.095153289735e+02 
       3.579120394798e-05       1.670483914222e+02 
       4.855658483123e-05       2.241815238243e+02 
       6.143167598927e-05       2.812566115134e+02 
       7.445072707871e-05       3.385298316597e+02 
       8.764910043714e-05       3.962199925798e+02 
       1.010635801089e-04       4.545283482105e+02 
       1.147326974406e-04       5.136487641280e+02 
       1.286970771155e-04       5.737738288677e+02 
       1.429998075066e-04       6.350990915236e+02 
       1.576868391875e-04       6.978263145435e+02 
       1.728074153054e-04       7.621662490234e+02 
       1.884145372331e-04       8.283411376224e+02 
       2.045654683978e-04       8.965871182432e+02 
       2.213222783347e-04       9.671565672610e+02 
       2.387524276899e-04       1.040320470847e+03 
       2.569293929356e-04       1.116370804626e+03 
       2.759333267312e-04       1.195622921831e+03 
       2.958517459178e-04       1.278417931617e+03 
       3.167802337441e-04       1.365124987450e+03 
       3.388231357674e-04       1.456143399586e+03 
       3.620942196182e-04       1.551904440245e+03 
       3.867172571999e-04       1.652872659235e+03 
       4.128264738400e-04       1.759546453223e+03 
       4.405667926862e-04       1.872457620358e+03 
       4.700937850852e-04       1.992169527614e+03 
       5.015732205106e-04       2.119273459950e+03 
       5.351800957099e-04       2.254382700605e+03 
       5.710970164023e-04       2.398123947050e+03 
       6.095118117946e-04       2.551125578175e+03 
       6.506142889992e-04       2.714002638683e+03 
       6.945920874307e-04       2.887338463222e+03 
       7.416256762364e-04       3.071663360610e+03 
       7.918826491859e-04       3.267431192618e+03 
       8.455116012488e-04       3.474995163668e+03 
       9.026359993650e-04       3.694584639055e+03 
       9.633485582231e-04       3.926285146271e+03 
       1.027706669102e-03       4.170023754818e+03 
       1.095729382000e-03       4.425561693815e+03 
       1.167396302028e-03       4.692495510959e+03 
       1.242648548240e-03       4.970267041393e+03 
       1.321391676853e-03       5.258181476359e+03 
       1.403500242562e-03       5.555403053733e+03 
       1.488823507614e-03       5.861053176414e+03 
       1.577191735525e-03       6.174197077224e+03 
       1.668422526298e-03       6.493861064338e+03 
       1.762326742389e-03       6.819069982490e+03 
       1.858713707408e-03       7.148868278885e+03 
       1.957395500268e-03       7.482337054450e+03 
       2.058190291652e-03       7.818606680171e+03 
       2.160924763723e-03       8.156864673722e+03 
       2.265435714589e-03       8.496361037582e+03 
       2.371570979640e-03       8.836409740212e+03 
       2.479189809537e-03       9.176388209261e+03 
       2.588162836962e-03       9.515735026648e+03 
       2.698371747996e-03       9.853947608818e+03 
       2.809708754221e-03       1.019057737371e+04 
       2.922075941680e-03       1.052522562474e+04 
       3.035384554624e-03       1.085754105163e+04 
       3.149554256503e-03       1.118721263088e+04 
       3.264512398016e-03       1.151396937271e+04 
       3.380193312178e-03       1.183757198544e+04 
       3.496537648924e-03       1.215781341758e+04 
       3.613491756255e-03       1.247451246840e+04 
       3.731007111031e-03       1.278751585430e+04 
       3.849039799835e-03       1.309668648535e+04 
       3.967550048514e-03       1.340191259679e+04 
       4.086501797918e-03       1.370309385701e+04 
       4.205862322692e-03       1.400015157802e+04 
       4.325601889678e-03       1.429301467413e+04 
       4.445693452424e-03       1.458162969630e+04 
       4.566112378336e-03       1.486594978835e+04 
       4.686836205195e-03       1.514593887000e+04 
       4.807844423989e-03       1.542151477966e+04 
       4.929118285218e-03       1.569277642194e+04 
       5.050640626138e-03       1.595963638170e+04 
       5.172395716588e-03       1.622208963873e+04 
       5.294369121369e-03       1.648008173664e+04 
       5.416547577270e-03       1.673381141860e+04 
       5.538918883132e-03       1.698314532926e+04 
       5.661471801448e-03       1.722808072493e+04 
       5.784195970222e-03       1.746786869366e+04 
       5.907081823930e-03       1.770410824862e+04 
       6.030120522556e-03       1.793597567789e+04 
       6.153303887826e-03       1.816356404203e+04 
       6.276624345823e-03       1.838683811518e+04 
       6.400074875300e-03       1.860605922708e+04 
       6.523648961061e-03       1.882099953046e+04 
       6.647340551869e-03       1.903189901487e+04 
       6.771144022388e-03       1.923828227889e+04 
       6.895054138743e-03       1.944065285779e+04 
       7.019066027308e-03       1.963895035002e+04 
       7.143175146388e-03       1.983317133225e+04 
       7.267377260507e-03       2.002326542752e+04 
       7.391668417012e-03       2.020949780701e+04 
       7.516044924790e-03       2.039220689436e+04 
       7.640503334865e-03       2.057053763172e+04 
       7.765040422692e-03       2.074496242245e+04 
       7.889653171992e-03       2.091557505394e+04 
       8.014338759972e-03       2.108236180563e+04 
       8.139094543792e-03       2.124539842593e+04 
       8.263918048171e-03       2.140477224971e+04 
       8.388806954026e-03       2.156039571497e+04 
       8.513759088029e-03       2.171233673918e+04 
       8.638772413032e-03       2.186071194666e+04 
       8.763845019239e-03       2.200545850823e+04 
       8.888975116104e-03       2.214677438001e+04 
       9.014161024847e-03       2.228446275561e+04 
       9.139401171565e-03       2.241883375095e+04 
       9.264694080874e-03       2.254884399783e+04 
       9.390038370037e-03       2.267715380882e+04 
       9.515432743532e-03       2.280054001719e+04 
       9.640875988041e-03       2.292221599471e+04 
       9.766366967799e-03       2.303889572042e+04 
       9.891904620297e-03       2.315422704109e+04 
       1.001748795230e-02       2.326533396409e+04 
       1.014311603613e-02       2.337345794629e+04 
       1.026878800629e-02       2.347738680899e+04 
       1.039450305622e-02       2.358021398272e+04 
       1.052026043539e-02       2.367891603059e+04 
       1.064605944653e-02       2.377478851464e+04 
       1.077189944310e-02       2.386669636996e+04 
       1.089777982689e-02       2.395754626801e+04 
       1.102370004585e-02       2.404452373656e+04 
       1.114965959202e-02       2.412873396644e+04 
       1.127565799962e-02       2.420996945553e+04 
       1.140169484330e-02       2.428860971525e+04 
       1.152776973644e-02       2.436443038628e+04 
       1.165388232966e-02       2.443750050320e+04 
       1.178003230936e-02       2.450717754524e+04 
       1.190621939642e-02       2.457460918647e+04 
       1.203244334492e-02       2.463988265025e+04 
       1.215870394102e-02       2.470247116169e+04 
       1.228500100187e-02       2.476252095973e+04 
       1.241133437466e-02       2.481989125828e+04 
       1.253770393561e-02       2.487596405640e+04 
       1.266410958921e-02       2.492873795873e+04 
       1.279055126736e-02       2.497792284331e+04 
       1.291702892867e-02       2.502681813894e+04 
       1.304354255775e-02       2.507133522168e+04 
       1.317009216463e-02       2.511449777580e+04 
       1.329667778411e-02       2.515642924801e+04 
       1.342329947530e-02       2.519446244217e+04 
       1.354995732109e-02       2.523019342225e+04 
       1.367665142772e-02       2.526512186277e+04 
       1.380338192434e-02       2.529660440287e+04 
       1.393014896270e-02       2.532800674878e+04 
       1.405695271676e-02       2.535455409087e+04 
       1.418379338242e-02       2.538091386790e+04 
       1.431067117723e-02       2.540461278711e+04 
       1.443758634017e-02       2.542617509807e+04 
       1.456453913144e-02       2.544624753051e+04 
       1.469152983225e-02       2.546442507723e+04 
       1.481855874471e-02       2.548005935358e+04 
       1.494562619168e-02       2.549456265812e+04 
       1.507273251664e-02       2.550774289401e+04 
       1.519987808368e-02       2.551768037590e+04 
       1.532706327735e-02       2.552632808340e+04 
       1.545428850272e-02       2.553291933474e+04 
       1.558155418530e-02       2.553811831031e+04 
       1.570886077108e-02       2.554133428616e+04 
       1.583620872653e-02       2.554332473582e+04 
       1.596359853870e-02       2.554383188322e+04 
       1.609103071523e-02       2.554185631148e+04 
       1.621850578447e-02       2.553871767474e+04 
       1.634602429559e-02       2.553470509659e+04 
       1.647358681867e-02       2.552856329167e+04 
       1.660119394486e-02       2.552067204101e+04 
       1.672884628657e-02       2.551073678229e+04 
       1.685654447757e-02       2.549990235924e+04 
       1.698428917326e-02       2.548856993117e+04 
       1.711208105083e-02       2.547405976658e+04 
       1.723992080952e-02       2.545908244464e+04 
       1.736780917082e-02       2.544270010517e+04 
       1.749574687879e-02       2.542492904367e+04 
       1.762373470028e-02       2.540592544201e+04 
       1.775177342524e-02       2.538548852043e+04 
       1.787986386705e-02       2.536376610878e+04 
       1.800800686282e-02       2.534061247436e+04 
       1.813620327374e-02       2.531724255997e+04 
       1.826445398545e-02       2.529126654458e+04 
       1.839275990839e-02       2.526460704442e+04 
       1.852112197823e-02       2.523720333442e+04 
       1.864954115623e-02       2.520805063514e+04 
       1.877801842973e-02       2.517796075841e+04 
       1.890655481254e-02       2.514676466527e+04 
       1.903515134541e-02       2.511456667891e+04 
       1.916380909655e-02       2.508137613570e+04 
       1.929252916208e-02       2.504692212153e+04 
       1.942131266657e-02       2.501161025615e+04 
       1.955016076358e-02       2.497522727642e+04 
       1.967907463618e-02       2.493794860694e+04 
       1.980805549758e-02       2.489963559136e+04 
       1.993710459169e-02       2.486022565453e+04 
       2.006622319371e-02       2.482027078907e+04 
       2.019541261083e-02       2.477904009241e+04 
       2.032467418283e-02       2.473722641721e+04 
       2.045400928277e-02       2.469426621085e+04 
       2.058341931772e-02       2.465095733638e+04 
       2.071290572944e-02       2.460636749274e+04 
       2.084246999515e-02       2.456087839458e+04 
       2.097211362830e-02       2.451482969716e+04 
       2.110183817936e-02       2.446813674004e+04 
       2.123164523666e-02       2.442091680027e+04 
       2.136153642718e-02       2.437194136177e+04 
       2.149151341750e-02       2.432285556424e+04 
       2.162157791463e-02       2.427302632220e+04 
       2.175173166699e-02       2.422332385548e+04 
       2.188197646534e-02       2.417138172241e+04 
       2.201231414379e-02       2.411958469830e+04 
       2.214274658078e-02       2.406708336849e+04 
       2.227327570018e-02       2.401399886588e+04 
       2.240390347233e-02       2.396016296298e+04 
       2.253463191519e-02       2.390594523510e+04 
       2.266546309548e-02       2.385108844101e+04 
       2.279639912987e-02       2.379561864295e+04 
       2.292744218621e-02       2.373957608546e+04 
       2.305859448477e-02       2.368301695547e+04 
       2.318985829960e-02       2.362651634671e+04 
       2.332123595983e-02       2.356837662244e+04 
       2.345272985106e-02       2.351028746184e+04 
       2.358434241683e-02       2.345172215155e+04 
       2.371607616008e-02       2.339265282556e+04 
       2.384793364466e-02       2.333378658412e+04 
       2.397991749692e-02       2.327323169617e+04 
       2.411203040737e-02       2.321286438325e+04 
       2.424427513232e-02       2.315265643408e+04 
       2.437665449561e-02       2.309085543049e+04 
       2.450917139044e-02       2.302975382639e+04 
       2.464182878122e-02       2.296723662989e+04 
       2.477462970543e-02       2.290541092506e+04 
       2.490757727566e-02       2.284255394314e+04 
       2.504067468164e-02       2.277914755178e+04 
       2.517392519232e-02       2.271624267274e+04 
       2.530733215809e-02       2.265210494766e+04 
       2.544089901302e-02       2.258796744257e+04 
       2.557462927719e-02       2.252371929317e+04 
       2.570852655914e-02       2.245916223663e+04 
       2.584259455834e-02       2.239457876201e+04 
       2.597683706778e-02       2.232905081848e+04 
       2.611125797665e-02       2.226405593389e+04 
       2.624586127313e-02       2.219825594651e+04 
       2.638065104724e-02       2.213231973011e+04 
       2.651563149382e-02       2.206560682460e+04 
       2.665080691562e-02       2.199932874067e+04 
       2.678618172648e-02       2.193307761290e+04 
       2.692176045464e-02       2.186617231749e+04 
       2.705754774620e-02       2.179867454275e+04 
       2.719354836864e-02       2.173152427672e+04 
       2.732976721452e-02       2.166457526252e+04 
       2.746620930533e-02       2.159658523056e+04 
       2.760287979545e-02       2.152871964801e+04 
       2.773978397627e-02       2.146123126488e+04 
       2.787692728050e-02       2.139275460953e+04 
       2.801431528657e-02       2.132500644222e+04 
       2.815195372330e-02       2.125626294797e+04 
       2.828984847472e-02       2.118814803539e+04 
       2.842800558499e-02       2.111948416104e+04 
       2.856643126367e-02       2.105039129831e+04 
       2.870513189110e-02       2.098161175044e+04 
       2.884411402398e-02       2.091310398562e+04 
       2.898338440131e-02       2.084401602271e+04 
       2.912294995039e-02       2.077453435742e+04 
       2.926281779326e-02       2.070562091401e+04 
       2.940299525321e-02       2.063632420335e+04 
       2.954348986177e-02       2.056661209079e+04 
       2.968430936583e-02       2.049714662272e+04 
       2.982546173515e-02       2.042781799697e+04 
       2.996695517021e-02       2.035810599397e+04 
       3.010879811032e-02       2.028886712968e+04 
       3.025099924218e-02       2.021895517029e+04 
       3.039356750878e-02       2.014912031732e+04 
       3.053651211865e-02       2.007951488409e+04 
       3.067984255565e-02       2.000956157600e+04 
       3.082356858909e-02       1.993979615088e+04 
       3.096770028437e-02       1.986995903961e+04 
       3.111224801413e-02       1.980007399122e+04 
       3.125722246986e-02       1.973014237564e+04 
       3.140263467415e-02       1.966074758968e+04 
       3.154849599347e-02       1.959060474616e+04 
       3.169481815154e-02       1.952051291917e+04 
       3.184161324344e-02       1.945051737829e+04 
       3.198889375033e-02       1.938060447441e+04 
       3.213667255497e-02       1.931080565269e+04 
       3.228496295797e-02       1.924084412741e+04 
       3.243377869486e-02       1.917126703662e+04 
       3.258313395413e-02       1.910082200242e+04 
       3.273304339607e-02       1.903090497224e+04 
       3.288352217270e-02       1.896097490093e+04 
       3.303458594869e-02       1.889132895522e+04 
       3.318625092346e-02       1.882166462884e+04 
       3.333853385439e-02       1.875141617341e+04 
       3.349145208141e-02       1.868147483585e+04 
       3.364502355283e-02       1.861146299928e+04 
       3.379926685271e-02       1.854193797334e+04 
       3.395420122971e-02       1.847180089268e+04 
       3.410984662761e-02       1.840233333392e+04 
       3.426622371760e-02       1.833251016801e+04 
       3.442335393245e-02       1.826273802870e+04 
       3.458125950269e-02       1.819275922840e+04 
       3.473996349494e-02       1.812322711321e+04 
       3.489948985261e-02       1.805320205612e+04 
       3.505986343904e-02       1.798413491529e+04 
       3.522111008329e-02       1.791406788991e+04 
       3.538325662890e-02       1.784419547316e+04 
       3.554633098563e-02       1.777440108868e+04 
       3.571036218458e-02       1.770483327640e+04 
       3.587538043690e-02       1.763515700302e+04 
       3.604141719635e-02       1.756540888330e+04 
       3.620850522604e-02       1.749564142673e+04 
       3.637667866968e-02       1.742617021821e+04 
       3.654597312769e-02       1.735682959532e+04 
       3.671642573865e-02       1.728725544912e+04 
       3.688807526643e-02       1.721720015444e+04 
       3.706096219353e-02       1.714778997687e+04 
       3.723512882120e-02       1.707809905835e+04 
       3.741061937688e-02       1.700844185549e+04 
       3.758748012965e-02       1.693850097000e+04 
       3.776575951436e-02       1.686869009962e+04 
       3.794550826528e-02       1.679902296220e+04 
       3.812677956012e-02       1.672899962145e+04 
       3.830962917545e-02       1.665915100699e+04 
       3.849411565448e-02       1.658875010131e+04 
       3.868030048856e-02       1.651864819240e+04 
       3.886824831360e-02       1.644852603125e+04 
       3.905802712300e-02       1.637878373754e+04 
       3.924970849874e-02       1.630798704068e+04 
       3.944336786244e-02       1.623779154066e+04 
       3.963908474858e-02       1.616713487761e+04 
       3.983694310215e-02       1.609643476227e+04 
       4.003703160341e-02       1.602568232850e+04 
       4.023944402280e-02       1.595499235240e+04 
       4.044427960924e-02       1.588422295761e+04 
       4.065164351575e-02       1.581291596983e+04 
       4.086164726671e-02       1.574159479861e+04 
       4.107440927155e-02       1.566975322701e+04 
       4.129005539065e-02       1.559782921278e+04 
       4.150871955970e-02       1.552564483865e+04 
       4.173054447985e-02       1.545340784461e+04 
       4.195568238212e-02       1.538083014607e+04 
       4.218429587559e-02       1.530809297928e+04 
       4.241655889053e-02       1.523517921880e+04 
       4.265265772934e-02       1.516164611624e+04 
       4.289279224008e-02       1.508791911281e+04 
       4.313717712995e-02       1.501337425985e+04 
       4.338604343888e-02       1.493890504099e+04 
       4.363964019664e-02       1.486362681383e+04 
       4.389823629128e-02       1.478825089154e+04 
       4.416212258123e-02       1.471186598258e+04 
       4.443161428941e-02       1.463558808975e+04 
       4.470705372490e-02       1.455800378924e+04 
       4.498881338596e-02       1.448052366678e+04 
       4.527729950894e-02       1.440166770199e+04 
       4.557295614009e-02       1.432260732604e+04 
       4.587626982302e-02       1.424244718180e+04 
       4.618777501373e-02       1.416151000543e+04 
       4.650806035870e-02       1.407914292053e+04 
       4.683777600122e-02       1.399640477821e+04 
       4.717764211744e-02       1.391215140693e+04 
       4.752845893004e-02       1.382744079213e+04 
       4.789111850449e-02       1.374055182814e+04 
       4.826661870604e-02       1.365271102341e+04 
       4.865607978742e-02       1.356346855371e+04 
       4.906076419426e-02       1.347207452381e+04 
       4.948210032374e-02       1.337897772946e+04 
       4.992171116196e-02       1.328377819236e+04 
       5.038144896683e-02       1.318640680351e+04 
       5.086343747099e-02       1.308680633156e+04 
       5.137012346766e-02       1.298382396393e+04 
       5.190434012909e-02       1.287801842401e+04 
       5.246938500424e-02       1.276878474146e+04 
       5.306911635082e-02       1.265507894953e+04 
       5.370807224497e-02       1.253732530385e+04 
       5.439161767598e-02       1.241403645503e+04 
       5.512612531839e-02       1.228488140548e+04 
       5.591919531878e-02       1.214838428393e+04 
       5.677991708925e-02       1.200406643346e+04 
       5.771916952575e-02       1.184989362394e+04 
       5.874994114830e-02       1.168428023470e+04 
       5.988762140038e-02       1.150498328252e+04 
       6.115015846376e-02       1.130901616941e+04 
       6.255788685037e-02       1.109316143607e+04 
       6.413270244539e-02       1.085299926282e+04 
       6.589615596808e-02       1.058458616624e+04 
       6.786610971597e-02       1.028319896095e+04 
       7.005213823644e-02       9.945545888675e+03 
       7.245099563559e-02       9.571007108768e+03 
       7.504459701080e-02       9.162815183986e+03 
       7.780253218289e-02       8.728316696822e+03 
       8.068849591066e-02       8.279038053305e+03 
       8.366739413525e-02       7.828306133924e+03 
       8.671003195950e-02       7.389547723664e+03 
       8.979459285325e-02       6.974192818120e+03 
       9.290594027643e-02       6.591230666310e+03 
       9.603407937960e-02       6.245544757141e+03 
       9.917261815404e-02       5.939319442716e+03 
       1.023175504305e-01       5.671777570808e+03 
       1.054663966255e-01       5.439656144448e+03 
       1.086176337391e-01       5.238178146108e+03 
       1.117703306150e-01       5.061016503087e+03 
       1.149239194638e-01       4.901486798152e+03 
       1.180780545537e-01       4.753555971266e+03 
       1.212325254799e-01       4.612238114051e+03 
       1.243872041755e-01       4.473154260178e+03 
       1.275420126279e-01       4.332700045860e+03 
       1.306969032420e-01       4.188438643266e+03 
       1.338518469070e-01       4.039549907667e+03 
       1.370068257488e-01       3.886814570672e+03 
       1.401618287294e-01       3.732678861230e+03 
       1.433168489741e-01       3.579462181139e+03 
       1.464718821488e-01       3.429934627492e+03 
       1.496269254737e-01       3.286852547021e+03 
       1.527819771240e-01       3.152454774616e+03 
       1.559370358651e-01       3.028375746264e+03 
       1.590921008299e-01       2.915222649376e+03 
       1.622471713835e-01       2.813073113998e+03 
       1.654022470396e-01       2.721380317336e+03 
       1.685573274098e-01       2.639338724988e+03 
       1.717124121712e-01       2.565863030440e+03 
       1.748675010473e-01       2.499235558436e+03 
       1.780225937951e-01       2.437740069095e+03 
       1.811776901969e-01       2.379480038377e+03 
       1.843327900552e-01       2.322840878283e+03 
       1.874878931890e-01       2.266626134465e+03 
       1.906429994313e-01       2.209849556579e+03 
       1.937981086272e-01       2.152102758518e+03 
       1.969532206325e-01       2.093368199108e+03 
       2.001083353125e-01       2.033847620593e+03 
       2.032634525415e-01       1.973967024859e+03 
       2.064185722012e-01       1.914219044685e+03 
       2.095736941810e-01       1.855450100307e+03 
       2.127288183769e-01       1.798394035427e+03 
       2.158839446907e-01       1.743822987227e+03 
       2.190390730305e-01       1.692258838962e+03 
       2.221942033091e-01       1.643941546410e+03 
       2.253493354447e-01       1.598984703004e+03 
       2.285044693597e-01       1.557369939855e+03 
       2.316596049810e-01       1.518923036631e+03 
       2.348147422393e-01       1.483330827392e+03 
       2.379698810690e-01       1.450182665138e+03 
       2.411250214081e-01       1.419006224320e+03 
       2.442801631978e-01       1.389326971659e+03 
       2.474353063821e-01       1.360633956641e+03 
       2.505904509081e-01       1.332485476683e+03 
       2.537455967253e-01       1.304547561161e+03 
       2.569007437861e-01       1.276631158168e+03 
       2.600558920447e-01       1.248652221319e+03 
       2.632110414579e-01       1.220594381020e+03 
       2.663661919845e-01       1.192541641625e+03 
       2.695213435850e-01       1.164631847519e+03 
       2.726764962220e-01       1.137100050803e+03 
       2.758316498597e-01       1.110166647123e+03 
       2.789868044640e-01       1.084002928671e+03 
       2.821419600022e-01       1.058760838517e+03 
       2.852971164433e-01       1.034577993948e+03 
       2.884522737574e-01       1.011533003976e+03 
       2.916074319160e-01       9.896729842116e+02 
       2.947625908919e-01       9.689884380304e+02 
       2.979177506589e-01       9.493965104597e+02 
       3.010729111921e-01       9.308004008407e+02 
       3.042280724675e-01       9.130598053791e+02 
       3.073832344622e-01       8.960016041908e+02 
       3.105383971540e-01       8.794954798309e+02 
       3.136935605219e-01       8.633906177872e+02 
       3.168487245455e-01       8.475928100524e+02 
       3.200038892055e-01       8.320295143285e+02 
       3.231590544829e-01       8.166434391518e+02 
       3.263142203599e-01       8.013804936542e+02 
       3.294693868191e-01       7.862409001265e+02 
       3.326245538440e-01       7.712543950233e+02 
       3.357797214183e-01       7.564684416978e+02 
       3.389348895269e-01       7.419342602268e+02 
       3.420900581547e-01       7.277033429981e+02 
       3.452452272876e-01       7.138181887606e+02 
       3.484003969116e-01       7.003345438196e+02 
       3.515555670136e-01       6.872885151032e+02 
       3.547107375807e-01       6.746979057955e+02 
       3.578659086006e-01       6.625621980186e+02 
       3.610210800613e-01       6.508812123419e+02 
       3.641762519514e-01       6.396338003694e+02 
       3.673314242596e-01       6.287927297761e+02 
       3.704865969754e-01       6.182958054761e+02 
       3.736417700883e-01       6.081047124309e+02 
       3.767969435883e-01       5.981712950312e+02 
       3.799521174658e-01       5.884662109876e+02 
       3.831072917113e-01       5.789474252050e+02 
       3.862624663158e-01       5.695862891482e+02 
       3.894176412706e-01       5.603655676865e+02 
       3.925728165671e-01       5.512800790591e+02 
       3.957279921972e-01       5.423254412858e+02 
       3.988831681529e-01       5.335034537488e+02 
       4.020383444265e-01       5.248167750021e+02 
       4.051935210106e-01       5.162864386298e+02 
       4.083486978980e-01       5.079195055276e+02 
       4.115038750815e-01       4.997406552324e+02 
       4.146590525545e-01       4.917612635928e+02 
       4.178142303104e-01       4.839747384885e+02 
       4.209694083428e-01       4.763941320694e+02 
       4.241245866454e-01       4.690298811610e+02 
       4.272797652123e-01       4.618597318847e+02 
       4.304349440377e-01       4.548856615722e+02 
       4.335901231159e-01       4.480883055591e+02 
       4.367453024413e-01       4.414593276332e+02 
       4.399004820087e-01       4.349893626484e+02 
       4.430556618128e-01       4.286617703370e+02 
       4.462108418487e-01       4.224645506280e+02 
       4.493660221114e-01       4.163781497265e+02 
       4.525212025961e-01       4.104045029063e+02 
       4.556763832983e-01       4.045315325906e+02 
       4.588315642134e-01       3.987528089337e+02 
       4.619867453370e-01       3.930653601178e+02 
       4.651419266650e-01       3.874708985627e+02 
       4.682971081931e-01       3.819707173286e+02 
       4.714522899173e-01       3.765712047698e+02 
       4.746074718337e-01       3.712654374818e+02 
       4.777626539385e-01       3.660611467573e+02 
       4.809178362280e-01       3.609595551490e+02 
       4.840730186984e-01       3.559676923403e+02 
       4.872282013464e-01       3.510831020951e+02 
       4.903833841685e-01       3.462996867953e+02 
       4.935385671612e-01       3.416188044054e+02 
       4.966937503214e-01       3.370371986235e+02 
       4.998489336459e-01       3.325553079920e+02 
       5.030041171316e-01       3.281607641850e+02 
       5.061593007754e-01       3.238537590581e+02 
       5.093144845744e-01       3.196295921747e+02 
       5.124696685257e-01       3.154814886874e+02 
       5.156248526266e-01       3.114062384188e+02 
       5.187800368742e-01       3.074031831507e+02 
       5.219352212660e-01       3.034661151333e+02 
       5.250904057992e-01       2.995921912837e+02 
       5.282455904715e-01       2.957788468458e+02 
       5.314007752802e-01       2.920326325915e+02 
       5.345559602229e-01       2.883436018240e+02 
       5.377111452974e-01       2.847178233206e+02 
       5.408663305012e-01       2.811518203740e+02 
       5.440215158322e-01       2.776480526103e+02 
       5.471767012881e-01       2.742037775016e+02 
       5.503318868667e-01       2.708232777284e+02 
       5.534870725660e-01       2.675005377939e+02 
       5.566422583839e-01       2.642380929953e+02 
       5.597974443184e-01       2.610344106042e+02 
       5.629526303675e-01       2.578890760153e+02 
       5.661078165293e-01       2.547993746226e+02 
       5.692630028019e-01       2.517625403923e+02 
       5.724181891835e-01       2.487795334613e+02 
       5.755733756723e-01       2.458470664390e+02 
       5.787285622666e-01       2.429622786943e+02 
       5.818837489645e-01       2.401222048676e+02 
       5.850389357645e-01       2.373282849378e+02 
       5.881941226648e-01       2.345803974558e+02 
       5.913493096639e-01       2.318736553494e+02 
       5.945044967602e-01       2.292086231045e+02 
       5.976596839522e-01       2.265841062886e+02 
       6.008148712383e-01       2.240015344233e+02 
       6.039700586170e-01       2.214581152697e+02 
       6.071252460870e-01       2.189553130896e+02 
       6.102804336467e-01       2.164909292375e+02 
       6.134356212949e-01       2.140639387314e+02 
       6.165908090301e-01       2.116748711381e+02 
       6.197459968510e-01       2.093251028346e+02 
       6.229011847563e-01       2.070125396661e+02 
       6.260563727448e-01       2.047344985337e+02 
       6.292115608151e-01       2.024922916307e+02 
