# Matter power spectrum P(k) at redshift z=0
# for k=1.04383e-05 to 0.627318 h/Mpc,
# number of wavenumbers equal to 560
#    1:k (h/Mpc)              2:P (Mpc/h)^3        
       1.043826635766e-05       5.124848135169e+01 
       2.332539659098e-05       1.112961911845e+02 
       3.625784574880e-05       1.703115333735e+02 
       4.927044303056e-05       2.289224363585e+02 
       6.239859386710e-05       2.874874307165e+02 
       7.567859592279e-05       3.462759746307e+02 
       8.914796520586e-05       4.055190134385e+02 
       1.028457766286e-04       4.654296891519e+02 
       1.168130233915e-04       5.262139657124e+02 
       1.310929996005e-04       5.880770679090e+02 
       1.457317105302e-04       6.512279684799e+02 
       1.607783148880e-04       7.158828791258e+02 
       1.762856032533e-04       7.822682507615e+02 
       1.923105164929e-04       8.506234960987e+02 
       2.089147072929e-04       9.212036259109e+02 
       2.261651468594e-04       9.942818468510e+02 
       2.441347771681e-04       1.070152151571e+03 
       2.629032066481e-04       1.149131975514e+03 
       2.825574436133e-04       1.231564808208e+03 
       3.031926567560e-04       1.317822786827e+03 
       3.249129452247e-04       1.408309177449e+03 
       3.478320918047e-04       1.503460591628e+03 
       3.720742611385e-04       1.603748787580e+03 
       3.977745904934e-04       1.709681847706e+03 
       4.250796033542e-04       1.821804370459e+03 
       4.541473566052e-04       1.940696389025e+03 
       4.851472116641e-04       2.066970509898e+03 
       5.182591012055e-04       2.201266802175e+03 
       5.536721502222e-04       2.344244914929e+03 
       5.915825090348e-04       2.496572938988e+03 
       6.321902739163e-04       2.658912626806e+03 
       6.756954162197e-04       2.831900849739e+03 
       7.222927197233e-04       3.016127484722e+03 
       7.721658400030e-04       3.212110441595e+03 
       8.254807421489e-04       3.420269147324e+03 
       8.823789255954e-04       3.640898310256e+03 
       9.429709770700e-04       3.874144251245e+03 
       1.007331067634e-03       4.119986451953e+03 
       1.075492993902e-03       4.378226538468e+03 
       1.147448239900e-03       4.648486476339e+03 
       1.223146315259e-03       4.930216735724e+03 
       1.302497347351e-03       5.222713791083e+03 
       1.385376628562e-03       5.525125013976e+03 
       1.471630604468e-03       5.836516002945e+03 
       1.561083674481e-03       6.155909585070e+03 
       1.653545173769e-03       6.482273404946e+03 
       1.748815995326e-03       6.814569109248e+03 
       1.846694457725e-03       7.151776387330e+03 
       1.946981187571e-03       7.492912593740e+03 
       2.049482934299e-03       7.837047284698e+03 
       2.154015349974e-03       8.183311597435e+03 
       2.260404842352e-03       8.530904631759e+03 
       2.368489648894e-03       8.879095469567e+03 
       2.478120290682e-03       9.227222432750e+03 
       2.589159557612e-03       9.574691372282e+03 
       2.701482157884e-03       9.920972899135e+03 
       2.814974142035e-03       1.026559615396e+04 
       2.929532188598e-03       1.060814463884e+04 
       3.045062817363e-03       1.094825849571e+04 
       3.161481578288e-03       1.128561342391e+04 
       3.278712249535e-03       1.161993295309e+04 
       3.396686066856e-03       1.195097683279e+04 
       3.515340998013e-03       1.227853423977e+04 
       3.634621069758e-03       1.260242552255e+04 
       3.754475750511e-03       1.292249780166e+04 
       3.874859388868e-03       1.323861768234e+04 
       3.995730706171e-03       1.355067590724e+04 
       4.117052340111e-03       1.385857768722e+04 
       4.238790435739e-03       1.416224646303e+04 
       4.360914279896e-03       1.446162155904e+04 
       4.483395975098e-03       1.475664907437e+04 
       4.606210148950e-03       1.504729233784e+04 
       4.729333695451e-03       1.533351199589e+04 
       4.852745544748e-03       1.561527311912e+04 
       4.976426458229e-03       1.589262149573e+04 
       5.100358846129e-03       1.616549748770e+04 
       5.224526605090e-03       1.643392681216e+04 
       5.348914973418e-03       1.669795594135e+04 
       5.473510401995e-03       1.695757394541e+04 
       5.598300439062e-03       1.721272680679e+04 
       5.723273627281e-03       1.746291144097e+04 
       5.848419411662e-03       1.770924143873e+04 
       5.973728057134e-03       1.795102352498e+04 
       6.099190574643e-03       1.818868131894e+04 
       6.224798654842e-03       1.842217290770e+04 
       6.350544608494e-03       1.865123990718e+04 
       6.476421312871e-03       1.887583694301e+04 
       6.602422163458e-03       1.909636558665e+04 
       6.728541030409e-03       1.931285383107e+04 
       6.854772219220e-03       1.952520151165e+04 
       6.981110435178e-03       1.973375796524e+04 
       7.107550751175e-03       1.993788058580e+04 
       7.234088578549e-03       2.013807732270e+04 
       7.360719640612e-03       2.033433131437e+04 
       7.487439948614e-03       2.052662957442e+04 
       7.614245779873e-03       2.071509401894e+04 
       7.741133657869e-03       2.089934475273e+04 
       7.868100334094e-03       2.107990202707e+04 
       7.995142771489e-03       2.125647046941e+04 
       8.122258129315e-03       2.142957400564e+04 
       8.249443749318e-03       2.159902056996e+04 
       8.376697143058e-03       2.176539854275e+04 
       8.504015980303e-03       2.192744513317e+04 
       8.631398078385e-03       2.208587887968e+04 
       8.758841392419e-03       2.224071519717e+04 
       8.886344006321e-03       2.239201053900e+04 
       9.013904124543e-03       2.253918516351e+04 
       9.141520064467e-03       2.268430163263e+04 
       9.269190249391e-03       2.282435909274e+04 
       9.396913202067e-03       2.296207256739e+04 
       9.524687538732e-03       2.309719019423e+04 
       9.652511963601e-03       2.322815770959e+04 
       9.780385263769e-03       2.335598246199e+04 
       9.908306304502e-03       2.348042861772e+04 
       1.003627402488e-02       2.360063896995e+04 
       1.016428743374e-02       2.372008842169e+04 
       1.029234560598e-02       2.383507234649e+04 
       1.042044767903e-02       2.394712040276e+04 
       1.054859284967e-02       2.405589495529e+04 
       1.067678037104e-02       2.416191296343e+04 
       1.080500954985e-02       2.426397781615e+04 
       1.093327974383e-02       2.436410715473e+04 
       1.106159035930e-02       2.446208189343e+04 
       1.118994084897e-02       2.455548256873e+04 
       1.131833070986e-02       2.464689747352e+04 
       1.144675948140e-02       2.473601020143e+04 
       1.157522674359e-02       2.482123856535e+04 
       1.170373211538e-02       2.490545615024e+04 
       1.183227525309e-02       2.498572404995e+04 
       1.196085584901e-02       2.506227518802e+04 
       1.208947363001e-02       2.513847273760e+04 
       1.221812835633e-02       2.521098428205e+04 
       1.234681982041e-02       2.528034413244e+04 
       1.247554784581e-02       2.534822905235e+04 
       1.260431228622e-02       2.541300710036e+04 
       1.273311302452e-02       2.547518181904e+04 
       1.286194997194e-02       2.553518207924e+04 
       1.299082306724e-02       2.559263715807e+04 
       1.311973227599e-02       2.564758423086e+04 
       1.324867758987e-02       2.569929162408e+04 
       1.337765902607e-02       2.575034594011e+04 
       1.350667662667e-02       2.579812863662e+04 
       1.363573045816e-02       2.584423909479e+04 
       1.376482061089e-02       2.588765667581e+04 
       1.389394719869e-02       2.592852865403e+04 
       1.402311035839e-02       2.596795212604e+04 
       1.415231024952e-02       2.600392107436e+04 
       1.428154705393e-02       2.603825985023e+04 
       1.441082097550e-02       2.607109147627e+04 
       1.454013223990e-02       2.610149954620e+04 
       1.466948109431e-02       2.612937737566e+04 
       1.479886780724e-02       2.615625427306e+04 
       1.492829266836e-02       2.618113074898e+04 
       1.505775598831e-02       2.620283668225e+04 
       1.518725809862e-02       2.622386436322e+04 
       1.531679935157e-02       2.624230170814e+04 
       1.544638012014e-02       2.625911890547e+04 
       1.557600079795e-02       2.627368776553e+04 
       1.570566179921e-02       2.628526815244e+04 
       1.583536355874e-02       2.629714912029e+04 
       1.596510653197e-02       2.630627866785e+04 
       1.609489119496e-02       2.631364432631e+04 
       1.622471804445e-02       2.631928811859e+04 
       1.635458759798e-02       2.632305125987e+04 
       1.648450039391e-02       2.632395068815e+04 
       1.661445699156e-02       2.632422201235e+04 
       1.674445797136e-02       2.632344961342e+04 
       1.687450393497e-02       2.632004251560e+04 
       1.700459550543e-02       2.631546722360e+04 
       1.713473332736e-02       2.631026391456e+04 
       1.726491806718e-02       2.630148132648e+04 
       1.739515041325e-02       2.629295662599e+04 
       1.752543107619e-02       2.628126648894e+04 
       1.765576078907e-02       2.626969294828e+04 
       1.778614030768e-02       2.625494491910e+04 
       1.791657041085e-02       2.623959782041e+04 
       1.804705190068e-02       2.622278227577e+04 
       1.817758560294e-02       2.620426556113e+04 
       1.830817236730e-02       2.618480407117e+04 
       1.843881306779e-02       2.616407914629e+04 
       1.856950860306e-02       2.614141601837e+04 
       1.870025989684e-02       2.611737126355e+04 
       1.883106789827e-02       2.609345688226e+04 
       1.896193358240e-02       2.606703219958e+04 
       1.909285795053e-02       2.603843124522e+04 
       1.922384203073e-02       2.601065435919e+04 
       1.935488687827e-02       2.597924974912e+04 
       1.948599357614e-02       2.594852306495e+04 
       1.961716323550e-02       2.591557637172e+04 
       1.974839699628e-02       2.588166432037e+04 
       1.987969602764e-02       2.584683443275e+04 
       2.001106152858e-02       2.581095461329e+04 
       2.014249472854e-02       2.577355560424e+04 
       2.027399688795e-02       2.573580645058e+04 
       2.040556929886e-02       2.569643291370e+04 
       2.053721328562e-02       2.565571376516e+04 
       2.066893020551e-02       2.561452258468e+04 
       2.080072144946e-02       2.557193011785e+04 
       2.093258844269e-02       2.552787421917e+04 
       2.106453264552e-02       2.548357346106e+04 
       2.119655555409e-02       2.543833528228e+04 
       2.132865870112e-02       2.539115915817e+04 
       2.146084365675e-02       2.534381487294e+04 
       2.159311202934e-02       2.529537239193e+04 
       2.172546546635e-02       2.524582108763e+04 
       2.185790565521e-02       2.519599925225e+04 
       2.199043432421e-02       2.514469545930e+04 
       2.212305324347e-02       2.509290585353e+04 
       2.225576422592e-02       2.503994746935e+04 
       2.238856912823e-02       2.498697571201e+04 
       2.252146985192e-02       2.493210660388e+04 
       2.265446834437e-02       2.487756915257e+04 
       2.278756659993e-02       2.482157255458e+04 
       2.292076666106e-02       2.476488107712e+04 
       2.305407061947e-02       2.470677253965e+04 
       2.318748061734e-02       2.464860357958e+04 
       2.332099884856e-02       2.458969903371e+04 
       2.345462755999e-02       2.453007328186e+04 
       2.358836905280e-02       2.446977852517e+04 
       2.372222568381e-02       2.440887002756e+04 
       2.385619986692e-02       2.434764649257e+04 
       2.399029407451e-02       2.428502771626e+04 
       2.412451083899e-02       2.422247735668e+04 
       2.425885275431e-02       2.415861216485e+04 
       2.439332247754e-02       2.409454828691e+04 
       2.452792273054e-02       2.403030456057e+04 
       2.466265630167e-02       2.396467835515e+04 
       2.479752604749e-02       2.389888223975e+04 
       2.493253489459e-02       2.383299789928e+04 
       2.506768584150e-02       2.376617390460e+04 
       2.520298196055e-02       2.369878175867e+04 
       2.533842639993e-02       2.363045942934e+04 
       2.547402238570e-02       2.356258466051e+04 
       2.560977322395e-02       2.349333952522e+04 
       2.574568230301e-02       2.342436861384e+04 
       2.588175309568e-02       2.335440792346e+04 
       2.601798916165e-02       2.328419173638e+04 
       2.615439414988e-02       2.321355907885e+04 
       2.629097180116e-02       2.314288487935e+04 
       2.642772595070e-02       2.307123169072e+04 
       2.656466053082e-02       2.299952155233e+04 
       2.670177957376e-02       2.292750382233e+04 
       2.683908721458e-02       2.285476536200e+04 
       2.697658769414e-02       2.278183139066e+04 
       2.711428536221e-02       2.270885956903e+04 
       2.725218468070e-02       2.263527826298e+04 
       2.739029022696e-02       2.256127141147e+04 
       2.752860669727e-02       2.248703429548e+04 
       2.766713891042e-02       2.241257794285e+04 
       2.780589181142e-02       2.233780781832e+04 
       2.794487047535e-02       2.226275273468e+04 
       2.808408011136e-02       2.218743834999e+04 
       2.822352606686e-02       2.211177298277e+04 
       2.836321383178e-02       2.203599943813e+04 
       2.850314904310e-02       2.195990343189e+04 
       2.864333748945e-02       2.188366183420e+04 
       2.878378511601e-02       2.180718378901e+04 
       2.892449802948e-02       2.173056507446e+04 
       2.906548250334e-02       2.165345091912e+04 
       2.920674498329e-02       2.157649721251e+04 
       2.934829209287e-02       2.149912893672e+04 
       2.949013063940e-02       2.142165325191e+04 
       2.963226762006e-02       2.134398429267e+04 
       2.977471022830e-02       2.126629671447e+04 
       2.991746586048e-02       2.118836337022e+04 
       3.006054212283e-02       2.111008794732e+04 
       3.020394683862e-02       2.103216507041e+04 
       3.034768805572e-02       2.095359230083e+04 
       3.049177405449e-02       2.087514227517e+04 
       3.063621335592e-02       2.079651376780e+04 
       3.078101473025e-02       2.071788999971e+04 
       3.092618720588e-02       2.063917942739e+04 
       3.107174007872e-02       2.056022335157e+04 
       3.121768292194e-02       2.048115521494e+04 
       3.136402559621e-02       2.040219957413e+04 
       3.151077826037e-02       2.032302669940e+04 
       3.165795138258e-02       2.024386609581e+04 
       3.180555575205e-02       2.016454167082e+04 
       3.195360249126e-02       2.008532646428e+04 
       3.210210306882e-02       2.000578053668e+04 
       3.225106931292e-02       1.992673562436e+04 
       3.240051342544e-02       1.984708616954e+04 
       3.255044799675e-02       1.976758638295e+04 
       3.270088602123e-02       1.968817728543e+04 
       3.285184091362e-02       1.960870756672e+04 
       3.300332652615e-02       1.952915562548e+04 
       3.315535716655e-02       1.944966679081e+04 
       3.330794761700e-02       1.936993309646e+04 
       3.346111315407e-02       1.929063044575e+04 
       3.361486956973e-02       1.921082063622e+04 
       3.376923319343e-02       1.913130932230e+04 
       3.392422091542e-02       1.905168497036e+04 
       3.407985021131e-02       1.897229382976e+04 
       3.423613916800e-02       1.889267408910e+04 
       3.439310651101e-02       1.881316722513e+04 
       3.455077163342e-02       1.873377295056e+04 
       3.470915462640e-02       1.865433602328e+04 
       3.486827631152e-02       1.857475412835e+04 
       3.502815827491e-02       1.849536899539e+04 
       3.518882290346e-02       1.841593796645e+04 
       3.535029342318e-02       1.833664437527e+04 
       3.551259393983e-02       1.825731268800e+04 
       3.567574948210e-02       1.817788123415e+04 
       3.583978604734e-02       1.809873948152e+04 
       3.600473065026e-02       1.801959976341e+04 
       3.617061137464e-02       1.794030588249e+04 
       3.633745742836e-02       1.786118926784e+04 
       3.650529920201e-02       1.778209116881e+04 
       3.667416833133e-02       1.770291307514e+04 
       3.684409776382e-02       1.762396114986e+04 
       3.701512182977e-02       1.754502967663e+04 
       3.718727631825e-02       1.746608186449e+04 
       3.736059855824e-02       1.738715485679e+04 
       3.753512750548e-02       1.730831316252e+04 
       3.771090383552e-02       1.722947511666e+04 
       3.788797004343e-02       1.715086592552e+04 
       3.806637055077e-02       1.707195820200e+04 
       3.824615182056e-02       1.699322479536e+04 
       3.842736248075e-02       1.691469694602e+04 
       3.861005345728e-02       1.683601303290e+04 
       3.879427811719e-02       1.675725491916e+04 
       3.898009242322e-02       1.667862473054e+04 
       3.916755510050e-02       1.660008238960e+04 
       3.935672781684e-02       1.652139575289e+04 
       3.954767537784e-02       1.644301333091e+04 
       3.974046593819e-02       1.636435591281e+04 
       3.993517123100e-02       1.628589590368e+04 
       4.013186681676e-02       1.620736519387e+04 
       4.033063235424e-02       1.612887174466e+04 
       4.053155189543e-02       1.605029084892e+04 
       4.073471420718e-02       1.597176542202e+04 
       4.094021312258e-02       1.589316146763e+04 
       4.114814792518e-02       1.581457346562e+04 
       4.135862376996e-02       1.573591449304e+04 
       4.157175214514e-02       1.565719668270e+04 
       4.178765137972e-02       1.557852160097e+04 
       4.200644720228e-02       1.549952413921e+04 
       4.222827335702e-02       1.542080114158e+04 
       4.245327228451e-02       1.534177993055e+04 
       4.268159587502e-02       1.526271502659e+04 
       4.291340630403e-02       1.518360298865e+04 
       4.314887696051e-02       1.510429340809e+04 
       4.338819348074e-02       1.502489846182e+04 
       4.363155490175e-02       1.494518601561e+04 
       4.387917495150e-02       1.486543870925e+04 
       4.413128349502e-02       1.478554442652e+04 
       4.438812815956e-02       1.470536600597e+04 
       4.464997616531e-02       1.462517783022e+04 
       4.491711639313e-02       1.454439637064e+04 
       4.518986172622e-02       1.446350547359e+04 
       4.546855170974e-02       1.438235617167e+04 
       4.575355558004e-02       1.430083221121e+04 
       4.604527572570e-02       1.421911166049e+04 
       4.634415165433e-02       1.413681369520e+04 
       4.665066455415e-02       1.405421674566e+04 
       4.696534255744e-02       1.397136155494e+04 
       4.728876683578e-02       1.388731398168e+04 
       4.762157868468e-02       1.380376160758e+04 
       4.796448779005e-02       1.371883669791e+04 
       4.831828191257e-02       1.363367357873e+04 
       4.868383828040e-02       1.354778740767e+04 
       4.906213704928e-02       1.346084365041e+04 
       4.945427727631e-02       1.337343391460e+04 
       4.986149596342e-02       1.328461134214e+04 
       5.028519086702e-02       1.319518906598e+04 
       5.072694794874e-02       1.310461940293e+04 
       5.118857456984e-02       1.301249420484e+04 
       5.167213982168e-02       1.291891447284e+04 
       5.218002375199e-02       1.282432554722e+04 
       5.271497770839e-02       1.272737941533e+04 
       5.328019859147e-02       1.262871376567e+04 
       5.387942049629e-02       1.252758711470e+04 
       5.451702800476e-02       1.242387299332e+04 
       5.519819619704e-02       1.231666043847e+04 
       5.592906307991e-02       1.220633225851e+04 
       5.671694013844e-02       1.209113515943e+04 
       5.757056516957e-02       1.197089787557e+04 
       5.850039660591e-02       1.184441399757e+04 
       5.951893671644e-02       1.170965058070e+04 
       6.064104631128e-02       1.156496919881e+04 
       6.188416641999e-02       1.140755761976e+04 
       6.326828138414e-02       1.123375948242e+04 
       6.481533859096e-02       1.103845165258e+04 
       6.654771368475e-02       1.081583679689e+04 
       6.848529852945e-02       1.055835413397e+04 
       7.064114912911e-02       1.025882044852e+04 
       7.301661078387e-02       9.910490869549e+03 
       7.559813127012e-02       9.510913813551e+03 
       7.835822652329e-02       9.064071388015e+03 
       8.126100930257e-02       8.580475681224e+03 
       8.426962859612e-02       8.077154837747e+03 
       8.735206418173e-02       7.573897054852e+03 
       9.048363937144e-02       7.089741311734e+03 
       9.364686947473e-02       6.641065459795e+03 
       9.683004828081e-02       6.239228170732e+03 
       1.000256227566e-01       5.890811743816e+03 
       1.032288327449e-01       5.597042661700e+03 
       1.064367219043e-01       5.355024259041e+03 
       1.096474706409e-01       5.158545747131e+03 
       1.128599651032e-01       4.998973299296e+03 
       1.160735256407e-01       4.866341612345e+03 
       1.192877382799e-01       4.750331515244e+03 
       1.225023510758e-01       4.640910374735e+03 
       1.257172107079e-01       4.529623891461e+03 
       1.289322238227e-01       4.409869715157e+03 
       1.321473335095e-01       4.277600259535e+03 
       1.353625050019e-01       4.131684473234e+03 
       1.385777169920e-01       3.973151485640e+03 
       1.417929563565e-01       3.805299825885e+03 
       1.450082149540e-01       3.632746342160e+03 
       1.482234876806e-01       3.460725437632e+03 
       1.514387712883e-01       3.294483730089e+03 
       1.546540636670e-01       3.138533726612e+03 
       1.578693634083e-01       2.996351558916e+03 
       1.610846695388e-01       2.870150410600e+03 
       1.642999813583e-01       2.760781413342e+03 
       1.675152983406e-01       2.667768640539e+03 
       1.707306200721e-01       2.589702124937e+03 
       1.739459462147e-01       2.524168914132e+03 
       1.771612764820e-01       2.468274222637e+03 
       1.803766106246e-01       2.418848379973e+03 
       1.835919484208e-01       2.373006006376e+03 
       1.868072896706e-01       2.328081618705e+03 
       1.900226341910e-01       2.281211001403e+03 
       1.932379818138e-01       2.230637883303e+03 
       1.964533323832e-01       2.175417808677e+03 
       1.996686857543e-01       2.115504658849e+03 
       2.028840417922e-01       2.051539349397e+03 
       2.060994003704e-01       1.984889765086e+03 
       2.093147613708e-01       1.917148690456e+03 
       2.125301246824e-01       1.850084619056e+03 
       2.157454902009e-01       1.785253731259e+03 
       2.189608578285e-01       1.723920037715e+03 
       2.221762274728e-01       1.667099178905e+03 
       2.253915990468e-01       1.615400060293e+03 
       2.286069724687e-01       1.569045680290e+03 
       2.318223476608e-01       1.528008448870e+03 
       2.350377245502e-01       1.491795363888e+03 
       2.382531030676e-01       1.459817044223e+03 
       2.414684831475e-01       1.431166533053e+03 
       2.446838647279e-01       1.404809235071e+03 
       2.478992477502e-01       1.379731548946e+03 
       2.511146321585e-01       1.355041229997e+03 
       2.543300178999e-01       1.329947053529e+03 
       2.575454049242e-01       1.303945801433e+03 
       2.607607931837e-01       1.276821697654e+03 
       2.639761826329e-01       1.248480615094e+03 
       2.671915732287e-01       1.219057316811e+03 
       2.704069649298e-01       1.188851124620e+03 
       2.736223576972e-01       1.158270658929e+03 
       2.768377514934e-01       1.127859463661e+03 
       2.800531462828e-01       1.098106027987e+03 
       2.832685420314e-01       1.069502570018e+03 
       2.864839387066e-01       1.042452534076e+03 
       2.896993362776e-01       1.017209958489e+03 
       2.929147347146e-01       9.938842786526e+02 
       2.961301339892e-01       9.724475177782e+02 
       2.993455340744e-01       9.527651556293e+02 
       3.025609349441e-01       9.345770868743e+02 
       3.057763365735e-01       9.176219058611e+02 
       3.089917389387e-01       9.016045036805e+02 
       3.122071420169e-01       8.862377056145e+02 
       3.154225457861e-01       8.712266977864e+02 
       3.186379502254e-01       8.563344759859e+02 
       3.218533553146e-01       8.413506445520e+02 
       3.250687610342e-01       8.261467364589e+02 
       3.282841673657e-01       8.106793583318e+02 
       3.314995742911e-01       7.949732563042e+02 
       3.347149817933e-01       7.791326867622e+02 
       3.379303898558e-01       7.632969496447e+02 
       3.411457984626e-01       7.476053269393e+02 
       3.443612075983e-01       7.322121458096e+02 
       3.475766172483e-01       7.172440680580e+02 
       3.507920273984e-01       7.028074799395e+02 
       3.540074380348e-01       6.889847620301e+02 
       3.572228491444e-01       6.758399247361e+02 
       3.604382607144e-01       6.633854881636e+02 
       3.636536727326e-01       6.516113350049e+02 
       3.668690851871e-01       6.404586429458e+02 
       3.700844980666e-01       6.298515442983e+02 
       3.732999113599e-01       6.196713222246e+02 
       3.765153250565e-01       6.098175516582e+02 
       3.797307391461e-01       6.001859151250e+02 
       3.829461536186e-01       5.907022185707e+02 
       3.861615684646e-01       5.813080593952e+02 
       3.893769836747e-01       5.719719986795e+02 
       3.925923992399e-01       5.626765745268e+02 
       3.958078151516e-01       5.534100017002e+02 
       3.990232314013e-01       5.441879425619e+02 
       4.022386479809e-01       5.350279436938e+02 
       4.054540648826e-01       5.259664886857e+02 
       4.086694820986e-01       5.170500654795e+02 
       4.118848996216e-01       5.083185667154e+02 
       4.151003174445e-01       4.998143081223e+02 
       4.183157355602e-01       4.915631577722e+02 
       4.215311539621e-01       4.835845051560e+02 
       4.247465726437e-01       4.758730435646e+02 
       4.279619915986e-01       4.684201237465e+02 
       4.311774108206e-01       4.612123406282e+02 
       4.343928303039e-01       4.542386014596e+02 
       4.376082500427e-01       4.474865927758e+02 
       4.408236700312e-01       4.409223433829e+02 
       4.440390902642e-01       4.345356869499e+02 
       4.472545107363e-01       4.282832485327e+02 
       4.504699314423e-01       4.221406823756e+02 
       4.536853523773e-01       4.160881894881e+02 
       4.569007735364e-01       4.101033129474e+02 
       4.601161949149e-01       4.041826301912e+02 
       4.633316165082e-01       3.983266246532e+02 
       4.665470383119e-01       3.925450631679e+02 
       4.697624603216e-01       3.868409118372e+02 
       4.729778825331e-01       3.812168377559e+02 
       4.761933049424e-01       3.756853693296e+02 
       4.794087275453e-01       3.702469858094e+02 
       4.826241503381e-01       3.649205418213e+02 
       4.858395733169e-01       3.597136482288e+02 
       4.890549964782e-01       3.546389491835e+02 
       4.922704198182e-01       3.496977728451e+02 
       4.954858433334e-01       3.448896486313e+02 
       4.987012670206e-01       3.402104997058e+02 
       5.019166908764e-01       3.356474547859e+02 
       5.051321148975e-01       3.311861759835e+02 
       5.083475390808e-01       3.268208334007e+02 
       5.115629634232e-01       3.225373060184e+02 
       5.147783879218e-01       3.183299576620e+02 
       5.179938125736e-01       3.141928561536e+02 
       5.212092373758e-01       3.101240709494e+02 
       5.244246623256e-01       3.061128750878e+02 
       5.276400874203e-01       3.021534475330e+02 
       5.308555126573e-01       2.982450584255e+02 
       5.340709380339e-01       2.943871227274e+02 
       5.372863635477e-01       2.905864090919e+02 
       5.405017891962e-01       2.868478054948e+02 
       5.437172149770e-01       2.831761001588e+02 
       5.469326408878e-01       2.795736437185e+02 
       5.501480669263e-01       2.760418894353e+02 
       5.533634930902e-01       2.725763990195e+02 
       5.565789193774e-01       2.691753219716e+02 
       5.597943457858e-01       2.658413397639e+02 
       5.630097723132e-01       2.625701191022e+02 
       5.662251989577e-01       2.593650205178e+02 
       5.694406257172e-01       2.562226510972e+02 
       5.726560525897e-01       2.531409169767e+02 
       5.758714795735e-01       2.501164763831e+02 
       5.790869066666e-01       2.471413258144e+02 
       5.823023338673e-01       2.442111671132e+02 
       5.855177611737e-01       2.413267508274e+02 
       5.887331885841e-01       2.384827900880e+02 
       5.919486160968e-01       2.356857179124e+02 
       5.951640437102e-01       2.329310479515e+02 
       5.983794714225e-01       2.302187814211e+02 
       6.015948992323e-01       2.275487263402e+02 
       6.048103271380e-01       2.249149285637e+02 
       6.080257551381e-01       2.223204231522e+02 
       6.112411832309e-01       2.197621502269e+02 
       6.144566114152e-01       2.172455651853e+02 
       6.176720396894e-01       2.147716633321e+02 
       6.208874680522e-01       2.123398984772e+02 
       6.241028965022e-01       2.099501806390e+02 
       6.273183250380e-01       2.076018476543e+02 
