# Matter power spectrum P(k) at redshift z=0
# for k=1.04743e-05 to 0.629661 h/Mpc,
# number of wavenumbers equal to 560
#    1:k (h/Mpc)              2:P (Mpc/h)^3        
       1.047429046273e-05       5.270959423995e+01 
       2.340207523584e-05       1.110043390058e+02 
       3.637561690614e-05       1.682243750721e+02 
       4.943007667821e-05       2.258435799779e+02 
       6.260120119887e-05       2.844081395028e+02 
       7.592564361292e-05       3.428132365118e+02 
       8.944129495201e-05       4.018405221157e+02 
       1.031876302937e-04       4.609555845719e+02 
       1.172060741620e-04       5.210877532080e+02 
       1.315403896733e-04       5.823264136492e+02 
       1.462370959392e-04       6.448485293337e+02 
       1.613459181696e-04       7.088849031249e+02 
       1.769202747336e-04       7.746744454588e+02 
       1.930178050449e-04       8.424401768950e+02 
       2.097009414480e-04       9.123669508324e+02 
       2.270375271490e-04       9.848449465712e+02 
       2.451014804904e-04       1.060085352334e+03 
       2.639735032751e-04       1.138443595123e+03 
       2.837418271224e-04       1.220262627842e+03 
       3.045029866398e-04       1.305869629172e+03 
       3.263626011272e-04       1.395729448714e+03 
       3.494361371702e-04       1.490230889688e+03 
       3.738496124511e-04       1.589884937625e+03 
       3.997401861489e-04       1.695175210484e+03 
       4.272565634686e-04       1.806656120112e+03 
       4.565591217458e-04       1.924906310744e+03 
       4.878196446870e-04       2.050538537395e+03 
       5.212205323994e-04       2.184192492306e+03 
       5.569533423488e-04       2.326527884670e+03 
       5.952165164752e-04       2.478210812495e+03 
       6.362121701784e-04       2.639887092561e+03 
       6.801418679169e-04       2.812227627664e+03 
       7.272013941111e-04       2.995773087240e+03 
       7.775746480004e-04       3.191053730621e+03 
       8.314269390221e-04       3.398468263658e+03 
       8.888981149350e-04       3.618319716110e+03 
       9.500960862419e-04       3.850690308320e+03 
       1.015091379102e-03       4.095544228649e+03 
       1.083913321396e-03       4.352766441448e+03 
       1.156548328104e-03       4.621878330262e+03 
       1.232940517002e-03       4.902305205942e+03 
       1.312994597775e-03       5.193336572973e+03 
       1.396580698946e-03       5.494153852828e+03 
       1.483540587162e-03       5.803784242839e+03 
       1.573694630567e-03       6.121248384744e+03 
       1.666848868706e-03       6.445533234325e+03 
       1.762801653435e-03       6.775595649366e+03 
       1.861349480073e-03       7.110426052990e+03 
       1.962291795087e-03       7.449075703594e+03 
       2.065434714913e-03       7.790566815363e+03 
       2.170593702776e-03       8.134105630823e+03 
       2.277595322093e-03       8.478873699906e+03 
       2.386278220642e-03       8.824173586598e+03 
       2.496493507723e-03       9.169374281895e+03 
       2.608104676557e-03       9.513818021406e+03 
       2.720987204333e-03       9.857041975042e+03 
       2.835027938647e-03       1.019855459878e+04 
       2.950124355566e-03       1.053805313084e+04 
       3.066183753436e-03       1.087506004630e+04 
       3.183122428714e-03       1.120930744026e+04 
       3.300864865821e-03       1.154052542865e+04 
       3.419342961980e-03       1.186846553078e+04 
       3.538495299726e-03       1.219261351095e+04 
       3.658266473843e-03       1.251380847069e+04 
       3.778606475251e-03       1.283084373063e+04 
       3.899470131560e-03       1.314397607345e+04 
       4.020816602160e-03       1.345307075436e+04 
       4.142608924617e-03       1.375804798990e+04 
       4.264813608561e-03       1.405883324440e+04 
       4.387400272979e-03       1.435535425085e+04 
       4.510341322858e-03       1.464759278453e+04 
       4.633611661236e-03       1.493549926607e+04 
       4.757188432951e-03       1.521901883076e+04 
       4.881050796678e-03       1.549810790789e+04 
       5.005179722117e-03       1.577283629549e+04 
       5.129557809505e-03       1.604311939942e+04 
       5.254169128927e-03       1.630906726904e+04 
       5.378999077146e-03       1.657057562279e+04 
       5.504034249947e-03       1.682773476965e+04 
       5.629262328211e-03       1.708050642335e+04 
       5.754671976137e-03       1.732893373193e+04 
       5.880252750224e-03       1.757300771069e+04 
       6.005995017777e-03       1.781281603804e+04 
       6.131889883865e-03       1.804833737666e+04 
       6.257929125765e-03       1.827960488201e+04 
       6.384105134064e-03       1.850678973846e+04 
       6.510410859669e-03       1.872946529218e+04 
       6.636839766073e-03       1.894813595195e+04 
       6.763385786316e-03       1.916267715369e+04 
       6.890043284108e-03       1.937311567392e+04 
       7.016807018690e-03       1.957954316451e+04 
       7.143672113019e-03       1.978195996140e+04 
       7.270634024940e-03       1.998033628027e+04 
       7.397688521020e-03       2.017471796785e+04 
       7.524831652782e-03       2.036431537759e+04 
       7.652059735090e-03       2.055090292793e+04 
       7.779369326460e-03       2.073371593336e+04 
       7.906757211122e-03       2.091272340316e+04 
       8.034220382637e-03       2.108800741422e+04 
       8.161756028944e-03       2.125983535741e+04 
       8.289361518669e-03       2.142751375006e+04 
       8.417034388606e-03       2.159175434834e+04 
       8.544772332234e-03       2.175243518117e+04 
       8.672573189186e-03       2.190955846807e+04 
       8.800434935583e-03       2.206313311728e+04 
       8.928355675144e-03       2.221327977987e+04 
       9.056333631017e-03       2.236000226011e+04 
       9.184367138247e-03       2.250328113936e+04 
       9.312454636846e-03       2.264289154452e+04 
       9.440594665395e-03       2.277966404725e+04 
       9.568785855144e-03       2.291288090742e+04 
       9.697026924556e-03       2.304288502740e+04 
       9.825316674272e-03       2.316967858364e+04 
       9.953653982448e-03       2.329330952464e+04 
       1.008203780044e-02       2.341386969029e+04 
       1.021046714881e-02       2.353130629560e+04 
       1.033894111363e-02       2.364558948082e+04 
       1.046745884303e-02       2.375685513940e+04 
       1.059601954404e-02       2.386458379725e+04 
       1.072462247960e-02       2.397037693266e+04 
       1.085326696585e-02       2.407272984155e+04 
       1.098195236957e-02       2.417216985187e+04 
       1.111067810579e-02       2.426900913682e+04 
       1.123944363560e-02       2.436244637680e+04 
       1.136824846414e-02       2.445365106940e+04 
       1.149709213862e-02       2.454179215984e+04 
       1.162597424662e-02       2.462691429039e+04 
       1.175489441440e-02       2.470984381594e+04 
       1.188385230540e-02       2.478982137748e+04 
       1.201284761877e-02       2.486717767394e+04 
       1.214188008809e-02       2.494251888790e+04 
       1.227094948013e-02       2.501402647454e+04 
       1.240005559367e-02       2.508360290386e+04 
       1.252919825849e-02       2.515064178735e+04 
       1.265837733433e-02       2.521520045961e+04 
       1.278759271000e-02       2.527726586907e+04 
       1.291684430255e-02       2.533676394632e+04 
       1.304613205643e-02       2.539415019347e+04 
       1.317545594283e-02       2.544860866387e+04 
       1.330481595892e-02       2.550150084327e+04 
       1.343421212733e-02       2.555168689827e+04 
       1.356364449549e-02       2.559957737201e+04 
       1.369311313516e-02       2.564521032585e+04 
       1.382261814192e-02       2.568857207843e+04 
       1.395215963476e-02       2.572975583263e+04 
       1.408173775564e-02       2.576871985860e+04 
       1.421135266916e-02       2.580556226482e+04 
       1.434100456222e-02       2.584026880286e+04 
       1.447069364372e-02       2.587286949378e+04 
       1.460042014430e-02       2.590339003334e+04 
       1.473018431612e-02       2.593027101034e+04 
       1.485998643266e-02       2.595682386802e+04 
       1.498982678852e-02       2.598152724035e+04 
       1.511970569930e-02       2.600370155714e+04 
       1.524962350147e-02       2.602387183805e+04 
       1.537958055228e-02       2.604144695143e+04 
       1.550957722965e-02       2.605915912923e+04 
       1.563961393219e-02       2.607516303567e+04 
       1.576969107910e-02       2.608850652812e+04 
       1.589980911024e-02       2.609966551858e+04 
       1.602996848606e-02       2.610891804375e+04 
       1.616016968771e-02       2.611655942509e+04 
       1.629041321705e-02       2.612151568026e+04 
       1.642069959675e-02       2.612564746456e+04 
       1.655102937038e-02       2.612767188406e+04 
       1.668140310250e-02       2.612838161824e+04 
       1.681182137882e-02       2.612764157588e+04 
       1.694228480634e-02       2.612497364047e+04 
       1.707279401350e-02       2.612056988202e+04 
       1.720334965040e-02       2.611462428123e+04 
       1.733395238895e-02       2.610718968329e+04 
       1.746460292314e-02       2.609878213732e+04 
       1.759530196924e-02       2.608872732630e+04 
       1.772605026604e-02       2.607585089334e+04 
       1.785684857518e-02       2.606246392095e+04 
       1.798769768136e-02       2.604765932386e+04 
       1.811859839270e-02       2.603120970045e+04 
       1.824955154101e-02       2.601413724361e+04 
       1.838055798217e-02       2.599494142287e+04 
       1.851161859644e-02       2.597610168950e+04 
       1.864273428886e-02       2.595257807002e+04 
       1.877390598962e-02       2.592969718303e+04 
       1.890513465446e-02       2.590665223202e+04 
       1.903642126510e-02       2.588076885297e+04 
       1.916776682967e-02       2.585365774598e+04 
       1.929917238316e-02       2.582370986648e+04 
       1.943063898790e-02       2.579421041004e+04 
       1.956216773405e-02       2.576347861654e+04 
       1.969375974012e-02       2.573238462549e+04 
       1.982541615344e-02       2.569923498397e+04 
       1.995713815081e-02       2.566464117970e+04 
       2.008892693896e-02       2.562787490548e+04 
       2.022078375521e-02       2.559284802992e+04 
       2.035270986803e-02       2.555332583203e+04 
       2.048470657770e-02       2.551453490937e+04 
       2.061677521692e-02       2.547462696170e+04 
       2.074891715153e-02       2.543320547146e+04 
       2.088113378113e-02       2.539421412209e+04 
       2.101342653988e-02       2.534973949097e+04 
       2.114579689717e-02       2.530594855915e+04 
       2.127824635838e-02       2.526107207752e+04 
       2.141077646572e-02       2.521585351328e+04 
       2.154338879899e-02       2.517089602051e+04 
       2.167608497643e-02       2.512294279205e+04 
       2.180886665557e-02       2.507438748209e+04 
       2.194173553416e-02       2.502504883619e+04 
       2.207469335102e-02       2.497477543234e+04 
       2.220774188704e-02       2.492049244780e+04 
       2.234088296614e-02       2.486849879396e+04 
       2.247411845626e-02       2.481846436778e+04 
       2.260745027042e-02       2.476319524341e+04 
       2.274088036775e-02       2.470878403642e+04 
       2.287441075464e-02       2.465556842639e+04 
       2.300804348586e-02       2.459835663028e+04 
       2.314178066571e-02       2.454342613717e+04 
       2.327562444926e-02       2.448618476581e+04 
       2.340957704358e-02       2.442500481603e+04 
       2.354364070902e-02       2.436642583736e+04 
       2.367781776057e-02       2.430691877270e+04 
       2.381211056919e-02       2.424692137381e+04 
       2.394652156324e-02       2.418831919967e+04 
       2.408105322994e-02       2.412501771754e+04 
       2.421570811688e-02       2.406170043101e+04 
       2.435048883354e-02       2.400165599662e+04 
       2.448539805294e-02       2.393904001947e+04 
       2.462043851326e-02       2.387404531654e+04 
       2.475561301955e-02       2.381125210257e+04 
       2.489092444553e-02       2.374568526582e+04 
       2.502637573535e-02       2.367825391872e+04 
       2.516196990552e-02       2.361217428657e+04 
       2.529771004685e-02       2.354516138522e+04 
       2.543359932642e-02       2.347810232500e+04 
       2.556964098971e-02       2.341056301105e+04 
       2.570583836271e-02       2.334559772673e+04 
       2.584219485413e-02       2.327682713073e+04 
       2.597871395774e-02       2.320863414627e+04 
       2.611539925468e-02       2.313722792245e+04 
       2.625225441597e-02       2.306996595778e+04 
       2.638928320501e-02       2.299717532866e+04 
       2.652648948022e-02       2.292647489866e+04 
       2.666387719777e-02       2.285799766257e+04 
       2.680145041438e-02       2.278389804678e+04 
       2.693921329021e-02       2.271219389496e+04 
       2.707717009195e-02       2.264011049102e+04 
       2.721532519588e-02       2.256763720552e+04 
       2.735368309113e-02       2.249813380509e+04 
       2.749224838305e-02       2.242535332171e+04 
       2.763102579668e-02       2.235060765992e+04 
       2.777002018037e-02       2.227636978609e+04 
       2.790923650952e-02       2.220314588857e+04 
       2.804867989045e-02       2.212975532464e+04 
       2.818835556445e-02       2.205508596504e+04 
       2.832826891198e-02       2.197934285555e+04 
       2.846842545698e-02       2.190529030701e+04 
       2.860883087139e-02       2.183031032168e+04 
       2.874949097988e-02       2.175450035955e+04 
       2.889041176466e-02       2.167708754705e+04 
       2.903159937059e-02       2.160101001739e+04 
       2.917306011046e-02       2.152827629981e+04 
       2.931480047040e-02       2.145028222333e+04 
       2.945682711565e-02       2.137388662427e+04 
       2.959914689646e-02       2.129729144858e+04 
       2.974176685429e-02       2.122085115519e+04 
       2.988469422820e-02       2.114539883580e+04 
       3.002793646161e-02       2.106742080026e+04 
       3.017150120922e-02       2.099026434882e+04 
       3.031539634435e-02       2.091152418413e+04 
       3.045962996650e-02       2.083340349267e+04 
       3.060421040928e-02       2.075568586663e+04 
       3.074914624870e-02       2.068100473486e+04 
       3.089444631175e-02       2.060323983952e+04 
       3.104011968546e-02       2.052346334895e+04 
       3.118617572631e-02       2.044520510881e+04 
       3.133262407008e-02       2.036823820486e+04 
       3.147947464210e-02       2.028948799656e+04 
       3.162673766809e-02       2.021227335472e+04 
       3.177442368536e-02       2.013464003930e+04 
       3.192254355466e-02       2.005313269726e+04 
       3.207110847251e-02       1.997463759701e+04 
       3.222012998413e-02       1.989606509655e+04 
       3.236961999704e-02       1.981745810505e+04 
       3.251959079527e-02       1.973884849042e+04 
       3.267005505433e-02       1.966245865943e+04 
       3.282102585681e-02       1.958376925174e+04 
       3.297251670892e-02       1.950400807078e+04 
       3.312454155772e-02       1.942701841487e+04 
       3.327711480936e-02       1.934796967238e+04 
       3.343025134813e-02       1.926703507774e+04 
       3.358396655663e-02       1.918822881494e+04 
       3.373827633695e-02       1.911150993489e+04 
       3.389319713295e-02       1.903294271269e+04 
       3.404874595379e-02       1.895397965215e+04 
       3.420494039875e-02       1.887531987993e+04 
       3.436179868333e-02       1.879516296747e+04 
       3.451933966695e-02       1.871821893560e+04 
       3.467758288206e-02       1.863776827783e+04 
       3.483654856500e-02       1.855858046259e+04 
       3.499625768861e-02       1.848003786482e+04 
       3.515673199677e-02       1.840136859015e+04 
       3.531799404087e-02       1.832268559798e+04 
       3.548006721861e-02       1.824403708230e+04 
       3.564297581503e-02       1.816540383712e+04 
       3.580674504607e-02       1.808946293930e+04 
       3.597140110480e-02       1.800938810577e+04 
       3.613697121063e-02       1.793093614005e+04 
       3.630348366151e-02       1.785250646440e+04 
       3.647096788954e-02       1.777563084463e+04 
       3.663945452021e-02       1.769685801150e+04 
       3.680897543546e-02       1.761870102087e+04 
       3.697956384101e-02       1.754022974776e+04 
       3.715125433819e-02       1.746213701111e+04 
       3.732408300067e-02       1.738199525032e+04 
       3.749808745652e-02       1.730378873098e+04 
       3.767330697604e-02       1.722810961864e+04 
       3.784978256576e-02       1.714998935207e+04 
       3.802755706934e-02       1.707034829540e+04 
       3.820667527573e-02       1.699232709945e+04 
       3.838718403540e-02       1.691481308681e+04 
       3.856913238536e-02       1.683677542293e+04 
       3.875257168358e-02       1.675871913891e+04 
       3.893755575399e-02       1.668159780901e+04 
       3.912414104275e-02       1.660383509833e+04 
       3.931238678703e-02       1.652406106560e+04 
       3.950235519752e-02       1.644616902269e+04 
       3.969411165582e-02       1.637066714699e+04 
       3.988772492852e-02       1.629119913728e+04 
       4.008326739925e-02       1.621334734151e+04 
       4.028081532098e-02       1.613655998148e+04 
       4.048044909027e-02       1.605807139263e+04 
       4.068225354610e-02       1.598004536386e+04 
       4.088631829584e-02       1.590323706022e+04 
       4.109273807118e-02       1.582333109188e+04 
       4.130161311769e-02       1.574532192437e+04 
       4.151304962145e-02       1.566728720928e+04 
       4.172716017740e-02       1.558917126950e+04 
       4.194406430397e-02       1.551206316270e+04 
       4.216388900989e-02       1.543450790661e+04 
       4.238676941917e-02       1.535671310028e+04 
       4.261284946187e-02       1.527745166597e+04 
       4.284228263870e-02       1.519970964155e+04 
       4.307523286917e-02       1.512147166077e+04 
       4.331187543426e-02       1.504062672697e+04 
       4.355239802631e-02       1.496407924645e+04 
       4.379700192090e-02       1.488371898520e+04 
       4.404590328784e-02       1.480520765618e+04 
       4.429933466116e-02       1.472481699098e+04 
       4.455754659139e-02       1.464695290446e+04 
       4.482080950753e-02       1.456534690934e+04 
       4.508941582052e-02       1.448499073166e+04 
       4.536368230642e-02       1.440467448121e+04 
       4.564395281374e-02       1.432399683856e+04 
       4.593060134833e-02       1.424300479264e+04 
       4.622403559910e-02       1.416167862101e+04 
       4.652470098052e-02       1.408188204480e+04 
       4.683308528300e-02       1.399884806997e+04 
       4.714972404102e-02       1.358838581133e+04 
       4.747520675209e-02       1.383395221184e+04 
       4.781018410835e-02       1.375035719223e+04 
       4.815537643834e-02       1.366630669825e+04 
       4.851158360141e-02       1.358120817897e+04 
       4.887969663295e-02       1.349426581284e+04 
       4.926071150997e-02       1.340864237832e+04 
       4.965574549566e-02       1.332060320124e+04 
       5.006605663523e-02       1.323436375007e+04 
       5.049306712001e-02       1.314417986464e+04 
       5.093839142069e-02       1.305387140821e+04 
       5.140387032565e-02       1.296225656056e+04 
       5.189161231872e-02       1.286996560936e+04 
       5.240404410955e-02       1.277441561354e+04 
       5.294397260440e-02       1.267757123429e+04 
       5.351466119125e-02       1.257860841784e+04 
       5.411992391444e-02       1.247944623538e+04 
       5.476424190809e-02       1.237480295345e+04 
       5.545290725882e-02       1.226812987070e+04 
       5.619220005829e-02       1.215741224410e+04 
       5.698960429619e-02       1.204327145474e+04 
       5.785406641954e-02       1.192136983119e+04 
       5.879629484721e-02       1.179406119543e+04 
       5.982908575764e-02       1.166018825880e+04 
       6.096763361285e-02       1.151471857385e+04 
       6.222973427682e-02       1.135585731040e+04 
       6.363570283806e-02       1.117951917335e+04 
       6.520770514437e-02       1.098317422898e+04 
       6.696807983165e-02       1.075755250330e+04 
       6.893624315257e-02       1.049692759755e+04 
       7.112419224374e-02       1.019222066439e+04 
       7.353167506865e-02       9.840191990352e+03 
       7.614336025497e-02       9.437879651418e+03 
       7.893036705660e-02       8.987231416092e+03 
       8.185621087201e-02       8.502875214113e+03 
       8.488424088082e-02       8.002583527844e+03 
       8.798310999460e-02       7.503224572949e+03 
       9.112892995588e-02       7.024097311678e+03 
       9.430490437140e-02       6.583215385288e+03 
       9.749984482379e-02       6.189088759705e+03 
       1.007065558568e-01       5.848469945409e+03 
       1.039205119449e-01       5.561788803801e+03 
       1.071389060256e-01       5.326326374744e+03 
       1.103600117189e-01       3.053212228083e+02 
       1.135827727236e-01       4.978704073343e+03 
       1.168065446782e-01       4.848187694806e+03 
       1.200309351593e-01       4.733383573984e+03 
       1.232557053498e-01       4.624004839858e+03 
       1.264807099161e-01       4.511537509881e+03 
       1.297058603602e-01       4.390583996511e+03 
       1.329311027231e-01       4.257328913661e+03 
       1.361564040327e-01       4.109670907170e+03 
       1.393817440729e-01       3.950825405476e+03 
       1.426071103853e-01       3.782605214315e+03 
       1.458324952345e-01       3.610538510544e+03 
       1.490578937648e-01       3.439670073249e+03 
       1.522833028805e-01       3.274927338371e+03 
       1.555087205662e-01       3.120968799054e+03 
       1.587341454719e-01       2.980974694784e+03 
       1.619595766615e-01       2.856946019412e+03 
       1.651850134586e-01       2.749820119338e+03 
       1.684104553525e-01       2.658666522118e+03 
       1.716359019403e-01       2.582246684224e+03 
       1.748613528914e-01       2.518086186181e+03 
       1.780868079246e-01       2.462899223374e+03 
       1.813122667948e-01       2.413923010081e+03 
       1.845377292837e-01       2.368078274134e+03 
       1.877631951937e-01       2.323077942029e+03 
       1.909886643444e-01       2.275759992806e+03 
       1.942141365695e-01       2.224635871171e+03 
       1.974396117150e-01       2.168869741664e+03 
       2.006650896376e-01       2.108458024034e+03 
       2.038905702037e-01       2.044152482794e+03 
       2.071160532885e-01       1.977419360771e+03 
       2.103415387749e-01       1.909709845773e+03 
       2.135670265530e-01       1.842986854928e+03 
       2.167925165197e-01       1.778689254469e+03 
       2.200180085781e-01       1.718006957208e+03 
       2.232435026367e-01       1.661814088539e+03 
       2.264689986094e-01       1.610871742201e+03 
       2.296944964151e-01       1.565167114966e+03 
       2.329199959771e-01       1.524698207166e+03 
       2.361454972229e-01       1.488989201841e+03 
       2.393710000839e-01       1.457354547198e+03 
       2.425965044954e-01       1.429029074691e+03 
       2.458220103959e-01       1.402698872535e+03 
       2.490475177271e-01       1.377762562951e+03 
       2.522730264339e-01       1.352991926987e+03 
       2.554985364638e-01       1.327801640289e+03 
       2.587240477671e-01       1.301671061707e+03 
       2.619495602963e-01       1.274274519213e+03 
       2.651750740065e-01       1.245805788559e+03 
       2.684005888549e-01       1.216367520849e+03 
       2.716261048007e-01       1.186128101792e+03 
       2.748516218050e-01       1.155581741011e+03 
       2.780771398307e-01       1.125224331254e+03 
       2.813026588426e-01       1.095651614267e+03 
       2.845281788069e-01       1.067239462316e+03 
       2.877536996914e-01       1.040311385762e+03 
       2.909792214653e-01       1.015400659408e+03 
       2.942047440993e-01       9.923274937516e+02 
       2.974302675651e-01       9.710709685707e+02 
       3.006557918359e-01       9.515161101059e+02 
       3.038813168859e-01       9.335641528694e+02 
       3.071068426904e-01       9.166863065812e+02 
       3.103323692258e-01       9.007584110099e+02 
       3.135578964694e-01       8.854109921494e+02 
       3.167834243994e-01       8.704157250454e+02 
       3.200089529951e-01       8.554694147780e+02 
       3.232344822363e-01       8.404476651706e+02 
       3.264600121039e-01       8.252093309681e+02 
       3.296855425794e-01       8.096996874593e+02 
       3.329110736449e-01       7.939769811571e+02 
       3.361366052835e-01       7.781324103607e+02 
       3.393621374788e-01       7.623028321756e+02 
       3.425876702149e-01       7.466463998010e+02 
       3.458132034766e-01       7.313111102110e+02 
       3.490387372493e-01       7.163913816916e+02 
       3.522642715189e-01       7.020548946797e+02 
       3.554898062718e-01       6.883096272054e+02 
       3.587153414949e-01       6.752482811526e+02 
       3.619408771756e-01       6.628718694605e+02 
       3.651664133017e-01       6.511685816981e+02 
       3.683919498615e-01       6.400787187619e+02 
       3.716174868435e-01       6.295142230246e+02 
       3.748430242370e-01       6.193671756292e+02 
       3.780685620312e-01       6.094916665475e+02 
       3.812941002160e-01       5.999136351233e+02 
       3.845196387815e-01       5.904290076002e+02 
       3.877451777181e-01       5.810179772697e+02 
       3.909707170167e-01       5.716716539696e+02 
       3.941962566684e-01       5.623729260377e+02 
       3.974217966644e-01       5.530993283584e+02 
       4.006473369964e-01       5.438899593274e+02 
       4.038728776565e-01       5.347352242297e+02 
       4.070984186366e-01       5.256986475294e+02 
       4.103239599293e-01       5.167948810341e+02 
       4.135495015272e-01       5.080820263960e+02 
       4.167750434232e-01       4.996173574828e+02 
       4.200005856104e-01       4.913807778927e+02 
       4.232261280821e-01       4.834379761336e+02 
       4.264516708319e-01       4.757566903482e+02 
       4.296772138534e-01       4.683280330473e+02 
       4.329027571405e-01       4.611444244757e+02 
       4.361283006874e-01       4.541865084032e+02 
       4.393538444884e-01       4.474326673278e+02 
       4.425793885377e-01       4.408731441957e+02 
       4.458049328300e-01       4.345144767785e+02 
       4.490304773601e-01       4.282698010724e+02 
       4.522560221229e-01       4.221354748726e+02 
       4.554815671133e-01       4.160888643905e+02 
       4.587071123266e-01       4.101054826464e+02 
       4.619326577581e-01       4.041906484800e+02 
       4.651582034032e-01       3.983394166941e+02 
       4.683837492576e-01       3.925618599976e+02 
       4.716092953168e-01       3.868556475148e+02 
       4.748348415767e-01       3.812425753313e+02 
       4.780603880333e-01       3.757190074531e+02 
       4.812859346825e-01       3.702920078485e+02 
       4.845114815205e-01       3.649732586073e+02 
       4.877370285436e-01       3.597526670541e+02 
       4.909625757481e-01       3.547008667744e+02 
       4.941881231304e-01       3.497756275010e+02 
       4.974136706870e-01       3.449576098794e+02 
       5.006392184146e-01       3.402879214629e+02 
       5.038647663099e-01       3.357486924487e+02 
       5.070903143696e-01       3.312870692763e+02 
       5.103158625907e-01       3.269421150030e+02 
       5.135414109701e-01       3.226636665414e+02 
       5.167669595048e-01       3.184598702006e+02 
       5.199925081919e-01       3.143276753709e+02 
       5.232180570286e-01       3.102599891261e+02 
       5.264436060122e-01       3.062536577213e+02 
       5.296691551398e-01       3.022932712814e+02 
       5.328947044090e-01       2.983870591277e+02 
       5.361202538172e-01       2.945315305409e+02 
       5.393458033618e-01       2.907330456094e+02 
       5.425713530404e-01       2.869974055083e+02 
       5.457969028506e-01       2.833295394558e+02 
       5.490224527902e-01       2.797326490908e+02 
       5.522480028567e-01       2.762030676494e+02 
       5.554735530481e-01       2.727446595597e+02 
       5.586991033621e-01       2.693491821186e+02 
       5.619246537967e-01       2.660176464658e+02 
       5.651502043497e-01       2.627509901155e+02 
       5.683757550191e-01       2.595482647845e+02 
       5.716013058030e-01       2.564091052600e+02 
       5.748268566994e-01       2.533315313615e+02 
       5.780524077065e-01       2.503077229586e+02 
       5.812779588223e-01       2.473345089795e+02 
       5.845035100452e-01       2.444069993444e+02 
       5.877290613732e-01       2.415236051689e+02 
       5.909546128047e-01       2.386830858903e+02 
       5.941801643381e-01       2.358847893829e+02 
       5.974057159715e-01       2.331314574093e+02 
       6.006312677035e-01       2.304211351043e+02 
       6.038568195325e-01       2.277515832761e+02 
       6.070823714568e-01       2.251205107407e+02 
       6.103079234750e-01       2.225259629663e+02 
       6.135334755857e-01       2.199716414564e+02 
       6.167590277872e-01       2.174539816423e+02 
       6.199845800783e-01       2.149808226908e+02 
       6.232101324575e-01       2.125519755391e+02 
       6.264356849234e-01       2.101644758537e+02 
       6.296612374748e-01       2.078178502665e+02 
