# Matter power spectrum P(k) at redshift z=0
# for k=1.04564e-05 to 0.627838 h/Mpc,
# number of wavenumbers equal to 560
#    1:k (h/Mpc)              2:P (Mpc/h)^3        
       1.045636895265e-05       5.098369324044e+01 
       2.335248717943e-05       1.106600909923e+02 
       3.629404804878e-05       1.693115617444e+02 
       4.931595413093e-05       2.275619807167e+02 
       6.245368649600e-05       2.857677564992e+02 
       7.574362183131e-05       3.441968758689e+02 
       8.922335971974e-05       4.030790833077e+02 
       1.029320644413e-04       4.626264608490e+02 
       1.169108256940e-04       5.230439810739e+02 
       1.312030426627e-04       5.845359154390e+02 
       1.458548358721e-04       6.473102990540e+02 
       1.609154911963e-04       7.115824033549e+02 
       1.764379402190e-04       7.775777187161e+02 
       1.924792807578e-04       8.455346732696e+02 
       2.091013407007e-04       9.157072664682e+02 
       2.263712872062e-04       9.883676374840e+02 
       2.443622816242e-04       1.063808680548e+03 
       2.631541779860e-04       1.142346660609e+03 
       2.828342592987e-04       1.224323842203e+03 
       3.034980008401e-04       1.310111067296e+03 
       3.252498427937e-04       1.400110226785e+03 
       3.482039454844e-04       1.494756470119e+03 
       3.724848887878e-04       1.594520006772e+03 
       3.982282627476e-04       1.699907245194e+03 
       4.255810790636e-04       1.811461012220e+03 
       4.547019134793e-04       1.929759430494e+03 
       4.857606685816e-04       2.055413045890e+03 
       5.189378277672e-04       2.189059697308e+03 
       5.544230583198e-04       2.331356625674e+03 
       5.924130206836e-04       2.482969303096e+03 
       6.331082596084e-04       2.644556647486e+03 
       6.767090989189e-04       2.816752480542e+03 
       7.234105416188e-04       3.000143410802e+03 
       7.733962924502e-04       3.195243924235e+03 
       8.268321637401e-04       3.402469949117e+03 
       8.838592785474e-04       3.622112700487e+03 
       9.445876171677e-04       3.854315206114e+03 
       1.009090526630e-03       4.099054080846e+03 
       1.077400794340e-03       4.356128716989e+03 
       1.149508760081e-03       4.625159689802e+03 
       1.225362716573e-03       4.905597128410e+03 
       1.304871568485e-03       5.196738359577e+03 
       1.387909442800e-03       5.497732630306e+03 
       1.474321729261e-03       5.807649248664e+03 
       1.563931917910e-03       6.125515307213e+03 
       1.656548601055e-03       6.450303730298e+03 
       1.751972099723e-03       6.780982038459e+03 
       1.850000323226e-03       7.116536459140e+03 
       1.950433634720e-03       7.455991000845e+03 
       2.053078644259e-03       7.798421788654e+03 
       2.157750965228e-03       8.142966468594e+03 
       2.264277044769e-03       8.488830474304e+03 
       2.372495217357e-03       8.835288537842e+03 
       2.482256141274e-03       9.181684775539e+03 
       2.593422769508e-03       9.527429692840e+03 
       2.705869988005e-03       9.871997798103e+03 
       2.819484031154e-03       1.021492256432e+04 
       2.934161761180e-03       1.055579370037e+04 
       3.049809876996e-03       1.089424846932e+04 
       3.166344100155e-03       1.122996988756e+04 
       3.283688371043e-03       1.156268372081e+04 
       3.401774077250e-03       1.189214867416e+04 
       3.520539327576e-03       1.221815890016e+04 
       3.639928279024e-03       1.254053485751e+04 
       3.759890519764e-03       1.285912414451e+04 
       3.880380508127e-03       1.317379512188e+04 
       4.001357065764e-03       1.348443911991e+04 
       4.122782921899e-03       1.379096308462e+04 
       4.244624305001e-03       1.409328873601e+04 
       4.366850577885e-03       1.439135471620e+04 
       4.489433912224e-03       1.468511095994e+04 
       4.612348998581e-03       1.497451978857e+04 
       4.735572788269e-03       1.525954316541e+04 
       4.859084263636e-03       1.554013603677e+04 
       4.982864233640e-03       1.581636227585e+04 
       5.106895151888e-03       1.608815007026e+04 
       5.231160954605e-03       1.635547373974e+04 
       5.355646916249e-03       1.661849795532e+04 
       5.480339520751e-03       1.687713168436e+04 
       5.605226346597e-03       1.713134524673e+04 
       5.730295964154e-03       1.738117063732e+04 
       5.855537843842e-03       1.762620890822e+04 
       5.980942273911e-03       1.786734321884e+04 
       6.106500286750e-03       1.810416295208e+04 
       6.232203592735e-03       1.833657909657e+04 
       6.358044520805e-03       1.856497547639e+04 
       6.484015964988e-03       1.878903654740e+04 
       6.610111336249e-03       1.900870884050e+04 
       6.736324519045e-03       1.922452144529e+04 
       6.862649832113e-03       1.943616898241e+04 
       6.989081993010e-03       1.964399517810e+04 
       7.115616086008e-03       1.984762518819e+04 
       7.242247533016e-03       2.004688267918e+04 
       7.368972067176e-03       2.024320496152e+04 
       7.495785708885e-03       2.043488748687e+04 
       7.622684743990e-03       2.062336679106e+04 
       7.749665703928e-03       2.080735684286e+04 
       7.876725347621e-03       2.098680330360e+04 
       8.003860644963e-03       2.116309317173e+04 
       8.131068761721e-03       2.133573297154e+04 
       8.258347045740e-03       2.150472157576e+04 
       8.385693014303e-03       2.167086679975e+04 
       8.513104342557e-03       2.183259094578e+04 
       8.640578852889e-03       2.199075149719e+04 
       8.768114505175e-03       2.214537906812e+04 
       8.895709387819e-03       2.229642965894e+04 
       9.023361709511e-03       2.244412199631e+04 
       9.151069791632e-03       2.258825245057e+04 
       9.278832061266e-03       2.272909429048e+04 
       9.406647044749e-03       2.286660262726e+04 
       9.534513361718e-03       2.300076735477e+04 
       9.662429719610e-03       2.313165049236e+04 
       9.790394908586e-03       2.325931961765e+04 
       9.918407796829e-03       2.338376396992e+04 
       1.004646732619e-02       2.350410196726e+04 
       1.017457250817e-02       2.362318398264e+04 
       1.030272242018e-02       2.373825810946e+04 
       1.043091620208e-02       2.385025467903e+04 
       1.055915305295e-02       2.395925248115e+04 
       1.068743222815e-02       2.406524936678e+04 
       1.081575303654e-02       2.416741683149e+04 
       1.094411483786e-02       2.426837682386e+04 
       1.107251704041e-02       2.436560726737e+04 
       1.120095909880e-02       2.446004005270e+04 
       1.132944051188e-02       2.455158608804e+04 
       1.145796082083e-02       2.464026706037e+04 
       1.158651960735e-02       2.472625017572e+04 
       1.171511649205e-02       2.480951457649e+04 
       1.184375113286e-02       2.488917069505e+04 
       1.197242322360e-02       2.496797108293e+04 
       1.210113249267e-02       2.504228532310e+04 
       1.222987870176e-02       2.511590539138e+04 
       1.235866164475e-02       2.518601834054e+04 
       1.248748114660e-02       2.525359308343e+04 
       1.261633706236e-02       2.531864049916e+04 
       1.274522927625e-02       2.538123350829e+04 
       1.287415770080e-02       2.544139015071e+04 
       1.300312227605e-02       2.549916888920e+04 
       1.313212296884e-02       2.555452223132e+04 
       1.326115977208e-02       2.560663297491e+04 
       1.339023270418e-02       2.565794854938e+04 
       1.351934180844e-02       2.570630915867e+04 
       1.364848715251e-02       2.575243029984e+04 
       1.377766882793e-02       2.579611140738e+04 
       1.390688694967e-02       2.583767618813e+04 
       1.403614165574e-02       2.587715942294e+04 
       1.416543310678e-02       2.591422753429e+04 
       1.429476148579e-02       2.594941831426e+04 
       1.442412699778e-02       2.598225663326e+04 
       1.455352986952e-02       2.601309545001e+04 
       1.468297034932e-02       2.604120935165e+04 
       1.481244870681e-02       2.606876277076e+04 
       1.494196523274e-02       2.609344066838e+04 
       1.507152023888e-02       2.611626257566e+04 
       1.520111405786e-02       2.613713952446e+04 
       1.533074704308e-02       2.615594852597e+04 
       1.546041956862e-02       2.617300662604e+04 
       1.559013202923e-02       2.618801832122e+04 
       1.571988484023e-02       2.620126174934e+04 
       1.584967843757e-02       2.621268055882e+04 
       1.597951327780e-02       2.622137506601e+04 
       1.610938983812e-02       2.623009642939e+04 
       1.623930861643e-02       2.623550389761e+04 
       1.636927013140e-02       2.624042110390e+04 
       1.649927492256e-02       2.624301484490e+04 
       1.662932355042e-02       2.624304657609e+04 
       1.675941659658e-02       2.624227252370e+04 
       1.688955466389e-02       2.624005815546e+04 
       1.701973837661e-02       2.623600080694e+04 
       1.714996838057e-02       2.623097825222e+04 
       1.728024534343e-02       2.622295011810e+04 
       1.741056995481e-02       2.621499142211e+04 
       1.754094292659e-02       2.620386779683e+04 
       1.767136499312e-02       2.619284879021e+04 
       1.780183691151e-02       2.617949739531e+04 
       1.793235946188e-02       2.616476471579e+04 
       1.806293344770e-02       2.614777668992e+04 
       1.819355969607e-02       2.613078540581e+04 
       1.832423905807e-02       2.611099885926e+04 
       1.845497240911e-02       2.609070455948e+04 
       1.858576064927e-02       2.606886290753e+04 
       1.871660470372e-02       2.604644324794e+04 
       1.884750552309e-02       2.602125841661e+04 
       1.897846408391e-02       2.599561111813e+04 
       1.910948138901e-02       2.596917594577e+04 
       1.924055846801e-02       2.594021448877e+04 
       1.937169637776e-02       2.591077027179e+04 
       1.950289620284e-02       2.588051473445e+04 
       1.963415905607e-02       2.584852772927e+04 
       1.976548607903e-02       2.581549973348e+04 
       1.989687844258e-02       2.578102797396e+04 
       2.002833734747e-02       2.574513193858e+04 
       2.015986402487e-02       2.570844862351e+04 
       2.029145973702e-02       2.567092363629e+04 
       2.042312577782e-02       2.563260667614e+04 
       2.055486347349e-02       2.559231767205e+04 
       2.068667418320e-02       2.555127317771e+04 
       2.081855929984e-02       2.550949457344e+04 
       2.095052025062e-02       2.546712540702e+04 
       2.108255849788e-02       2.542269464233e+04 
       2.121467553984e-02       2.537780178306e+04 
       2.134687291134e-02       2.533153305106e+04 
       2.147915218467e-02       2.528487556488e+04 
       2.161151497041e-02       2.523777126047e+04 
       2.174396291826e-02       2.518879917079e+04 
       2.187649771796e-02       2.513933085112e+04 
       2.200912110015e-02       2.508889995463e+04 
       2.214183483738e-02       2.503766254049e+04 
       2.227464074501e-02       2.498587194204e+04 
       2.240754068225e-02       2.493309061543e+04 
       2.254053655318e-02       2.487842262634e+04 
       2.267363030780e-02       2.482387519224e+04 
       2.280682394317e-02       2.476938815051e+04 
       2.294011950449e-02       2.471311592929e+04 
       2.307351908628e-02       2.465593863624e+04 
       2.320702483362e-02       2.459829877502e+04 
       2.334063894333e-02       2.454049224253e+04 
       2.347436366529e-02       2.448199762616e+04 
       2.360820130377e-02       2.442226821870e+04 
       2.374215421874e-02       2.436192990853e+04 
       2.387622482734e-02       2.430038159997e+04 
       2.401041560526e-02       2.423932754068e+04 
       2.414472908831e-02       2.417719498808e+04 
       2.427916787390e-02       2.411440599062e+04 
       2.441373462269e-02       2.405057734680e+04 
       2.454843206018e-02       2.398672432822e+04 
       2.468326297846e-02       2.392231764885e+04 
       2.481823023791e-02       2.385725286254e+04 
       2.495333676908e-02       2.379130405930e+04 
       2.508858557449e-02       2.372553850590e+04 
       2.522397973063e-02       2.365853797914e+04 
       2.535952238989e-02       2.359150340893e+04 
       2.549521678269e-02       2.352387257376e+04 
       2.563106621956e-02       2.345568559841e+04 
       2.576707409339e-02       2.338712097766e+04 
       2.590324388168e-02       2.331808721942e+04 
       2.603957914890e-02       2.324849572157e+04 
       2.617608354896e-02       2.317857065980e+04 
       2.631276082770e-02       2.310825009285e+04 
       2.644961482552e-02       2.303723069339e+04 
       2.658664948007e-02       2.296608812522e+04 
       2.672386882908e-02       2.289430142297e+04 
       2.686127701321e-02       2.282296008737e+04 
       2.699887827911e-02       2.275028576564e+04 
       2.713667698247e-02       2.267771184131e+04 
       2.727467759129e-02       2.260497830735e+04 
       2.741288468919e-02       2.253201605254e+04 
       2.755130297888e-02       2.245844623552e+04 
       2.768993728577e-02       2.238452974542e+04 
       2.782879256166e-02       2.231043774043e+04 
       2.796787388862e-02       2.223563012776e+04 
       2.810718648300e-02       2.216128929448e+04 
       2.824673569959e-02       2.208596103132e+04 
       2.838652703595e-02       2.201086227677e+04 
       2.852656613686e-02       2.193544948879e+04 
       2.866685879903e-02       2.185993159251e+04 
       2.880741097592e-02       2.178387564904e+04 
       2.894822878277e-02       2.170774697896e+04 
       2.908931850187e-02       2.163147661150e+04 
       2.923068658795e-02       2.155497254118e+04 
       2.937233967389e-02       2.147825702676e+04 
       2.951428457661e-02       2.140151249513e+04 
       2.965652830322e-02       2.132428096635e+04 
       2.979907805736e-02       2.124750270084e+04 
       2.994194124594e-02       2.116973858695e+04 
       3.008512548603e-02       2.109245220256e+04 
       3.022863861209e-02       2.101491220471e+04 
       3.037248868358e-02       2.093688415111e+04 
       3.051668399276e-02       2.085900990562e+04 
       3.066123307294e-02       2.078101952001e+04 
       3.080614470707e-02       2.070280498570e+04 
       3.095142793667e-02       2.062459868012e+04 
       3.109709207122e-02       2.054629904572e+04 
       3.124314669791e-02       2.046793039996e+04 
       3.138960169188e-02       2.038944995651e+04 
       3.153646722696e-02       2.031085985892e+04 
       3.168375378679e-02       2.023234170345e+04 
       3.183147217659e-02       2.015358656724e+04 
       3.197963353543e-02       2.007517331828e+04 
       3.212824934909e-02       1.999608389836e+04 
       3.227733146352e-02       1.991724526562e+04 
       3.242689209900e-02       1.983833874618e+04 
       3.257694386497e-02       1.975947697017e+04 
       3.272749977558e-02       1.968042731629e+04 
       3.287857326606e-02       1.960168865892e+04 
       3.303017820988e-02       1.952246356120e+04 
       3.318232893682e-02       1.944342247475e+04 
       3.333504025194e-02       1.936439556155e+04 
       3.348832745558e-02       1.928548209808e+04 
       3.364220636437e-02       1.920633364915e+04 
       3.379669333341e-02       1.912730191400e+04 
       3.395180527960e-02       1.904823148729e+04 
       3.410755970626e-02       1.896950753729e+04 
       3.426397472911e-02       1.889021296678e+04 
       3.442106910370e-02       1.881114563117e+04 
       3.457886225434e-02       1.873222273015e+04 
       3.473737430474e-02       1.865322418106e+04 
       3.489662611040e-02       1.857423476028e+04 
       3.505663929278e-02       1.849528983097e+04 
       3.521743627569e-02       1.841640309340e+04 
       3.537904032362e-02       1.833751447817e+04 
       3.554147558255e-02       1.825863338710e+04 
       3.570476712312e-02       1.817980228616e+04 
       3.586894098662e-02       1.810106708877e+04 
       3.603402423364e-02       1.802256700234e+04 
       3.620004499600e-02       1.794355222760e+04 
       3.636703253188e-02       1.786483059834e+04 
       3.653501728457e-02       1.778621591304e+04 
       3.670403094502e-02       1.770762016089e+04 
       3.687410651868e-02       1.762904935218e+04 
       3.704527839664e-02       1.755056595128e+04 
       3.721758243183e-02       1.747200362900e+04 
       3.739105602035e-02       1.739351375549e+04 
       3.756573818852e-02       1.731504892128e+04 
       3.774166968618e-02       1.723665703313e+04 
       3.791889308661e-02       1.715837100979e+04 
       3.809745289386e-02       1.708000338764e+04 
       3.827739565790e-02       1.700169125845e+04 
       3.845877009853e-02       1.692354675486e+04 
       3.864162723864e-02       1.684519883389e+04 
       3.882602054788e-02       1.676686798365e+04 
       3.901200609751e-02       1.668887692388e+04 
       3.919964272764e-02       1.661039700907e+04 
       3.938899222799e-02       1.653253979436e+04 
       3.958011953351e-02       1.645429570434e+04 
       3.977309293632e-02       1.637614305970e+04 
       3.996798431563e-02       1.629803588808e+04 
       4.016486938747e-02       1.621961732187e+04 
       4.036382797634e-02       1.614151824543e+04 
       4.056494431103e-02       1.606325914951e+04 
       4.076830734722e-02       1.598513152714e+04 
       4.097401111990e-02       1.590691835656e+04 
       4.118215512878e-02       1.582861546708e+04 
       4.139284476052e-02       1.575032183447e+04 
       4.160619175204e-02       1.567191049827e+04 
       4.182231469967e-02       1.559348976379e+04 
       4.204133961969e-02       1.551503276735e+04 
       4.226340056643e-02       1.543648389625e+04 
       4.248864031526e-02       1.535786406635e+04 
       4.271721111847e-02       1.527892683572e+04 
       4.294927554360e-02       1.520012685815e+04 
       4.318500740498e-02       1.512115005877e+04 
       4.342459280115e-02       1.504186799341e+04 
       4.366823127247e-02       1.496262615579e+04 
       4.391613709595e-02       1.488322386381e+04 
       4.416854073678e-02       1.480361536580e+04 
       4.442569047960e-02       1.472374594134e+04 
       4.468785426622e-02       1.464358990180e+04 
       4.495532177137e-02       1.456322150005e+04 
       4.522840675380e-02       1.448256292538e+04 
       4.550744972654e-02       1.440164780396e+04 
       4.579282099868e-02       1.432035436871e+04 
       4.608492415100e-02       1.423874462609e+04 
       4.638420001975e-02       1.415661985243e+04 
       4.669113127821e-02       1.407420991409e+04 
       4.700624772370e-02       1.399143683333e+04 
       4.733013240066e-02       1.390796456057e+04 
       4.766342871825e-02       1.382413746698e+04 
       4.800684875638e-02       1.373972568028e+04 
       4.836118299716e-02       1.365449048816e+04 
       4.872731177446e-02       1.356855217169e+04 
       4.910621880269e-02       1.348165993187e+04 
       4.949900723386e-02       1.339412655110e+04 
       4.990691880278e-02       1.330586476557e+04 
       5.033135676127e-02       1.321642441006e+04 
       5.077391348228e-02       1.312565382692e+04 
       5.123640384391e-02       1.303378736066e+04 
       5.172090579516e-02       1.294028445534e+04 
       5.222980987515e-02       1.284497250582e+04 
       5.276587992226e-02       1.274845145814e+04 
       5.333232778371e-02       1.264914321680e+04 
       5.393290552624e-02       1.254832271894e+04 
       5.457201943463e-02       1.244406157417e+04 
       5.525487088931e-02       1.233709348096e+04 
       5.598762983610e-02       1.222600871125e+04 
       5.677764654312e-02       1.211068169609e+04 
       5.763370573186e-02       1.199007530186e+04 
       5.856632208919e-02       1.186288022736e+04 
       5.958806409193e-02       1.172752972998e+04 
       6.071386785065e-02       1.158210030922e+04 
       6.196125475292e-02       1.142376621914e+04 
       6.335028459213e-02       1.124865839775e+04 
       6.490295573978e-02       1.105240871329e+04 
       6.664163833829e-02       1.082813559979e+04 
       6.858612077872e-02       1.056920160213e+04 
       7.074922374172e-02       1.026794733052e+04 
       7.313193295632e-02       9.917995872069e+03 
       7.572029053015e-02       9.517246521237e+03 
       7.848648852485e-02       9.069639682839e+03 
       8.139449573302e-02       8.585933347142e+03 
       8.440750085663e-02       8.083300199903e+03 
       8.749363484922e-02       7.581280132401e+03 
       9.062840129882e-02       7.098721270829e+03 
       9.379447418527e-02       6.651888785314e+03 
       9.698026720916e-02       6.252109117152e+03 
       1.001783103704e-01       5.905355925411e+03 
       1.033838980846e-01       5.612805025147e+03 
       1.065941087659e-01       5.371756805061e+03 
       1.098071445355e-01       5.175641770448e+03 
       1.130219049536e-01       5.015938219346e+03 
       1.162377185955e-01       4.882768366241e+03 
       1.194541765118e-01       4.765891542687e+03 
       1.226710298179e-01       4.655347782037e+03 
       1.258881270556e-01       4.542792423430e+03 
       1.291053760035e-01       4.421810354786e+03 
       1.323227204391e-01       4.288484091031e+03 
       1.355401260142e-01       4.141688286838e+03 
       1.387575716757e-01       3.982702764081e+03 
       1.419750444550e-01       3.814580850050e+03 
       1.451925363055e-01       3.642113020502e+03 
       1.484100421811e-01       3.470372197773e+03 
       1.516275588693e-01       3.304539333503e+03 
       1.548450842821e-01       3.149026669774e+03 
       1.580626170245e-01       3.007298429761e+03 
       1.612801561319e-01       2.881476248625e+03 
       1.644977009097e-01       2.772329666166e+03 
       1.677152508351e-01       2.679403348579e+03 
       1.709328054972e-01       2.601237324687e+03 
       1.741503645595e-01       2.535445848738e+03 
       1.773679277368e-01       2.479139585257e+03 
       1.805854947808e-01       2.429219910701e+03 
       1.838030654704e-01       2.382828140946e+03 
       1.870206396062e-01       2.337257592088e+03 
       1.902382170059e-01       2.289770280857e+03 
       1.934557975016e-01       2.238717964054e+03 
       1.966733809380e-01       2.183084019272e+03 
       1.998909671706e-01       2.122831739411e+03 
       2.031085560646e-01       2.058717169214e+03 
       2.063261474941e-01       1.992044063723e+03 
       2.095437413411e-01       1.924331910834e+03 
       2.127613374949e-01       1.857394259103e+03 
       2.159789358515e-01       1.792682455154e+03 
       2.191965363132e-01       1.731480793525e+03 
       2.224141387879e-01       1.674741354605e+03 
       2.256317431888e-01       1.623063537512e+03 
       2.288493494342e-01       1.576704691806e+03 
       2.320669574467e-01       1.535575491037e+03 
       2.352845671534e-01       1.499217266660e+03 
       2.385021784852e-01       1.467025145435e+03 
       2.417197913768e-01       1.438130733836e+03 
       2.449374057664e-01       1.411487677705e+03 
       2.481550215952e-01       1.386118853433e+03 
       2.513726388077e-01       1.361115372712e+03 
       2.545902573511e-01       1.335776755191e+03 
       2.578078771753e-01       1.309564840820e+03 
       2.610254982325e-01       1.282247488733e+03 
       2.642431204775e-01       1.253762439361e+03 
       2.674607438672e-01       1.224256559373e+03 
       2.706783683604e-01       1.194001563050e+03 
       2.738959939181e-01       1.163413747091e+03 
       2.771136205030e-01       1.132995463357e+03 
       2.803312480795e-01       1.103254875713e+03 
       2.835488766136e-01       1.074671884965e+03 
       2.867665060730e-01       1.047623084817e+03 
       2.899841364267e-01       1.022357371129e+03 
       2.932017676450e-01       9.989803315842e+02 
       2.964193996997e-01       9.774962846791e+02 
       2.996370325636e-01       9.576997102465e+02 
       3.028546662109e-01       9.393900320537e+02 
       3.060723006167e-01       9.222946102761e+02 
       3.092899357572e-01       9.061352764443e+02 
       3.125075716096e-01       8.906084588211e+02 
       3.157252081520e-01       8.754735042249e+02 
       3.189428453635e-01       8.604340831557e+02 
       3.221604832239e-01       8.453327336959e+02 
       3.253781217138e-01       8.300354155921e+02 
       3.285957608147e-01       8.145001659671e+02 
       3.318134005087e-01       7.987378903347e+02 
       3.350310407786e-01       7.828565816692e+02 
       3.382486816079e-01       7.669873414194e+02 
       3.414663229808e-01       7.512619948080e+02 
       3.446839648819e-01       7.358595941574e+02 
       3.479016072965e-01       7.208598025841e+02 
       3.511192502105e-01       7.063947488357e+02 
       3.543368936101e-01       6.925364240405e+02 
       3.575545374822e-01       6.793503612994e+02 
       3.607721818141e-01       6.668480689872e+02 
       3.639898265936e-01       6.550223075372e+02 
       3.672074718088e-01       6.437978142595e+02 
       3.704251174484e-01       6.331153053966e+02 
       3.736427635012e-01       6.228674274671e+02 
       3.768604099568e-01       6.129340515466e+02 
       3.800780568048e-01       6.032270284868e+02 
       3.832957040353e-01       5.936716865033e+02 
       3.865133516387e-01       5.842167035480e+02 
       3.897309996057e-01       5.748262964739e+02 
       3.929486479273e-01       5.654807214294e+02 
       3.961662965950e-01       5.561710470758e+02 
       3.993839456003e-01       5.469168422236e+02 
       4.026015949350e-01       5.377264371023e+02 
       4.058192445913e-01       5.286380607249e+02 
       4.090368945616e-01       5.196922725492e+02 
       4.122545448384e-01       5.109355115911e+02 
       4.154721954148e-01       5.024049754795e+02 
       4.186898462836e-01       4.941269669752e+02 
       4.219074974382e-01       4.861111559073e+02 
       4.251251488722e-01       4.783624556317e+02 
       4.283428005790e-01       4.708688111314e+02 
       4.315604525528e-01       4.636206402281e+02 
       4.347781047874e-01       4.566049012147e+02 
       4.379957572771e-01       4.498056638535e+02 
       4.412134100164e-01       4.432025969372e+02 
       4.444310629997e-01       4.367692211053e+02 
       4.476487162218e-01       4.304776391093e+02 
       4.508663696776e-01       4.242985427403e+02 
       4.540840233621e-01       4.182072070015e+02 
       4.573016772704e-01       4.121905940965e+02 
       4.605193313979e-01       4.062374576571e+02 
       4.637369857399e-01       4.003581318265e+02 
       4.669546402920e-01       3.945425403768e+02 
       4.701722950499e-01       3.888189957853e+02 
       4.733899500093e-01       3.831720852095e+02 
       4.766076051662e-01       3.776153369190e+02 
       4.798252605166e-01       3.721562314923e+02 
       4.830429160566e-01       3.668032448942e+02 
       4.862605717824e-01       3.615698752778e+02 
       4.894782276904e-01       3.564723128448e+02 
       4.926958837769e-01       3.515019440212e+02 
       4.959135400385e-01       3.466692557572e+02 
       4.991311964719e-01       3.419626852691e+02 
       5.023488530735e-01       3.373744059118e+02 
       5.055665098404e-01       3.328883957536e+02 
       5.087841667692e-01       3.284934199077e+02 
       5.120018238570e-01       3.241831069315e+02 
       5.152194811007e-01       3.199507617447e+02 
       5.184371384975e-01       3.157908414938e+02 
       5.216547960445e-01       3.116976975520e+02 
       5.248724537389e-01       3.076630042009e+02 
       5.280901115781e-01       3.036807680223e+02 
       5.313077695593e-01       2.997512345564e+02 
       5.345254276801e-01       2.958722701045e+02 
       5.377430859378e-01       2.920563723144e+02 
       5.409607443301e-01       2.882995974928e+02 
       5.441784028546e-01       2.846110819645e+02 
       5.473960615089e-01       2.809919216045e+02 
       5.506137202908e-01       2.774384170941e+02 
       5.538313791979e-01       2.739547475897e+02 
       5.570490382282e-01       2.705341008103e+02 
       5.602666973795e-01       2.671834640952e+02 
       5.634843566497e-01       2.638943750668e+02 
       5.667020160368e-01       2.606699416687e+02 
       5.699196755388e-01       2.575059243561e+02 
       5.731373351538e-01       2.544099807591e+02 
       5.763549948799e-01       2.513629331758e+02 
       5.795726547151e-01       2.483727495122e+02 
       5.827903146578e-01       2.454225201870e+02 
       5.860079747061e-01       2.425213637624e+02 
       5.892256348583e-01       2.396658722156e+02 
       5.924432951127e-01       2.368499629822e+02 
       5.956609554677e-01       2.340822450998e+02 
       5.988786159215e-01       2.313552942534e+02 
       6.020962764727e-01       2.286663644402e+02 
       6.053139371196e-01       2.260222182773e+02 
       6.085315978608e-01       2.234124832520e+02 
       6.117492586947e-01       2.208412546642e+02 
       6.149669196199e-01       2.183101140738e+02 
       6.181845806350e-01       2.158222961069e+02 
       6.214022417385e-01       2.133764862301e+02 
       6.246199029291e-01       2.109740113371e+02 
       6.278375642055e-01       2.086116605364e+02 
