# Matter power spectrum P(k) at redshift z=0
# for k=1.0432e-05 to 0.626651 h/Mpc,
# number of wavenumbers equal to 560
#    1:k (h/Mpc)              2:P (Mpc/h)^3        
       1.043203729986e-05       5.897363993884e+01 
       2.330758683746e-05       1.106712818941e+02 
       3.622834181062e-05       1.708163771280e+02 
       4.922903729145e-05       2.290594952064e+02 
       6.234498207681e-05       2.874131497079e+02 
       7.561237326389e-05       3.464868688079e+02 
       8.906862087229e-05       4.063443988591e+02 
       1.027526868268e-04       4.661648137819e+02 
       1.167054426485e-04       5.269950083103e+02 
       1.309700502350e-04       5.888344369349e+02 
       1.455923701168e-04       6.520491104497e+02 
       1.606214015187e-04       7.167650881933e+02 
       1.761097583768e-04       7.832211126418e+02 
       1.921141850936e-04       8.516216545499e+02 
       2.086961151605e-04       9.222418759202e+02 
       2.259222747028e-04       9.953737303618e+02 
       2.438653313471e-04       1.071288194533e+03 
       2.626045863464e-04       1.150302968860e+03 
       2.822267043662e-04       1.232817802318e+03 
       3.028264703922e-04       1.319091920189e+03 
       3.245075565023e-04       1.409606303078e+03 
       3.473832723430e-04       1.504786133066e+03 
       3.715772616892e-04       1.605084328813e+03 
       3.972240931883e-04       1.711024160382e+03 
       4.244696763217e-04       1.823149583490e+03 
       4.534714142726e-04       1.942033490187e+03 
       4.843979851216e-04       2.068289177303e+03 
       5.174286241260e-04       2.202551037491e+03 
       5.527517668576e-04       2.345483191985e+03 
       5.905629115051e-04       2.497750147879e+03 
       6.310615760537e-04       2.660016749506e+03 
       6.744472702311e-04       2.832916766860e+03 
       7.209144795252e-04       3.017042854796e+03 
       7.706467710403e-04       3.212915450956e+03 
       8.238102719290e-04       3.420897943438e+03 
       8.805469226331e-04       3.641456970747e+03 
       9.409680395559e-04       3.874574198650e+03 
       1.005148798413e-03       4.120296652370e+03 
       1.073124236767e-03       4.378417748660e+03 
       1.144887254758e-03       4.648577080968e+03 
       1.220388876333e-03       4.930213133067e+03 
       1.299540758083e-03       5.222638003525e+03 
       1.382219657212e-03       5.525007013664e+03 
       1.468273353332e-03       5.836365926672e+03 
       1.557527401525e-03       6.155751374326e+03 
       1.649792087591e-03       6.482143486187e+03 
       1.744869043056e-03       6.814488903615e+03 
       1.842557121818e-03       7.151757106461e+03 
       1.942657302657e-03       7.492984308827e+03 
       2.044976530484e-03       7.837206519219e+03 
       2.149330524919e-03       8.183606172531e+03 
       2.255545661461e-03       8.531327261361e+03 
       2.363460071018e-03       8.879666643015e+03 
       2.472924115756e-03       9.227955364939e+03 
       2.583800392325e-03       9.575554854968e+03 
       2.695963395622e-03       9.921997565150e+03 
       2.809298953733e-03       1.026676683674e+04 
       2.923703521636e-03       1.060947674286e+04 
       3.039083400187e-03       1.094973311714e+04 
       3.155353928895e-03       1.128721052801e+04 
       3.272438686427e-03       1.162165691365e+04 
       3.390268721390e-03       1.195282803027e+04 
       3.508781827382e-03       1.228049164162e+04 
       3.627921870059e-03       1.260445476502e+04 
       3.747638169517e-03       1.292458619978e+04 
       3.867884938268e-03       1.324075402357e+04 
       3.988620773123e-03       1.355284727992e+04 
       4.109808198029e-03       1.386076503894e+04 
       4.231413254281e-03       1.416443176392e+04 
       4.353405134154e-03       1.446379352919e+04 
       4.475755854012e-03       1.475879251861e+04 
       4.598439962986e-03       1.504939161971e+04 
       4.721434283586e-03       1.533555054783e+04 
       4.844717680811e-03       1.561721821122e+04 
       4.968270856655e-03       1.589440459176e+04 
       5.092076167164e-03       1.616719424865e+04 
       5.216117459508e-03       1.643550011886e+04 
       5.340379926789e-03       1.669933602792e+04 
       5.464849978543e-03       1.695873841778e+04 
       5.589515125164e-03       1.721369830191e+04 
       5.714363874627e-03       1.746431490912e+04 
       5.839385640123e-03       1.771037866739e+04 
       5.964570657357e-03       1.795216064413e+04 
       6.089909910409e-03       1.818961688555e+04 
       6.215395065202e-03       1.842273905627e+04 
       6.341018409711e-03       1.865158590976e+04 
       6.466772800183e-03       1.887614954291e+04 
       6.592651612688e-03       1.909650481303e+04 
       6.718648699422e-03       1.931258227036e+04 
       6.844758349261e-03       1.952466785676e+04 
       6.970975252082e-03       1.973257796670e+04 
       7.097294466486e-03       1.993647187483e+04 
       7.223711390527e-03       2.013626910994e+04 
       7.350221735166e-03       2.033197906014e+04 
       7.476821500153e-03       2.052276597568e+04 
       7.603506952084e-03       2.071069509793e+04 
       7.730274604434e-03       2.089473574627e+04 
       7.857121199346e-03       2.107486573701e+04 
       7.984043691017e-03       2.125121901203e+04 
       8.111039230520e-03       2.142382214728e+04 
       8.238105151923e-03       2.159277536106e+04 
       8.365238959581e-03       2.175798645203e+04 
       8.492438316493e-03       2.191957014615e+04 
       8.619701033621e-03       2.207724162826e+04 
       8.747025060083e-03       2.223198943328e+04 
       8.874408474140e-03       2.238292744350e+04 
       9.001849474906e-03       2.253041474865e+04 
       9.129346374720e-03       2.267439263437e+04 
       9.256897592109e-03       2.281492807057e+04 
       9.384501645304e-03       2.295209552213e+04 
       9.512157146258e-03       2.308592587299e+04 
       9.639862795117e-03       2.321649654154e+04 
       9.767617375109e-03       2.334382709067e+04 
       9.895419747821e-03       2.346794032918e+04 
       1.002326884883e-02       2.358894776475e+04 
       1.015116368363e-02       2.370681512184e+04 
       1.027910332392e-02       2.382155510280e+04 
       1.040708690407e-02       2.393320594480e+04 
       1.053511361797e-02       2.404171448564e+04 
       1.066318271592e-02       2.414739856998e+04 
       1.079129350198e-02       2.425005572194e+04 
       1.091944533126e-02       2.434977665581e+04 
       1.104763760762e-02       2.444656899584e+04 
       1.117586978137e-02       2.454049395339e+04 
       1.130414134723e-02       2.463190692268e+04 
       1.143245184238e-02       2.471981093322e+04 
       1.156080084468e-02       2.480574230143e+04 
       1.168918797099e-02       2.488853561193e+04 
       1.181761287560e-02       2.496864001448e+04 
       1.194607524885e-02       2.504608929982e+04 
       1.207457481568e-02       2.512086739439e+04 
       1.220311133449e-02       2.519304863437e+04 
       1.233168459590e-02       2.526240768775e+04 
       1.246029442170e-02       2.532969511806e+04 
       1.258894066386e-02       2.539404396162e+04 
       1.271762320356e-02       2.545628323408e+04 
       1.284634195038e-02       2.551587680121e+04 
       1.297509684146e-02       2.557303980306e+04 
       1.310388784076e-02       2.562779672706e+04 
       1.323271493840e-02       2.568020017729e+04 
       1.336157815003e-02       2.573025564362e+04 
       1.349047751621e-02       2.577803156429e+04 
       1.361941310190e-02       2.582349075236e+04 
       1.374838499599e-02       2.586673193018e+04 
       1.387739331083e-02       2.590772219759e+04 
       1.400643818179e-02       2.594594713648e+04 
       1.413551976695e-02       2.598340691627e+04 
       1.426463824674e-02       2.601811596541e+04 
       1.439379382361e-02       2.604844522537e+04 
       1.452298672180e-02       2.607863912731e+04 
       1.465221718708e-02       2.610568334662e+04 
       1.478148548655e-02       2.613185093768e+04 
       1.491079190847e-02       2.615601234258e+04 
       1.504013676209e-02       2.617967799311e+04 
       1.516952037750e-02       2.620055035135e+04 
       1.529894310560e-02       2.621863969654e+04 
       1.542840531795e-02       2.623526329137e+04 
       1.555790740675e-02       2.624941337425e+04 
       1.568744978480e-02       2.626183159970e+04 
       1.581703288549e-02       2.627183567002e+04 
       1.594665716280e-02       2.628302650993e+04 
       1.607632309136e-02       2.629034782743e+04 
       1.620603116647e-02       2.629581877986e+04 
       1.633578190418e-02       2.629924982380e+04 
       1.646557584139e-02       2.630131109615e+04 
       1.659541353594e-02       2.629949289693e+04 
       1.672529556674e-02       2.630070971376e+04 
       1.685522253393e-02       2.629425395610e+04 
       1.698519505903e-02       2.628960973263e+04 
       1.711521378511e-02       2.628340683786e+04 
       1.724527937700e-02       2.627552364031e+04 
       1.737539252150e-02       2.626598428890e+04 
       1.750555392761e-02       2.625508383514e+04 
       1.763576432676e-02       2.624561800098e+04 
       1.776602447310e-02       2.623079976185e+04 
       1.789633514377e-02       2.621532558737e+04 
       1.802669713919e-02       2.619838462484e+04 
       1.815711128339e-02       2.618023772525e+04 
       1.828757842430e-02       2.616056795915e+04 
       1.841809943415e-02       2.613966659051e+04 
       1.854867520981e-02       2.611905324377e+04 
       1.867930667314e-02       2.609548278738e+04 
       1.880999477146e-02       2.606979630862e+04 
       1.894074047786e-02       2.604393768174e+04 
       1.907154479175e-02       2.601653744673e+04 
       1.920240873922e-02       2.598756875682e+04 
       1.933333337355e-02       2.595759008182e+04 
       1.946431977566e-02       2.592559381509e+04 
       1.959536905467e-02       2.589413266434e+04 
       1.972648234836e-02       2.585931188825e+04 
       1.985766082376e-02       2.582449826195e+04 
       1.998890567768e-02       2.578835520314e+04 
       2.012021813729e-02       2.575124913254e+04 
       2.025159946075e-02       2.571367470327e+04 
       2.038305093779e-02       2.567432374400e+04 
       2.051457389038e-02       2.563378407214e+04 
       2.064616967339e-02       2.559219662157e+04 
       2.077783967525e-02       2.554957334481e+04 
       2.090958531868e-02       2.550416911865e+04 
       2.104140806141e-02       2.546190536030e+04 
       2.117330939696e-02       2.541642125579e+04 
       2.130529085536e-02       2.537002160257e+04 
       2.143735400401e-02       2.532264007235e+04 
       2.156950044847e-02       2.527439834942e+04 
       2.170173183334e-02       2.522535303903e+04 
       2.183404984311e-02       2.517521004335e+04 
       2.196645620310e-02       2.512467298008e+04 
       2.209895268038e-02       2.507314658812e+04 
       2.223154108473e-02       2.502005675421e+04 
       2.236422326966e-02       2.496593542779e+04 
       2.249700113341e-02       2.491235411244e+04 
       2.262987662003e-02       2.485734325944e+04 
       2.276285172045e-02       2.480150370554e+04 
       2.289592847364e-02       2.474509813089e+04 
       2.302910896775e-02       2.468729397894e+04 
       2.316239534129e-02       2.462973602237e+04 
       2.329578978443e-02       2.457124771819e+04 
       2.342929454018e-02       2.451029082249e+04 
       2.356291190581e-02       2.445022591600e+04 
       2.369664423412e-02       2.438906816211e+04 
       2.383049393491e-02       2.432813970110e+04 
       2.396446347635e-02       2.426635614679e+04 
       2.409855538655e-02       2.420332459253e+04 
       2.423277225504e-02       2.414011253022e+04 
       2.436711673439e-02       2.407625427687e+04 
       2.450159154183e-02       2.401186439017e+04 
       2.463619946097e-02       2.394690229301e+04 
       2.477094334350e-02       2.388144397428e+04 
       2.490582611107e-02       2.381625013559e+04 
       2.504085075706e-02       2.374964650849e+04 
       2.517602034860e-02       2.368247020296e+04 
       2.531133802850e-02       2.361471481007e+04 
       2.544680701732e-02       2.354637889111e+04 
       2.558243061552e-02       2.347861265421e+04 
       2.571821220563e-02       2.340931280088e+04 
       2.585415525453e-02       2.333982258771e+04 
       2.599026331580e-02       2.326987485998e+04 
       2.612654003216e-02       2.319948412552e+04 
       2.626298913799e-02       2.312778100763e+04 
       2.639961446191e-02       2.305648130975e+04 
       2.653641992949e-02       2.298491983769e+04 
       2.667340956604e-02       2.291289584608e+04 
       2.681058749948e-02       2.284048687169e+04 
       2.694795796336e-02       2.276801661534e+04 
       2.708552529994e-02       2.269515888892e+04 
       2.722329396339e-02       2.262119905711e+04 
       2.736126852314e-02       2.254806928333e+04 
       2.749945366733e-02       2.247417310920e+04 
       2.763785420636e-02       2.239998582709e+04 
       2.777647507661e-02       2.232536633047e+04 
       2.791532134432e-02       2.225043164283e+04 
       2.805439820954e-02       2.217522027583e+04 
       2.819371101030e-02       2.209984101073e+04 
       2.833326522689e-02       2.202484526296e+04 
       2.847306648637e-02       2.194897119926e+04 
       2.861312056719e-02       2.187283035389e+04 
       2.875343340400e-02       2.179642347671e+04 
       2.889401109270e-02       2.171921137274e+04 
       2.903485989565e-02       2.164274429556e+04 
       2.917598624706e-02       2.156601941580e+04 
       2.931739675867e-02       2.148839057383e+04 
       2.945909822562e-02       2.141111584855e+04 
       2.960109763255e-02       2.133363751259e+04 
       2.974340216000e-02       2.125643724267e+04 
       2.988601919100e-02       2.117886933350e+04 
       3.002895631801e-02       2.110026005593e+04 
       3.017222135015e-02       2.102309244617e+04 
       3.031582232065e-02       2.094425950724e+04 
       3.045976749479e-02       2.086627702284e+04 
       3.060406537797e-02       2.078795000537e+04 
       3.074872472435e-02       2.070853504560e+04 
       3.089375454572e-02       2.062998806160e+04 
       3.103916412083e-02       2.055134493172e+04 
       3.118496300513e-02       2.047258764168e+04 
       3.133116104096e-02       2.039376598102e+04 
       3.147776836822e-02       2.031493148621e+04 
       3.162479543549e-02       2.023590396670e+04 
       3.177225301169e-02       2.015663965125e+04 
       3.192015219837e-02       2.007714682917e+04 
       3.206850444242e-02       1.999833747147e+04 
       3.221732154957e-02       1.991956037807e+04 
       3.236661569843e-02       1.983991688246e+04 
       3.251639945527e-02       1.976060551710e+04 
       3.266668578948e-02       1.968133105492e+04 
       3.281748808992e-02       1.960209560073e+04 
       3.296882018194e-02       1.952282361238e+04 
       3.312069634543e-02       1.944415977405e+04 
       3.327313133364e-02       1.936486651750e+04 
       3.342614039314e-02       1.928545178251e+04 
       3.357973928472e-02       1.920603495264e+04 
       3.373394430544e-02       1.912646652871e+04 
       3.388877231189e-02       1.904680708675e+04 
       3.404424074469e-02       1.896719095504e+04 
       3.420036765430e-02       1.888783091066e+04 
       3.435717172838e-02       1.880847388048e+04 
       3.451467232056e-02       1.872909673418e+04 
       3.467288948093e-02       1.864975274979e+04 
       3.483184398823e-02       1.857039383296e+04 
       3.499155738397e-02       1.849100688601e+04 
       3.515205200850e-02       1.841173648634e+04 
       3.531335103923e-02       1.833259744165e+04 
       3.547547853123e-02       1.825359613543e+04 
       3.563845946018e-02       1.817468102100e+04 
       3.580231976809e-02       1.809569495339e+04 
       3.596708641176e-02       1.801661113312e+04 
       3.613278741438e-02       1.793755520941e+04 
       3.629945192042e-02       1.785851604936e+04 
       3.646711025404e-02       1.777904839911e+04 
       3.663579398136e-02       1.770003759950e+04 
       3.680553597683e-02       1.762111328485e+04 
       3.697637049414e-02       1.754268242328e+04 
       3.714833324188e-02       1.746381999092e+04 
       3.732146146445e-02       1.738372785404e+04 
       3.749579402869e-02       1.730606414309e+04 
       3.767137151659e-02       1.722694121976e+04 
       3.784823632466e-02       1.714854548725e+04 
       3.802643277066e-02       1.706991101666e+04 
       3.820600720807e-02       1.699123795100e+04 
       3.838700814930e-02       1.691162328084e+04 
       3.856948639817e-02       1.683381106807e+04 
       3.875349519266e-02       1.675544349881e+04 
       3.893909035892e-02       1.667718937676e+04 
       3.912633047743e-02       1.659871146248e+04 
       3.931527706268e-02       1.651999273725e+04 
       3.950599475758e-02       1.644071374082e+04 
       3.969855154402e-02       1.636222378246e+04 
       3.989301897141e-02       1.628349690767e+04 
       4.008947240473e-02       1.620507024321e+04 
       4.028799129447e-02       1.612659153007e+04 
       4.048865947043e-02       1.604811894610e+04 
       4.069156546227e-02       1.596970072728e+04 
       4.089680284945e-02       1.589135160454e+04 
       4.110447064408e-02       1.581249017533e+04 
       4.131467371018e-02       1.573408726856e+04 
       4.152752322376e-02       1.565597342694e+04 
       4.174313717833e-02       1.557694591730e+04 
       4.196164094141e-02       1.549776234913e+04 
       4.218316786809e-02       1.541886814630e+04 
       4.240785997898e-02       1.534000379909e+04 
       4.263586871035e-02       1.526210541272e+04 
       4.286735574605e-02       1.518298025687e+04 
       4.310249394189e-02       1.510367091785e+04 
       4.334146835475e-02       1.502392015114e+04 
       4.358447739102e-02       1.494449150302e+04 
       4.383173409080e-02       1.486451821001e+04 
       4.408346756748e-02       1.478461235866e+04 
       4.433992462517e-02       1.470439093844e+04 
       4.460137158073e-02       1.462390826535e+04 
       4.486809632139e-02       1.454324627161e+04 
       4.514041063492e-02       1.446239601914e+04 
       4.541865285575e-02       1.438114877718e+04 
       4.570319087867e-02       1.429967746586e+04 
       4.599442560175e-02       1.421807114337e+04 
       4.629279487194e-02       1.413566664979e+04 
       4.659877802176e-02       1.405301115229e+04 
       4.691290110355e-02       1.396977663288e+04 
       4.723574294998e-02       1.388637566058e+04 
       4.756794221767e-02       1.380210163461e+04 
       4.791020560462e-02       1.371746476150e+04 
       4.826331747590e-02       1.363142476900e+04 
       4.862815118577e-02       1.354531021260e+04 
       4.900568245257e-02       1.345842445537e+04 
       4.939700522889e-02       1.337141752347e+04 
       4.980335061888e-02       1.328276301739e+04 
       5.022610953321e-02       1.319284383579e+04 
       5.066685994949e-02       1.310231625827e+04 
       5.112739987145e-02       1.301015890437e+04 
       5.160978736752e-02       1.291666883718e+04 
       5.211638943377e-02       1.282138583439e+04 
       5.264994188410e-02       1.272469955191e+04 
       5.321362303723e-02       1.262582086250e+04 
       5.381114465234e-02       1.252406644577e+04 
       5.444686434574e-02       1.241981722815e+04 
       5.512592452731e-02       1.231273754107e+04 
       5.585442353564e-02       1.220199638266e+04 
       5.663962469010e-02       1.208688072742e+04 
       5.749020750474e-02       1.196658701289e+04 
       5.841656051558e-02       1.183964235452e+04 
       5.943110366211e-02       1.170520484902e+04 
       6.054860397274e-02       1.156031935957e+04 
       6.178640209190e-02       1.140297483974e+04 
       6.316438747597e-02       1.122986070659e+04 
       6.470444203592e-02       1.103508153009e+04 
       6.642894472294e-02       1.081255454274e+04 
       6.835791097754e-02       1.055652003991e+04 
       7.050468368308e-02       1.025808924573e+04 
       7.287105121404e-02       9.911728491474e+03 
       7.544396625416e-02       9.514088580893e+03 
       7.819635318890e-02       9.069204268960e+03 
       8.109251208632e-02       8.587748586000e+03 
       8.409554953936e-02       8.086256127416e+03 
       8.717326110987e-02       7.583270215894e+03 
       9.030074694425e-02       7.099519552136e+03 
       9.346032459820e-02       6.650156861661e+03 
       9.664013786216e-02       6.247370165335e+03 
       9.983252961264e-02       5.897239704596e+03 
       1.030326711911e-01       5.601895048130e+03 
       1.062375625973e-01       5.358264482057e+03 
       1.094453569455e-01       5.160094010808e+03 
       1.126549235238e-01       4.999037146778e+03 
       1.158655723388e-01       4.865145484949e+03 
       1.190768830998e-01       4.748427474563e+03 
       1.222886000125e-01       4.638500588900e+03 
       1.255005674144e-01       4.527005520225e+03 
       1.287126905284e-01       4.407596535586e+03 
       1.319249115784e-01       4.275510413270e+03 
       1.351371952716e-01       4.130082232706e+03 
       1.383495199801e-01       3.971878503617e+03 
       1.415618723856e-01       3.804593882412e+03 
       1.447742442277e-01       3.632326454945e+03 
       1.479866303298e-01       3.460811431822e+03 
       1.511990273992e-01       3.294800828487e+03 
       1.544114332982e-01       3.138807361562e+03 
       1.576238466011e-01       2.996515848440e+03 
       1.608362663237e-01       2.869825015852e+03 
       1.640486917590e-01       2.759977654794e+03 
       1.672611223759e-01       2.666284850795e+03 
       1.704735577581e-01       2.587789356389e+03 
       1.736859975650e-01       2.521891239045e+03 
       1.768984415089e-01       2.465544011827e+03 
       1.801108893390e-01       2.415708822582e+03 
       1.833233408328e-01       2.369714690330e+03 
       1.865357957894e-01       2.324497478795e+03 
       1.897482540252e-01       2.277539507562e+03 
       1.929607153714e-01       2.227013387555e+03 
       1.961731796718e-01       2.171985786470e+03 
       1.993856467809e-01       2.111993216111e+03 
       2.025981165633e-01       2.048215032962e+03 
       2.058105888924e-01       1.981735070478e+03 
       2.090230636495e-01       1.914258960886e+03 
       2.122355407233e-01       1.847206286360e+03 
       2.154480200094e-01       1.782620474890e+03 
       2.186605014095e-01       1.721375921368e+03 
       2.218729848309e-01       1.664380715422e+03 
       2.250854701867e-01       1.612474948650e+03 
       2.282979573944e-01       1.566073410108e+03 
       2.315104463765e-01       1.524774470552e+03 
       2.347229370596e-01       1.488284999810e+03 
       2.379354293744e-01       1.456142066322e+03 
       2.411479232552e-01       1.427298266977e+03 
       2.443604186398e-01       1.400874869828e+03 
       2.475729154693e-01       1.375760295146e+03 
       2.507854136879e-01       1.350981588059e+03 
       2.539979132426e-01       1.325913958452e+03 
       2.572104140828e-01       1.299836500928e+03 
       2.604229161608e-01       1.272869177663e+03 
       2.636354194311e-01       1.244548807861e+03 
       2.668479238503e-01       1.215147523190e+03 
       2.700604293772e-01       1.184910551470e+03 
       2.732729359725e-01       1.154455903185e+03 
       2.764854435987e-01       1.124054885227e+03 
       2.796979522201e-01       1.094285201791e+03 
       2.829104618027e-01       1.065639270106e+03 
       2.861229723138e-01       1.038696374342e+03 
       2.893354837224e-01       1.013355651208e+03 
       2.925479959987e-01       9.900951649165e+02 
       2.957605091144e-01       9.685614256864e+02 
       2.989730230421e-01       9.488677908743e+02 
       3.021855377559e-01       9.306086452247e+02 
       3.053980532309e-01       9.135811256325e+02 
       3.086105694431e-01       8.974773658480e+02 
       3.118230863697e-01       8.821351517684e+02 
       3.150356039886e-01       8.670864843299e+02 
       3.182481222788e-01       8.521745777680e+02 
       3.214606412201e-01       8.371740876615e+02 
       3.246731607931e-01       8.219466098595e+02 
       3.278856809791e-01       8.064573151735e+02 
       3.310982017601e-01       7.907676036472e+02 
       3.343107231190e-01       7.749780258319e+02 
       3.375232450392e-01       7.591580035324e+02 
       3.407357675046e-01       7.434985065136e+02 
       3.439482905000e-01       7.281395521926e+02 
       3.471608140106e-01       7.131906219513e+02 
       3.503733380221e-01       6.987376047441e+02 
       3.535858625209e-01       6.849212433650e+02 
       3.567983874937e-01       6.717666705642e+02 
       3.600109129277e-01       6.593121920330e+02 
       3.632234388107e-01       6.474935969815e+02 
       3.664359651308e-01       6.363661640775e+02 
       3.696484918766e-01       6.257428499246e+02 
       3.728610190369e-01       6.155292565385e+02 
       3.760735466013e-01       6.056938369286e+02 
       3.792860745592e-01       5.959159822708e+02 
       3.824986029009e-01       5.865052711614e+02 
       3.857111316166e-01       5.770874194493e+02 
       3.889236606970e-01       5.677685473509e+02 
       3.921361901332e-01       5.584843373891e+02 
       3.953487199164e-01       5.492047403019e+02 
       3.985612500382e-01       5.400297022553e+02 
       4.017737804905e-01       5.308649727154e+02 
       4.049863112653e-01       5.217893186012e+02 
       4.081988423551e-01       5.129121593415e+02 
       4.114113737524e-01       5.041951335683e+02 
       4.146239054500e-01       4.956966811151e+02 
       4.178364374409e-01       4.874515812470e+02 
       4.210489697185e-01       4.794886396374e+02 
       4.242615022763e-01       4.717522090946e+02 
       4.274740351077e-01       4.642909257152e+02 
       4.306865682068e-01       4.570941692191e+02 
       4.338991015676e-01       4.501045297181e+02 
       4.371116351842e-01       4.433425200824e+02 
       4.403241690510e-01       4.367930675139e+02 
       4.435367031627e-01       4.304042559825e+02 
       4.467492375138e-01       4.241274486872e+02 
       4.499617720992e-01       4.179967002244e+02 
       4.531743069140e-01       4.119426071056e+02 
       4.563868419533e-01       4.059731705802e+02 
       4.595993772123e-01       4.000709420227e+02 
       4.628119126864e-01       3.942090817860e+02 
       4.660244483713e-01       3.884372428093e+02 
       4.692369842625e-01       3.827353719162e+02 
       4.724495203558e-01       3.771098189859e+02 
       4.756620566472e-01       3.715803393355e+02 
       4.788745931325e-01       3.661542915682e+02 
       4.820871298080e-01       3.608321687031e+02 
       4.852996666699e-01       3.556221688758e+02 
       4.885122037144e-01       3.505480899180e+02 
       4.917247409379e-01       3.456095022210e+02 
       4.949372783370e-01       3.408064232533e+02 
       4.981498159083e-01       3.361368645858e+02 
       5.013623536484e-01       3.315858002571e+02 
       5.045748915541e-01       3.271109336687e+02 
       5.077874296223e-01       3.227636400876e+02 
       5.109999678498e-01       3.184706447987e+02 
       5.142125062337e-01       3.142573417767e+02 
       5.174250447711e-01       3.101243138465e+02 
       5.206375834590e-01       3.060568152294e+02 
       5.238501222948e-01       3.020498547747e+02 
       5.270626612757e-01       2.980929114535e+02 
       5.302752003991e-01       2.941863600003e+02 
       5.334877396624e-01       2.903327644156e+02 
       5.367002790630e-01       2.865383742697e+02 
       5.399128185985e-01       2.828076285870e+02 
       5.431253582666e-01       2.791455306511e+02 
       5.463378980648e-01       2.755507730725e+02 
       5.495504379909e-01       2.720285687324e+02 
       5.527629780426e-01       2.685725606065e+02 
       5.559755182178e-01       2.651748779341e+02 
       5.591880585143e-01       2.618448997492e+02 
       5.624005989301e-01       2.585726118584e+02 
       5.656131394630e-01       2.553767464767e+02 
       5.688256801112e-01       2.522353857973e+02 
       5.720382208726e-01       2.491533795606e+02 
       5.752507617454e-01       2.461343003264e+02 
       5.784633027276e-01       2.431601185902e+02 
       5.816758438176e-01       2.402319978044e+02 
       5.848883850134e-01       2.277099106582e+00 
       5.881009263134e-01       2.345120265936e+02 
       5.913134677159e-01       2.317200186673e+02 
       5.945260092191e-01       2.289715611246e+02 
       5.977385508215e-01       2.262689864250e+02 
       6.009510925215e-01       2.235995901110e+02 
       6.041636343175e-01       2.209703132813e+02 
       6.073761762080e-01       2.183785291693e+02 
       6.105887181914e-01       2.158263790846e+02 
       6.138012602664e-01       2.133141552276e+02 
       6.170138024315e-01       2.108452721369e+02 
       6.202263446852e-01       2.084232952201e+02 
       6.234388870263e-01       2.060423083967e+02 
       6.266514294533e-01       2.036933835119e+02 
