# Matter power spectrum P(k) at redshift z=0
# for k=1.01037e-05 to 0.606367 h/Mpc,
# number of wavenumbers equal to 561
#    1:k (h/Mpc)              2:P (Mpc/h)^3        
       1.010368080516e-05       5.812623963689e+01 
       2.257321538200e-05       1.262065013950e+02 
       3.508381927235e-05       1.930981137754e+02 
       4.766703270551e-05       2.595000024172e+02 
       6.035488480552e-05       3.258054649413e+02 
       7.318016129783e-05       3.923062374912e+02 
       8.617668025695e-05       4.592496127754e+02 
       9.937957934958e-05       5.268616310846e+02 
       1.128256180546e-04       5.953587480292e+02 
       1.265534983725e-04       6.649549176866e+02 
       1.406042075496e-04       7.358662639409e+02 
       1.550213863180e-04       8.083147249407e+02 
       1.698517260414e-04       8.825309873216e+02 
       1.851453979300e-04       9.587571128535e+02 
       2.009565170580e-04       1.037249028695e+03 
       2.173436432202e-04       1.118278841602e+03 
       2.343703195657e-04       1.202137178222e+03 
       2.521056483199e-04       1.289135468110e+03 
       2.706249005562e-04       1.379608170332e+03 
       2.900101536887e-04       1.473914908005e+03 
       3.103509458647e-04       1.572442449665e+03 
       3.317449304485e-04       1.675606437596e+03 
       3.542985060144e-04       1.783852691257e+03 
       3.781273874522e-04       1.897657936728e+03 
       4.033570718071e-04       2.017529682146e+03 
       4.301231384525e-04       2.144004964078e+03 
       4.585713076803e-04       2.277647642488e+03 
       4.888571660127e-04       2.419043804351e+03 
       5.211454526372e-04       2.568794944985e+03 
       5.556087926552e-04       2.727508493105e+03 
       5.924257638840e-04       2.895785434959e+03 
       6.317782003364e-04       3.074204911940e+03 
       6.738476730280e-04       3.263305941062e+03 
       7.188111519332e-04       3.463566735922e+03 
       7.668359426485e-04       3.675382637379e+03 
       8.180741023330e-04       3.899043985754e+03 
       8.726566582324e-04       4.134715668512e+03 
       9.306880566185e-04       4.382420329203e+03 
       9.922413332371e-04       4.642027133074e+03 
       1.057354493118e-03       4.913247484390e+03 
       1.126028503575e-03       5.195638518610e+03 
       1.198227143969e-03       5.488614335956e+03 
       1.273878745106e-03       5.791463926846e+03 
       1.352879631356e-03       6.103343203964e+03 
       1.435098894542e-03       6.423376276256e+03 
       1.520384014643e-03       6.750636483136e+03 
       1.608566812682e-03       7.084159153081e+03 
       1.699469268221e-03       7.422978103912e+03 
       1.792908834689e-03       7.766145541669e+03 
       1.888703010791e-03       8.112747733623e+03 
       1.986673049347e-03       8.461918081185e+03 
       2.086646787797e-03       8.812844941762e+03 
       2.188460658965e-03       9.164778209893e+03 
       2.291960985850e-03       9.517030269523e+03 
       2.397004684559e-03       9.868977233104e+03 
       2.503459501636e-03       1.022005660046e+04 
       2.611203902445e-03       1.056976525302e+04 
       2.720126711424e-03       1.091765496847e+04 
       2.830126587067e-03       1.126332945195e+04 
       2.941111396786e-03       1.160643864479e+04 
       3.052997541042e-03       1.194667593333e+04 
       3.165709262737e-03       1.228377354348e+04 
       3.279177967095e-03       1.261750023350e+04 
       3.393341568802e-03       1.294765139953e+04 
       3.508143876860e-03       1.327405293651e+04 
       3.623534022906e-03       1.359655717976e+04 
       3.739465935422e-03       1.391503482734e+04 
       3.855897859987e-03       1.422937637620e+04 
       3.972791924165e-03       1.453949357698e+04 
       4.090113744704e-03       1.484531284377e+04 
       4.207832074165e-03       1.514676638629e+04 
       4.325918483835e-03       1.544381501035e+04 
       4.444347079736e-03       1.573641301217e+04 
       4.563094248607e-03       1.602452787977e+04 
       4.682138430870e-03       1.630814406889e+04 
       4.801459917812e-03       1.658724785309e+04 
       4.921040670417e-03       1.686186180071e+04 
       5.040864157515e-03       1.713196197514e+04 
       5.160915211140e-03       1.739755301052e+04 
       5.281179897193e-03       1.765866104239e+04 
       5.401645399727e-03       1.791528525361e+04 
       5.522299917326e-03       1.816744848826e+04 
       5.643132570237e-03       1.841517457052e+04 
       5.764133317064e-03       1.865848475987e+04 
       5.885292879962e-03       1.889740156543e+04 
       6.006602677388e-03       1.913196081919e+04 
       6.128054763589e-03       1.936218473443e+04 
       6.249641774085e-03       1.958810729261e+04 
       6.371356876501e-03       1.980976577315e+04 
       6.493193726162e-03       2.002718696547e+04 
       6.615146425965e-03       2.024041412804e+04 
       6.737209490048e-03       2.044947864684e+04 
       6.859377810883e-03       2.065441519638e+04 
       6.981646629413e-03       2.085526542954e+04 
       7.104011507943e-03       2.105206591688e+04 
       7.226468305483e-03       2.124485374279e+04 
       7.349013155319e-03       2.143367392659e+04 
       7.471642444556e-03       2.161856762927e+04 
       7.594352795478e-03       2.179956808126e+04 
       7.717141048514e-03       2.197668874368e+04 
       7.840004246670e-03       2.215001905422e+04 
       7.962939621285e-03       2.231957603508e+04 
       8.085944578984e-03       2.248540364467e+04 
       8.209016689716e-03       2.264753480831e+04 
       8.332153675772e-03       2.280600735576e+04 
       8.455353401701e-03       2.296086948559e+04 
       8.578613865040e-03       2.311214722039e+04 
       8.701933187777e-03       2.325988481665e+04 
       8.825309608494e-03       2.340413406709e+04 
       8.948741475120e-03       2.354494514697e+04 
       9.072227238249e-03       2.368230402717e+04 
       9.195765444967e-03       2.381627355129e+04 
       9.319354733151e-03       2.394688059129e+04 
       9.442993826195e-03       2.407420507464e+04 
       9.566681528135e-03       2.419826549599e+04 
       9.690416719126e-03       2.431907083117e+04 
       9.814198351262e-03       2.443669498202e+04 
       9.938025444694e-03       2.455117895534e+04 
       1.006189708403e-02       2.466250032794e+04 
       1.018581241500e-02       2.477074852190e+04 
       1.030977064134e-02       2.487595395516e+04 
       1.043377102194e-02       2.497814089325e+04 
       1.055781286812e-02       2.507733881119e+04 
       1.068189554121e-02       2.517360220422e+04 
       1.080601845014e-02       2.526692654500e+04 
       1.093018104939e-02       2.535737898904e+04 
       1.105438283691e-02       2.544497527782e+04 
       1.117862335227e-02       2.552977273559e+04 
       1.130290217496e-02       2.561182872545e+04 
       1.142721892273e-02       2.569109468290e+04 
       1.155157325011e-02       2.576761200713e+04 
       1.167596484699e-02       2.584152203007e+04 
       1.180039343737e-02       2.591275747584e+04 
       1.192485877805e-02       2.598133236616e+04 
       1.204936065761e-02       2.604738547015e+04 
       1.217389889527e-02       2.611087880280e+04 
       1.229847334000e-02       2.617182727424e+04 
       1.242308386954e-02       2.623026502488e+04 
       1.254773038959e-02       2.628629544056e+04 
       1.267241283306e-02       2.633988487084e+04 
       1.279713115930e-02       2.639098498628e+04 
       1.292188535346e-02       2.643980328024e+04 
       1.304667542588e-02       2.648618739994e+04 
       1.317150141151e-02       2.653034159012e+04 
       1.329636336937e-02       2.657215988939e+04 
       1.342126138213e-02       2.661176586610e+04 
       1.354619555561e-02       2.664908966549e+04 
       1.367116601840e-02       2.668424199144e+04 
       1.379617292152e-02       2.671718028501e+04 
       1.392121643807e-02       2.674801381657e+04 
       1.404629676292e-02       2.677671457268e+04 
       1.417141411248e-02       2.680333080612e+04 
       1.429656872447e-02       2.682792152952e+04 
       1.442176085768e-02       2.685039066322e+04 
       1.454699079180e-02       2.687094477495e+04 
       1.467225882732e-02       2.688946378459e+04 
       1.479756528532e-02       2.690602429156e+04 
       1.492291050747e-02       2.692068867540e+04 
       1.504829485585e-02       2.693296916379e+04 
       1.517371871299e-02       2.694410943509e+04 
       1.529918248177e-02       2.695300615438e+04 
       1.542468658546e-02       2.696026155894e+04 
       1.555023146766e-02       2.696549901001e+04 
       1.567581759244e-02       2.696903091593e+04 
       1.580144544427e-02       2.697079483913e+04 
       1.592711552817e-02       2.697092855334e+04 
       1.605282836978e-02       2.696910773694e+04 
       1.617858451544e-02       2.696575122278e+04 
       1.630438453236e-02       2.696075324640e+04 
       1.643022900870e-02       2.695402270520e+04 
       1.655611855379e-02       2.694575626593e+04 
       1.668205379827e-02       2.693586730572e+04 
       1.680803539431e-02       2.692428888386e+04 
       1.693406401577e-02       2.691137632083e+04 
       1.706014035850e-02       2.689686297910e+04 
       1.718626514052e-02       2.688065249550e+04 
       1.731243910230e-02       2.686296645812e+04 
       1.743866300705e-02       2.684396335078e+04 
       1.756493764100e-02       2.682370145835e+04 
       1.769126381372e-02       2.680189668523e+04 
       1.781764235841e-02       2.677842972207e+04 
       1.794407413230e-02       2.675392105206e+04 
       1.807056001695e-02       2.672798585773e+04 
       1.819710091867e-02       2.670073666392e+04 
       1.832369776889e-02       2.667200462439e+04 
       1.845035152458e-02       2.664217967441e+04 
       1.857706316865e-02       2.661099193477e+04 
       1.870383371044e-02       2.657853000655e+04 
       1.883066418614e-02       2.654486534024e+04 
       1.895755565928e-02       2.650994276435e+04 
       1.908450922124e-02       2.647391416677e+04 
       1.921152599176e-02       2.643661147941e+04 
       1.933860711948e-02       2.639820854245e+04 
       1.946575378246e-02       2.635873798924e+04 
       1.959296718880e-02       2.631803352641e+04 
       1.972024857720e-02       2.627611292784e+04 
       1.984759921761e-02       2.623347428230e+04 
       1.997502041182e-02       2.618946060519e+04 
       2.010251349412e-02       2.614456277825e+04 
       2.023007983203e-02       2.609879104425e+04 
       2.035772082694e-02       2.605177439844e+04 
       2.048543791484e-02       2.600376715484e+04 
       2.061323256712e-02       2.595494532591e+04 
       2.074110629125e-02       2.590514439228e+04 
       2.086906063166e-02       2.585434148976e+04 
       2.099709717051e-02       2.580275423552e+04 
       2.112521752854e-02       2.575020511590e+04 
       2.125342336596e-02       2.569666047149e+04 
       2.138171638332e-02       2.564234774974e+04 
       2.151009832250e-02       2.558723504344e+04 
       2.163857096757e-02       2.553114778999e+04 
       2.176713614587e-02       2.547418869011e+04 
       2.189579572899e-02       2.541682564245e+04 
       2.202455163379e-02       2.535848549285e+04 
       2.215340582354e-02       2.529929824633e+04 
       2.228236030901e-02       2.523951461422e+04 
       2.241141714961e-02       2.517878833523e+04 
       2.254057845461e-02       2.511745408342e+04 
       2.266984638433e-02       2.505543293630e+04 
       2.279922315145e-02       2.499269562117e+04 
       2.292871102225e-02       2.492940168148e+04 
       2.305831231804e-02       2.486545809095e+04 
       2.318802941649e-02       2.480075416784e+04 
       2.331786475307e-02       2.473546531903e+04 
       2.344782082255e-02       2.466946581590e+04 
       2.357790018053e-02       2.460306311394e+04 
       2.370810544499e-02       2.453586116632e+04 
       2.383843929794e-02       2.446842025614e+04 
       2.396890448713e-02       2.440030135007e+04 
       2.409950382770e-02       2.433139371946e+04 
       2.423024020408e-02       2.426224844897e+04 
       2.436111657178e-02       2.419253738750e+04 
       2.449213595930e-02       2.412225008259e+04 
       2.462330147015e-02       2.405159164793e+04 
       2.475461628488e-02       2.398023285380e+04 
       2.488608366318e-02       2.390855772782e+04 
       2.501770694607e-02       2.383633842680e+04 
       2.514948955820e-02       2.376387134368e+04 
       2.528143501013e-02       2.369081416819e+04 
       2.541354690079e-02       2.361751948030e+04 
       2.554582891997e-02       2.354388896007e+04 
       2.567828485094e-02       2.346961342338e+04 
       2.581091857308e-02       2.339506774976e+04 
       2.594373406471e-02       2.332010282958e+04 
       2.607673540593e-02       2.324480276967e+04 
       2.620992678163e-02       2.316919568674e+04 
       2.634331248457e-02       2.309336665414e+04 
       2.647689691855e-02       2.301712042510e+04 
       2.661068460180e-02       2.294056615147e+04 
       2.674468017034e-02       2.286373518956e+04 
       2.687888838161e-02       2.278663594106e+04 
       2.701331411813e-02       2.270926193383e+04 
       2.714796239136e-02       2.263160546258e+04 
       2.728283834571e-02       2.255387884748e+04 
       2.741794726263e-02       2.247554930356e+04 
       2.755329456495e-02       2.239727485961e+04 
       2.768888582134e-02       2.231862252648e+04 
       2.782472675093e-02       2.223972934266e+04 
       2.796082322816e-02       2.216082409828e+04 
       2.809718128778e-02       2.208183870511e+04 
       2.823380713007e-02       2.200220829884e+04 
       2.837070712629e-02       2.192264049968e+04 
       2.850788782427e-02       2.184293598833e+04 
       2.864535595436e-02       2.176295539965e+04 
       2.878311843551e-02       2.168284799063e+04 
       2.892118238166e-02       2.160259890057e+04 
       2.905955510838e-02       2.152242025779e+04 
       2.919824413983e-02       2.144186965206e+04 
       2.933725721594e-02       2.136123050369e+04 
       2.947660229996e-02       2.128047605444e+04 
       2.961628758635e-02       2.119988020306e+04 
       2.975632150896e-02       2.111894281232e+04 
       2.989671274962e-02       2.103800229696e+04 
       3.003747024709e-02       2.095684941068e+04 
       3.017860320642e-02       2.087575366533e+04 
       3.032012110875e-02       2.079443213109e+04 
       3.046203372151e-02       2.071301706874e+04 
       3.060435110917e-02       2.063170600127e+04 
       3.074708364443e-02       2.055035761653e+04 
       3.089024201994e-02       2.046876880959e+04 
       3.103383726064e-02       2.038718902811e+04 
       3.117788073664e-02       2.030563059822e+04 
       3.132238417669e-02       2.022414657775e+04 
       3.146735968243e-02       2.014265135929e+04 
       3.161281974320e-02       2.006097928561e+04 
       3.175877725174e-02       1.997912825730e+04 
       3.190524552053e-02       1.989779163713e+04 
       3.205223829909e-02       1.981596669490e+04 
       3.219976979213e-02       1.973434478246e+04 
       3.234785467859e-02       1.965255904462e+04 
       3.249650813176e-02       1.957089262868e+04 
       3.264574584045e-02       1.948924933067e+04 
       3.279558403127e-02       1.940763081952e+04 
       3.294603949213e-02       1.932596895221e+04 
       3.309712959705e-02       1.924432695317e+04 
       3.324887233236e-02       1.916276802711e+04 
       3.340128632428e-02       1.908135740235e+04 
       3.355439086819e-02       1.899987437033e+04 
       3.370820595950e-02       1.891831619244e+04 
       3.386275232632e-02       1.883682596897e+04 
       3.401805146405e-02       1.875563335916e+04 
       3.417412567209e-02       1.867414513902e+04 
       3.433099809263e-02       1.859277403843e+04 
       3.448869275188e-02       1.851159907025e+04 
       3.464723460385e-02       1.843039891782e+04 
       3.480664957683e-02       1.834909740437e+04 
       3.496696462275e-02       1.826789565137e+04 
       3.512820776978e-02       1.818682747039e+04 
       3.529040817827e-02       1.810603248789e+04 
       3.545359620037e-02       1.802478992173e+04 
       3.561780344360e-02       1.794387404167e+04 
       3.578306283867e-02       1.786313366489e+04 
       3.594940871194e-02       1.778207749409e+04 
       3.611687686286e-02       1.770125670371e+04 
       3.628550464679e-02       1.762073621722e+04 
       3.645533106376e-02       1.753985880700e+04 
       3.662639685350e-02       1.745927017732e+04 
       3.679874459748e-02       1.737864264422e+04 
       3.697241882842e-02       1.729806940931e+04 
       3.714746614800e-02       1.721766358140e+04 
       3.732393535354e-02       1.713686514148e+04 
       3.750187757443e-02       1.705639206986e+04 
       3.768134641925e-02       1.697599403970e+04 
       3.786239813449e-02       1.689555981430e+04 
       3.804509177619e-02       1.681540481170e+04 
       3.822948939553e-02       1.673479047021e+04 
       3.841565623990e-02       1.665465843840e+04 
       3.860366097098e-02       1.657438776398e+04 
       3.879357590147e-02       1.649397565474e+04 
       3.898547725257e-02       1.641374153169e+04 
       3.917944543428e-02       1.633345141163e+04 
       3.937556535094e-02       1.625321288707e+04 
       3.957392673493e-02       1.617257992821e+04 
       3.977462451145e-02       1.609248108957e+04 
       3.997775919804e-02       1.601182248603e+04 
       4.018343734274e-02       1.593165439436e+04 
       4.039177200551e-02       1.585115140447e+04 
       4.060288328789e-02       1.577071175471e+04 
       4.081689891698e-02       1.568978450976e+04 
       4.103395489028e-02       1.560902316072e+04 
       4.125419618912e-02       1.552849494330e+04 
       4.147777756950e-02       1.544767046034e+04 
       4.170486444050e-02       1.536677283916e+04 
       4.193563384197e-02       1.528559304324e+04 
       4.217027553492e-02       1.520442845380e+04 
       4.240899322062e-02       1.512290493245e+04 
       4.265200590631e-02       1.504115471645e+04 
       4.289954943923e-02       1.495962863300e+04 
       4.315187823374e-02       1.487765340116e+04 
       4.340926722097e-02       1.479524570824e+04 
       4.367201405547e-02       1.471285841244e+04 
       4.394044161994e-02       1.463009615942e+04 
       4.421490087634e-02       1.454720733356e+04 
       4.449577412118e-02       1.446366558726e+04 
       4.478347871406e-02       1.438006127137e+04 
       4.507847136215e-02       1.429568606642e+04 
       4.538125306037e-02       1.421136713677e+04 
       4.569237480779e-02       1.412617840768e+04 
       4.601244424663e-02       1.404057761059e+04 
       4.634213340251e-02       1.395425269844e+04 
       4.668218774430e-02       1.386772181387e+04 
       4.703343683284e-02       1.378003858830e+04 
       4.739680689039e-02       1.369183486827e+04 
       4.777333570328e-02       1.360269548252e+04 
       4.816419037106e-02       1.351268919910e+04 
       4.857068854475e-02       1.342161606920e+04 
       4.899432396068e-02       1.332947336477e+04 
       4.943679728574e-02       1.323636775910e+04 
       4.990005355658e-02       1.314155564152e+04 
       5.038632783320e-02       1.304528857452e+04 
       5.089820111406e-02       1.294715103581e+04 
       5.143866908845e-02       1.284740357520e+04 
       5.201122694318e-02       1.274496931933e+04 
       5.261997418257e-02       1.263995064856e+04 
       5.326974420620e-02       1.253197951077e+04 
       5.396626405957e-02       1.242040310832e+04 
       5.471634996238e-02       1.230478690837e+04 
       5.552814315013e-02       1.218372139522e+04 
       5.641138668315e-02       1.205677702443e+04 
       5.737773423051e-02       1.192175918504e+04 
       5.844106116852e-02       1.177732966385e+04 
       5.961770819463e-02       1.162043712594e+04 
       6.092651699804e-02       1.144765133442e+04 
       6.238840926401e-02       1.125447440457e+04 
       6.402513358540e-02       1.103478199315e+04 
       6.585675385630e-02       1.078129926359e+04 
       6.789769976869e-02       1.048606095849e+04 
       7.015201720521e-02       1.014267611855e+04 
       7.260971963401e-02       9.746962929282e+03 
       7.524674091701e-02       9.301165690591e+03 
       7.802947915964e-02       8.815537541790e+03 
       8.092191197911e-02       8.305650418587e+03 
       8.389175800737e-02       7.791293084669e+03 
       8.691358496233e-02       7.292397796266e+03 
       8.996909687096e-02       6.826992258422e+03 
       9.304592006406e-02       6.407554889357e+03 
       9.613601871159e-02       6.041805977019e+03 
       9.923430753461e-02       5.731853642386e+03 
       1.023376201932e-01       5.475694978887e+03 
       1.054440047733e-01       5.267638856688e+03 
       1.085522652760e-01       5.099257618526e+03 
       1.116616715010e-01       4.960417596856e+03 
       1.147717785315e-01       4.840563370413e+03 
       1.178823155366e-01       4.729582950998e+03 
       1.209931176866e-01       4.618204374506e+03 
       1.241040846177e-01       4.499209246250e+03 
       1.272151551479e-01       4.367945407401e+03 
       1.303262919048e-01       4.222595216550e+03 
       1.334374719876e-01       4.063984536367e+03 
       1.365486812961e-01       3.894888971802e+03 
       1.396599110865e-01       3.719908884990e+03 
       1.427711558808e-01       3.544474623962e+03 
       1.458824121963e-01       3.373528206656e+03 
       1.489936777731e-01       3.212477575793e+03 
       1.521049511054e-01       3.064751439157e+03 
       1.552162311546e-01       2.933130816543e+03 
       1.583275171755e-01       2.818556588644e+03 
       1.614388086093e-01       2.720904643188e+03 
       1.645501050183e-01       2.638972302582e+03 
       1.676614060449e-01       2.570296053868e+03 
       1.707727113872e-01       2.512130683749e+03 
       1.738840207827e-01       2.461275876572e+03 
       1.769953339982e-01       2.414405458496e+03 
       1.801066508234e-01       2.369154354277e+03 
       1.832179710664e-01       2.322470114379e+03 
       1.863292945506e-01       2.272196511543e+03 
       1.894406211126e-01       2.217340101571e+03 
       1.925519506007e-01       2.157520553471e+03 
       1.956632828731e-01       2.093341009052e+03 
       1.987746177977e-01       2.026001612172e+03 
       2.018859552505e-01       1.957159281870e+03 
       2.049972951154e-01       1.888611064951e+03 
       2.081086372832e-01       1.822030266140e+03 
       2.112199816513e-01       1.758881057549e+03 
       2.143313281233e-01       1.700161059539e+03 
       2.174426766081e-01       1.646579621812e+03 
       2.205540270200e-01       1.598523333207e+03 
       2.236653792779e-01       1.555831401277e+03 
       2.267767333053e-01       1.518252547684e+03 
       2.298880890299e-01       1.485157667625e+03 
       2.329994463834e-01       1.455588724241e+03 
       2.361108053007e-01       1.428587465232e+03 
       2.392221657206e-01       1.403117286373e+03 
       2.423335275848e-01       1.378144306216e+03 
       2.454448908381e-01       1.352922801126e+03 
       2.485562554278e-01       1.326869355054e+03 
       2.516676213043e-01       1.299613993146e+03 
       2.547789884199e-01       1.271094527605e+03 
       2.578903567297e-01       1.241450575614e+03 
       2.610017261907e-01       1.210908223603e+03 
       2.641130967618e-01       1.179925908274e+03 
       2.672244684043e-01       1.148955223701e+03 
       2.703358410807e-01       1.118550094452e+03 
       2.734472147557e-01       1.089209097813e+03 
       2.765585893954e-01       1.061400144670e+03 
       2.796699649673e-01       1.035358498588e+03 
       2.827813414405e-01       1.011304041839e+03 
       2.858927187855e-01       9.891782971891e+02 
       2.890040969740e-01       9.689172318192e+02 
       2.921154759788e-01       9.502461644411e+02 
       2.952268557740e-01       9.328812396163e+02 
       2.983382363348e-01       9.165358012730e+02 
       3.014496176372e-01       9.009015047836e+02 
       3.045609996586e-01       8.856695690824e+02 
       3.076723823769e-01       8.706057135666e+02 
       3.107837657711e-01       8.554677792355e+02 
       3.138951498210e-01       8.401542336743e+02 
       3.170065345073e-01       8.245405247194e+02 
       3.201179198112e-01       8.086611308696e+02 
       3.232293057149e-01       7.926039995690e+02 
       3.263406922011e-01       7.765076322220e+02 
       3.294520792532e-01       7.605388879091e+02 
       3.325634668553e-01       7.448300217712e+02 
       3.356748549920e-01       7.295318226897e+02 
       3.387862436485e-01       7.147650741408e+02 
       3.418976328106e-01       7.006373784899e+02 
       3.450090224645e-01       6.871608014484e+02 
       3.481204125970e-01       6.743939202320e+02 
       3.512318031953e-01       6.623249974142e+02 
       3.543431942471e-01       6.509160685455e+02 
       3.574545857404e-01       6.400731640608e+02 
       3.605659776639e-01       6.297036103106e+02 
       3.636773700063e-01       6.196886490023e+02 
       3.667887627571e-01       6.099175374561e+02 
       3.699001559059e-01       6.003027397797e+02 
       3.730115494426e-01       5.907883837574e+02 
       3.761229433576e-01       5.813184798900e+02 
       3.792343376415e-01       5.718936259570e+02 
       3.823457322854e-01       5.624952800097e+02 
       3.854571272804e-01       5.531355105953e+02 
       3.885685226180e-01       5.438316785426e+02 
       3.916799182902e-01       5.346189677937e+02 
       3.947913142889e-01       5.255304446635e+02 
       3.979027106065e-01       5.166364800502e+02 
       4.010141072355e-01       5.079502487019e+02 
       4.041255041686e-01       4.995307197050e+02 
       4.072369013990e-01       4.913914799636e+02 
       4.103482989197e-01       4.835262750066e+02 
       4.134596967243e-01       4.759310169548e+02 
       4.165710948063e-01       4.685976292319e+02 
       4.196824931595e-01       4.614989881827e+02 
       4.227938917780e-01       4.546170235604e+02 
       4.259052906559e-01       4.479419174389e+02 
       4.290166897875e-01       4.414340340281e+02 
       4.321280891673e-01       4.350751010724e+02 
       4.352394887901e-01       4.288396456010e+02 
       4.383508886505e-01       4.226918795710e+02 
       4.414622887436e-01       4.166196454448e+02 
       4.445736890644e-01       4.106100116250e+02 
       4.476850896083e-01       4.046582337097e+02 
       4.507964903705e-01       3.987827719831e+02 
       4.539078913465e-01       3.929835020603e+02 
       4.570192925320e-01       3.872666149156e+02 
       4.601306939228e-01       3.816375633117e+02 
       4.632420955146e-01       3.761204130685e+02 
       4.663534973034e-01       3.706969729847e+02 
       4.694648992852e-01       3.653982548802e+02 
       4.725763014564e-01       3.602288762966e+02 
       4.756877038131e-01       3.551917885955e+02 
       4.787991063517e-01       3.502927148161e+02 
       4.819105090687e-01       3.455294122957e+02 
       4.850219119606e-01       3.408844579144e+02 
       4.881333150240e-01       3.363554957790e+02 
       4.912447182558e-01       3.319130405608e+02 
       4.943561216527e-01       3.275642779097e+02 
       4.974675252116e-01       3.232872359116e+02 
       5.005789289295e-01       3.190870282827e+02 
       5.036903328034e-01       3.149495694675e+02 
       5.068017368305e-01       3.108811914318e+02 
       5.099131410078e-01       3.068580143995e+02 
       5.130245453328e-01       3.028882252097e+02 
       5.161359498027e-01       2.989712059540e+02 
       5.192473544148e-01       2.951152944304e+02 
       5.223587591667e-01       2.913120191648e+02 
       5.254701640559e-01       2.875726788761e+02 
       5.285815690799e-01       2.839097504637e+02 
       5.316929742363e-01       2.803124529719e+02 
       5.348043795229e-01       2.767868790999e+02 
       5.379157849373e-01       2.733362542653e+02 
       5.410271904774e-01       2.699493610783e+02 
       5.441385961410e-01       2.666219065418e+02 
       5.472500019260e-01       2.633628586518e+02 
       5.503614078303e-01       2.601666764453e+02 
       5.534728138519e-01       2.570351727161e+02 
       5.565842199888e-01       2.539628612822e+02 
       5.596956262391e-01       2.509395901492e+02 
       5.628070326009e-01       2.479637494910e+02 
       5.659184390724e-01       2.450361360732e+02 
       5.690298456517e-01       2.421518527123e+02 
       5.721412523372e-01       2.393065549348e+02 
       5.752526591270e-01       2.365052264513e+02 
       5.783640660195e-01       2.337476513909e+02 
       5.814754730131e-01       2.310338693073e+02 
       5.845868801060e-01       2.283596286448e+02 
       5.876982872968e-01       2.257261657325e+02 
       5.908096945839e-01       2.231320494289e+02 
       5.939211019657e-01       2.205731942081e+02 
       5.970325094408e-01       2.180576176765e+02 
       6.001439170077e-01       2.155842233055e+02 
       6.032553246650e-01       2.131524909045e+02 
       6.063667324114e-01       2.107688114935e+02 
