# Matter power spectrum P(k) at redshift z=0
# for k=1.04564e-05 to 0.628087 h/Mpc,
# number of wavenumbers equal to 560
#    1:k (h/Mpc)              2:P (Mpc/h)^3        
       1.045636895265e-05       5.098361470537e+01 
       2.335681618987e-05       1.106797113659e+02 
       3.630274238463e-05       1.693504400156e+02 
       4.932908535178e-05       2.276200862005e+02 
       6.247136229259e-05       2.858453341285e+02 
       7.576598744737e-05       3.442943751000e+02 
       8.925059993160e-05       4.031971470366e+02 
       1.029644061282e-04       4.627659181647e+02 
       1.169485410416e-04       5.232058612578e+02 
       1.312464530540e-04       5.847214542040e+02 
       1.459043165280e-04       6.475209559899e+02 
       1.609714766400e-04       7.118198773376e+02 
       1.765009306452e-04       7.778439704424e+02 
       1.925498493967e-04       8.458319589344e+02 
       2.091801422696e-04       9.160381579142e+02 
       2.264590675412e-04       9.887350683406e+02 
       2.444598885775e-04       1.064215978773e+03 
       2.632625736552e-04       1.142797595496e+03 
       2.829545336210e-04       1.224822672966e+03 
       3.036313865307e-04       1.310662600540e+03 
       3.253977315240e-04       1.400719869613e+03 
       3.483679050758e-04       1.495430293734e+03 
       3.726666810316e-04       1.595264800021e+03 
       3.984298612381e-04       1.700730591316e+03 
       4.258046861501e-04       1.812371325626e+03 
       4.549499750935e-04       1.930766017430e+03 
       4.860358853027e-04       2.056526113771e+03 
       5.192431600667e-04       2.190290385704e+03 
       5.547617235458e-04       2.332716955403e+03 
       5.927884790865e-04       2.484472116762e+03 
       6.335241866980e-04       2.646215489811e+03 
       6.771693418265e-04       2.818581394735e+03 
       7.239190580493e-04       3.002156716315e+03 
       7.739570723338e-04       3.197455877547e+03 
       8.274491357913e-04       3.404894351336e+03 
       8.845362063803e-04       3.624762478371e+03 
       9.453279919916e-04       3.857201951396e+03 
       1.009897465284e-03       4.102187564806e+03 
       1.078276951968e-03       4.359516440446e+03 
       1.150456265750e-03       4.628806537772e+03 
       1.226383137619e-03       4.909505089633e+03 
       1.305965905817e-03       5.200906392244e+03 
       1.389078155550e-03       5.502156089595e+03 
       1.475564783862e-03       5.812321786045e+03 
       1.565248854582e-03       6.130427402238e+03 
       1.657938609905e-03       6.455443836058e+03 
       1.753434099244e-03       6.786337089314e+03 
       1.851533035311e-03       7.122092422517e+03 
       1.952035652143e-03       7.461733459711e+03 
       2.054748488306e-03       7.804336791333e+03 
       2.159487132669e-03       8.149040919535e+03 
       2.266078044455e-03       8.495052401838e+03 
       2.374359597428e-03       8.841647660747e+03 
       2.484182508303e-03       9.188172047352e+03 
       2.595409801036e-03       9.534037697510e+03 
       2.707916439847e-03       9.878720636183e+03 
       2.821588740709e-03       1.022175523221e+04 
       2.936323647808e-03       1.056272992495e+04 
       3.052027940302e-03       1.090128335438e+04 
       3.168617416861e-03       1.123709806122e+04 
       3.286016090969e-03       1.156989821721e+04 
       3.404155418780e-03       1.189944458390e+04 
       3.522973572901e-03       1.222552686388e+04 
       3.642414769352e-03       1.254796761162e+04 
       3.762428650643e-03       1.286661447008e+04 
       3.882969724964e-03       1.318133576638e+04 
       4.003996859591e-03       1.349202345121e+04 
       4.125472825426e-03       1.379858438171e+04 
       4.247363888961e-03       1.410094470090e+04 
       4.369639447665e-03       1.439904140996e+04 
       4.492271704789e-03       1.469282599666e+04 
       4.615235379660e-03       1.498225918543e+04 
       4.738507449800e-03       1.526730378343e+04 
       4.862066921443e-03       1.554790949717e+04 
       4.985894625324e-03       1.582417416293e+04 
       5.109973034924e-03       1.609600146191e+04 
       5.234286104614e-03       1.636336448577e+04 
       5.358819125432e-03       1.662634418302e+04 
       5.483558596480e-03       1.688500971177e+04 
       5.608492110130e-03       1.713926287261e+04 
       5.733608249478e-03       1.738914394808e+04 
       5.858896496621e-03       1.763461752252e+04 
       5.984347150538e-03       1.787573403374e+04 
       6.109951253479e-03       1.811256988521e+04 
       6.235700524902e-03       1.834507147917e+04 
       6.361587302113e-03       1.857342164424e+04 
       6.487604486862e-03       1.879751604184e+04 
       6.613745497244e-03       1.901740230282e+04 
       6.740004224315e-03       1.923318777985e+04 
       6.866374992918e-03       1.944488616450e+04 
       6.992852526270e-03       1.965252081484e+04 
       7.119431913900e-03       1.985607016598e+04 
       7.246108582595e-03       2.005598288357e+04 
       7.372878270037e-03       2.025159644938e+04 
       7.499737000855e-03       2.044328024266e+04 
       7.626681064836e-03       2.063106831965e+04 
       7.753706997096e-03       2.081501007683e+04 
       7.880811559997e-03       2.099517736299e+04 
       8.007991726648e-03       2.117156311435e+04 
       8.135244665829e-03       2.134421795435e+04 
       8.262567728210e-03       2.151317844449e+04 
       8.389958433725e-03       2.167848846139e+04 
       8.517414460013e-03       2.184015143233e+04 
       8.644933631805e-03       2.199827285281e+04 
       8.772513911186e-03       2.215283521771e+04 
       8.900153388641e-03       2.230396147484e+04 
       9.027850274826e-03       2.245155062631e+04 
       9.155602892979e-03       2.259573674801e+04 
       9.283409671943e-03       2.273654651966e+04 
       9.411269139718e-03       2.287396739599e+04 
       9.539179917519e-03       2.300813847108e+04 
       9.667140714284e-03       2.313897547268e+04 
       9.795150321598e-03       2.326663096188e+04 
       9.923207609001e-03       2.339101568463e+04 
       1.005131151964e-02       2.351227152709e+04 
       1.017946106624e-02       2.363039021135e+04 
       1.030765532740e-02       2.374544534012e+04 
       1.043589344408e-02       2.385745992513e+04 
       1.056417461648e-02       2.396634333614e+04 
       1.069249810097e-02       2.407236091555e+04 
       1.082086320739e-02       2.417528451624e+04 
       1.094926929646e-02       2.427536741131e+04 
       1.107771577738e-02       2.437253790725e+04 
       1.120620210565e-02       2.446687776895e+04 
       1.133472778097e-02       2.455843517358e+04 
       1.146329234533e-02       2.464714663700e+04 
       1.159189538126e-02       2.473312424550e+04 
       1.172053651011e-02       2.481626484241e+04 
       1.184921539057e-02       2.489686213035e+04 
       1.197793171719e-02       2.497470501615e+04 
       1.210668521906e-02       2.504991208802e+04 
       1.223547565858e-02       2.512254197381e+04 
       1.236430283028e-02       2.519267907707e+04 
       1.249316655979e-02       2.526021698483e+04 
       1.262206670278e-02       2.532523431773e+04 
       1.275100314411e-02       2.538774667327e+04 
       1.287997579692e-02       2.544780110814e+04 
       1.300898460186e-02       2.550553699365e+04 
       1.313802952634e-02       2.556074029640e+04 
       1.326711056386e-02       2.561368163417e+04 
       1.339622773341e-02       2.566422778873e+04 
       1.352538107884e-02       2.571252440080e+04 
       1.365457066837e-02       2.575851704100e+04 
       1.378379659409e-02       2.580224728853e+04 
       1.391305897152e-02       2.584376780886e+04 
       1.404235793918e-02       2.588309568739e+04 
       1.417169365829e-02       2.592023613009e+04 
       1.430106631234e-02       2.595527174558e+04 
       1.443047610690e-02       2.598817075894e+04 
       1.455992326925e-02       2.601898051585e+04 
       1.468940804822e-02       2.604781997023e+04 
       1.481893071397e-02       2.607446321719e+04 
       1.494849155779e-02       2.609916242866e+04 
       1.507809089195e-02       2.612189058611e+04 
       1.520772904961e-02       2.614266356884e+04 
       1.533740638469e-02       2.616149566798e+04 
       1.546712327180e-02       2.617847338034e+04 
       1.559688010620e-02       2.619345265620e+04 
       1.572667730375e-02       2.620667476913e+04 
       1.585651530092e-02       2.621798184212e+04 
       1.598639455481e-02       2.622752837314e+04 
       1.611631554314e-02       2.623535567005e+04 
       1.624627876436e-02       2.624128506410e+04 
       1.637628473768e-02       2.624548775089e+04 
       1.650633400317e-02       2.624810378264e+04 
       1.663642712190e-02       2.624887642623e+04 
       1.676656467603e-02       2.624809234145e+04 
       1.689674726897e-02       2.624563596951e+04 
       1.702697552554e-02       2.624154159748e+04 
       1.715725009218e-02       2.623586205425e+04 
       1.728757163709e-02       2.622856309651e+04 
       1.741794085051e-02       2.621970719737e+04 
       1.754835844491e-02       2.620934918699e+04 
       1.767882515524e-02       2.619749477654e+04 
       1.780934173922e-02       2.618409176809e+04 
       1.793990897761e-02       2.616856037584e+04 
       1.807052767450e-02       2.615234644206e+04 
       1.820119865763e-02       2.613464397651e+04 
       1.833192277874e-02       2.611624745050e+04 
       1.846270091389e-02       2.609564528077e+04 
       1.859353396385e-02       2.607383033850e+04 
       1.872442285445e-02       2.605063139398e+04 
       1.885536853704e-02       2.602532260736e+04 
       1.898637198883e-02       2.600041223609e+04 
       1.911743421338e-02       2.597322765496e+04 
       1.924855624104e-02       2.594497124290e+04 
       1.937973912942e-02       2.591527923136e+04 
       1.951098396384e-02       2.588447463767e+04 
       1.964229185789e-02       2.585168785270e+04 
       1.977366395395e-02       2.581846750947e+04 
       1.990510142367e-02       2.578490199135e+04 
       2.003660546862e-02       2.574938004226e+04 
       2.016817732080e-02       2.571278732891e+04 
       2.029981824331e-02       2.567436181842e+04 
       2.043152953091e-02       2.563557608062e+04 
       2.056331251069e-02       2.559563353368e+04 
       2.069516854275e-02       2.555471337603e+04 
       2.082709902086e-02       2.551350984139e+04 
       2.095910537321e-02       2.547054747746e+04 
       2.109118906307e-02       2.542649968410e+04 
       2.122335158965e-02       2.538079408914e+04 
       2.135559448878e-02       2.533561791781e+04 
       2.148791933377e-02       2.528877076872e+04 
       2.162032773625e-02       2.524031911257e+04 
       2.175282134698e-02       2.519225762757e+04 
       2.188540185679e-02       2.514269076882e+04 
       2.201807099744e-02       2.509153894831e+04 
       2.215083054259e-02       2.504030895327e+04 
       2.228368230877e-02       2.498881809899e+04 
       2.241662815639e-02       2.493581198959e+04 
       2.254966999073e-02       2.488131164569e+04 
       2.268280976305e-02       2.482742192156e+04 
       2.281604947165e-02       2.477110378124e+04 
       2.294939116305e-02       2.471506977748e+04 
       2.308283693310e-02       2.465810499491e+04 
       2.321638892822e-02       2.460152734263e+04 
       2.335004934663e-02       2.454313784710e+04 
       2.348382043965e-02       2.448334935500e+04 
       2.361770451298e-02       2.442395665713e+04 
       2.375170392810e-02       2.436412007210e+04 
       2.388582110366e-02       2.430316246509e+04 
       2.402005851694e-02       2.424159593299e+04 
       2.415441870532e-02       2.417840236791e+04 
       2.428890426787e-02       2.411639458342e+04 
       2.442351786693e-02       2.405231696212e+04 
       2.455826222971e-02       2.398883236883e+04 
       2.469314015006e-02       2.392346700037e+04 
       2.482815449019e-02       2.385915595878e+04 
       2.496330818247e-02       2.379272034234e+04 
       2.509860423135e-02       2.372672755258e+04 
       2.523404571524e-02       2.366033904882e+04 
       2.536963578854e-02       2.359252411383e+04 
       2.550537768371e-02       2.352489062874e+04 
       2.564127471338e-02       2.345662469039e+04 
       2.577733027259e-02       2.338851360392e+04 
       2.591354784105e-02       2.331929817924e+04 
       2.604993098549e-02       2.324918010347e+04 
       2.618648336215e-02       2.317949215046e+04 
       2.632320871924e-02       2.310916493893e+04 
       2.646011089962e-02       2.303851778649e+04 
       2.659719384346e-02       2.296673173639e+04 
       2.673446159105e-02       2.289502025910e+04 
       2.687191828572e-02       2.282339058287e+04 
       2.700956817683e-02       2.275091303051e+04 
       2.714741562286e-02       2.267841826784e+04 
       2.728546509468e-02       2.260538204525e+04 
       2.742372117887e-02       2.253261955460e+04 
       2.756218858117e-02       2.245849157903e+04 
       2.770087213010e-02       2.238459880862e+04 
       2.783977678067e-02       2.231043640273e+04 
       2.797890761823e-02       2.223589120131e+04 
       2.811826986252e-02       2.216116402818e+04 
       2.825786887183e-02       2.208642650861e+04 
       2.839771014728e-02       2.201099744206e+04 
       2.853779933735e-02       2.193551823931e+04 
       2.867814224254e-02       2.185972312497e+04 
       2.881874482022e-02       2.178425527683e+04 
       2.895961318965e-02       2.170779007176e+04 
       2.910075363724e-02       2.163133320780e+04 
       2.924217262200e-02       2.155475730096e+04 
       2.938387678120e-02       2.147844973674e+04 
       2.952587293629e-02       2.140098777363e+04 
       2.966816809902e-02       2.132398899009e+04 
       2.981076947787e-02       2.124706821742e+04 
       2.995368448467e-02       2.116930317960e+04 
       3.009692074162e-02       2.109167076346e+04 
       3.024048608845e-02       2.101404393025e+04 
       3.038438859004e-02       2.093654871698e+04 
       3.052863654428e-02       2.085832540745e+04 
       3.067323849026e-02       2.078055033712e+04 
       3.081820321691e-02       2.070239361197e+04 
       3.096353977192e-02       2.062425959136e+04 
       3.110925747116e-02       2.054575030583e+04 
       3.125536590839e-02       2.046741284135e+04 
       3.140187496559e-02       2.038885909831e+04 
       3.154879482360e-02       2.030986580289e+04 
       3.169613597335e-02       2.023145963749e+04 
       3.184390922760e-02       2.015270650350e+04 
       3.199212573321e-02       2.007395029175e+04 
       3.214079698402e-02       1.999475375273e+04 
       3.228993483433e-02       1.991622043225e+04 
       3.243955151308e-02       1.983704224033e+04 
       3.258965963864e-02       1.975794200863e+04 
       3.274027223447e-02       1.967899165734e+04 
       3.289140274541e-02       1.959992343758e+04 
       3.304306505491e-02       1.952092431213e+04 
       3.319527350312e-02       1.944181763051e+04 
       3.334804290583e-02       1.936274380383e+04 
       3.350138857454e-02       1.928360488881e+04 
       3.365532633746e-02       1.920451700374e+04 
       3.380987256173e-02       1.912548561196e+04 
       3.396504417675e-02       1.904657800993e+04 
       3.412085869886e-02       1.896727139825e+04 
       3.427733425729e-02       1.888836274419e+04 
       3.443448962168e-02       1.880911085468e+04 
       3.459234423100e-02       1.873025978249e+04 
       3.475091822422e-02       1.865121879309e+04 
       3.491023247273e-02       1.857216224115e+04 
       3.507030861461e-02       1.849317709901e+04 
       3.523116909094e-02       1.841406523726e+04 
       3.539283718426e-02       1.833516112333e+04 
       3.555533705938e-02       1.825616259499e+04 
       3.571869380666e-02       1.817732945198e+04 
       3.588293348792e-02       1.809848467640e+04 
       3.604808318529e-02       1.801978559943e+04 
       3.621417105308e-02       1.794095541900e+04 
       3.638122637303e-02       1.786227142423e+04 
       3.654927961310e-02       1.778345388953e+04 
       3.671836249014e-02       1.770481469422e+04 
       3.688850803668e-02       1.762619184538e+04 
       3.705975067231e-02       1.754763564483e+04 
       3.723212627984e-02       1.746899886925e+04 
       3.740567228677e-02       1.739058147152e+04 
       3.758042775247e-02       1.731212407482e+04 
       3.775643346152e-02       1.723360436777e+04 
       3.793373202381e-02       1.715511209674e+04 
       3.811236798194e-02       1.707678912983e+04 
       3.829238792657e-02       1.699835973901e+04 
       3.847384062040e-02       1.692004218020e+04 
       3.865677713171e-02       1.684173721537e+04 
       3.884125097806e-02       1.676353168774e+04 
       3.902731828145e-02       1.668506905770e+04 
       3.921503793570e-02       1.660696606222e+04 
       3.940447178748e-02       1.652886929538e+04 
       3.959568483217e-02       1.645053766289e+04 
       3.978874542605e-02       1.637218175618e+04 
       3.998372551656e-02       1.629423799211e+04 
       4.018070089235e-02       1.621595137230e+04 
       4.037975145527e-02       1.613778791720e+04 
       4.058096151661e-02       1.605949557603e+04 
       4.078442012015e-02       1.598119412388e+04 
       4.099022139507e-02       1.590284744383e+04 
       4.119846494188e-02       1.582450555100e+04 
       4.140925625529e-02       1.574614506557e+04 
       4.162270718818e-02       1.566784042066e+04 
       4.183893646148e-02       1.558941710117e+04 
       4.205807022552e-02       1.551076392181e+04 
       4.228024267917e-02       1.543218728022e+04 
       4.250559675375e-02       1.535349054532e+04 
       4.273428487017e-02       1.527463600330e+04 
       4.296646977853e-02       1.519564803859e+04 
       4.320232549121e-02       1.511668538318e+04 
       4.344203832190e-02       1.503746798117e+04 
       4.368580804520e-02       1.495811626296e+04 
       4.393384919358e-02       1.487851338275e+04 
       4.418639251143e-02       1.479877343891e+04 
       4.444368658912e-02       1.471878260476e+04 
       4.470599970398e-02       1.463893171128e+04 
       4.497362189985e-02       1.455841826527e+04 
       4.524686734241e-02       1.447780397090e+04 
       4.552607699443e-02       1.439678959427e+04 
       4.581162166343e-02       1.431559261683e+04 
       4.610390548392e-02       1.423384162531e+04 
       4.640336990918e-02       1.415170991916e+04 
       4.671049830201e-02       1.406925798335e+04 
       4.702582123265e-02       1.398656303825e+04 
       4.734992261472e-02       1.390300982241e+04 
       4.768344683816e-02       1.381896244756e+04 
       4.802710709346e-02       1.373471926688e+04 
       4.838169512498e-02       1.364948206528e+04 
       4.874809270680e-02       1.356367217755e+04 
       4.912728520320e-02       1.347655734849e+04 
       4.952037766436e-02       1.338891769462e+04 
       4.992861401854e-02       1.330038035195e+04 
       5.035340006391e-02       1.321097686214e+04 
       5.079633114364e-02       1.312078597710e+04 
       5.125922561757e-02       1.302874314055e+04 
       5.174416553675e-02       1.293506463225e+04 
       5.225354629819e-02       1.284025515481e+04 
       5.279013752293e-02       1.274330468761e+04 
       5.335715797671e-02       1.264458009214e+04 
       5.395836804380e-02       1.254361425405e+04 
       5.459818405175e-02       1.243924743815e+04 
       5.528181954933e-02       1.233243731785e+04 
       5.601545925721e-02       1.222126674021e+04 
       5.680647138126e-02       1.210672554665e+04 
       5.766366234179e-02       1.198551850691e+04 
       5.859757283211e-02       1.185847992208e+04 
       5.962080192618e-02       1.172347485037e+04 
       6.074832051554e-02       1.157831437245e+04 
       6.199768707307e-02       1.142036455981e+04 
       6.338899615716e-02       1.124539301335e+04 
       6.494426952690e-02       1.104881587828e+04 
       6.668587455332e-02       1.082488500145e+04 
       6.863355163585e-02       1.056598386832e+04 
       7.080001286413e-02       1.026412871552e+04 
       7.318607868967e-02       9.914108470202e+03 
       7.577760556326e-02       9.512642734569e+03 
       7.854663815665e-02       9.064604759955e+03 
       8.145708047857e-02       8.580119361125e+03 
       8.447214005559e-02       8.077128885093e+03 
       8.756001697349e-02       7.574368713641e+03 
       9.069629679684e-02       7.091903492116e+03 
       9.386372545732e-02       6.645142773746e+03 
       9.705077094302e-02       6.245388180840e+03 
       1.002500008081e-01       5.898829652404e+03 
       1.034567341358e-01       5.606712564253e+03 
       1.066680650439e-01       5.366367835556e+03 
       1.098822054632e-01       5.170732089639e+03 
       1.130980610118e-01       5.011793661782e+03 
       1.163149639801e-01       4.879274572609e+03 
       1.195325076876e-01       4.763142889666e+03 
       1.227504446318e-01       4.653116167104e+03 
       1.259686241956e-01       4.540991179462e+03 
       1.291869546689e-01       4.420093556611e+03 
       1.324053801399e-01       4.287076736497e+03 
       1.356238664494e-01       4.140235552859e+03 
       1.388423926591e-01       3.980825804615e+03 
       1.420609458707e-01       3.812672392684e+03 
       1.452795180802e-01       3.639658073960e+03 
       1.484981042675e-01       3.467726683905e+03 
       1.517167012363e-01       3.301623273388e+03 
       1.549353069086e-01       3.145935251742e+03 
       1.581539198955e-01       3.004195697701e+03 
       1.613725392363e-01       2.878460472533e+03 
       1.645911642388e-01       2.769436050647e+03 
       1.678097943821e-01       2.676813794615e+03 
       1.710284292562e-01       2.598969386092e+03 
       1.742470685255e-01       2.533570240401e+03 
       1.774657119053e-01       2.477593286022e+03 
       1.806843591477e-01       2.427983144757e+03 
       1.839030100321e-01       2.381901515809e+03 
       1.871216643593e-01       2.336650281657e+03 
       1.903403219472e-01       2.289468071527e+03 
       1.935589826282e-01       2.238468447264e+03 
       1.967776462470e-01       2.182841534043e+03 
       1.999963126595e-01       2.122532227523e+03 
       2.032149817310e-01       2.058237250323e+03 
       2.064336533357e-01       1.991307742609e+03 
       2.096523273557e-01       1.923392668521e+03 
       2.128710036804e-01       1.856224558959e+03 
       2.160896822061e-01       1.791394810757e+03 
       2.193083628349e-01       1.730082415492e+03 
       2.225270454751e-01       1.673343254437e+03 
       2.257457300398e-01       1.621664376420e+03 
       2.289644164474e-01       1.575366158247e+03 
       2.321831046207e-01       1.534408874658e+03 
       2.354017944867e-01       1.498170774391e+03 
       2.386204859765e-01       1.466176969238e+03 
       2.418391790249e-01       1.437523919802e+03 
       2.450578735700e-01       1.411015537960e+03 
       2.482765695532e-01       1.385855447087e+03 
       2.514952669189e-01       1.360997846233e+03 
       2.547139656145e-01       1.335745785762e+03 
       2.579326655898e-01       1.309580286332e+03 
       2.611513667973e-01       1.282215173487e+03 
       2.643700691916e-01       1.253700180276e+03 
       2.675887727296e-01       1.224106465543e+03 
       2.708074773704e-01       1.193828140770e+03 
       2.740261830749e-01       1.163150762250e+03 
       2.772448898057e-01       1.132650347790e+03 
       2.804635975274e-01       1.102829015615e+03 
       2.836823062061e-01       1.074195908992e+03 
       2.869010158093e-01       1.047106324795e+03 
       2.901197263061e-01       1.021820602564e+03 
       2.933384376669e-01       9.984755284889e+02 
       2.965571498635e-01       9.770581490660e+02 
       2.997758628688e-01       9.573002391633e+02 
       3.029945766568e-01       9.390747274206e+02 
       3.062132912029e-01       9.220770679194e+02 
       3.094320064831e-01       9.060261951536e+02 
       3.126507224747e-01       8.905890696973e+02 
       3.158694391558e-01       8.754638234630e+02 
       3.190881565055e-01       8.605197015420e+02 
       3.223068745037e-01       8.454100719769e+02 
       3.255255931310e-01       8.301583034294e+02 
       3.287443123688e-01       8.145668445686e+02 
       3.319630321993e-01       7.987868877142e+02 
       3.351817526053e-01       7.829138167762e+02 
       3.384004735704e-01       7.670060792182e+02 
       3.416191950787e-01       7.512269609966e+02 
       3.448379171148e-01       7.358157204007e+02 
       3.480566396641e-01       7.207784847043e+02 
       3.512753627124e-01       7.063091912153e+02 
       3.544940862461e-01       6.924442101495e+02 
       3.577128102519e-01       6.792911670127e+02 
       3.609315347172e-01       6.668030535611e+02 
       3.641502596298e-01       6.549649864437e+02 
       3.673689849779e-01       6.437955910372e+02 
       3.705877107500e-01       6.331450944154e+02 
       3.738064369352e-01       6.229454544245e+02 
       3.770251635227e-01       6.130300654113e+02 
       3.802438905025e-01       6.033708314696e+02 
       3.834626178645e-01       5.938353067347e+02 
       3.866813455992e-01       5.843990392228e+02 
       3.899000736973e-01       5.749903829126e+02 
       3.931188021498e-01       5.656702593465e+02 
       3.963375309481e-01       5.563604442734e+02 
       3.995562600838e-01       5.470931862218e+02 
       4.027749895487e-01       5.378691076762e+02 
       4.059937193350e-01       5.287940030710e+02 
       4.092124494351e-01       5.198204287544e+02 
       4.124311798417e-01       5.110727595209e+02 
       4.156499105474e-01       5.025197128320e+02 
       4.188686415455e-01       4.942389891131e+02 
       4.220873728293e-01       4.862309785264e+02 
       4.253061043921e-01       4.784812588469e+02 
       4.285248362277e-01       4.710014228511e+02 
       4.317435683301e-01       4.637715513814e+02 
       4.349623006931e-01       4.567760512510e+02 
       4.381810333111e-01       4.499936385135e+02 
       4.413997661785e-01       4.434191434142e+02 
       4.446184992899e-01       4.369832575713e+02 
       4.478372326398e-01       4.307138662603e+02 
       4.510559662233e-01       4.245258216258e+02 
       4.542747000354e-01       4.184479184461e+02 
       4.574934340712e-01       4.124343325126e+02 
       4.607121683259e-01       4.064944433298e+02 
       4.639309027951e-01       4.006011303451e+02 
       4.671496374743e-01       3.947897056429e+02 
       4.703683723591e-01       3.890679115993e+02 
       4.735871074454e-01       3.834181779378e+02 
       4.768058427290e-01       3.778603706290e+02 
       4.800245782060e-01       3.723848490092e+02 
       4.832433138725e-01       3.670356977251e+02 
       4.864620497247e-01       3.618118956247e+02 
       4.896807857590e-01       3.567221604818e+02 
       4.928995219717e-01       3.517423716915e+02 
       4.961182583594e-01       3.469148283579e+02 
       4.993369949187e-01       3.422144877742e+02 
       5.025557316462e-01       3.376324465952e+02 
       5.057744685389e-01       3.331496548183e+02 
       5.089932055934e-01       3.287684904722e+02 
       5.122119428068e-01       3.244633367291e+02 
       5.154306801761e-01       3.202457086313e+02 
       5.186494176983e-01       3.160896069693e+02 
       5.218681553707e-01       3.119983256997e+02 
       5.250868931904e-01       3.079539132086e+02 
       5.283056311547e-01       3.039747213941e+02 
       5.315243692611e-01       3.000462390111e+02 
       5.347431075069e-01       2.961816390966e+02 
       5.379618458896e-01       2.923626560564e+02 
       5.411805844068e-01       2.886060419821e+02 
       5.443993230561e-01       2.849171059992e+02 
       5.476180618351e-01       2.812895276474e+02 
       5.508368007417e-01       2.777394861727e+02 
       5.540555397734e-01       2.742543887952e+02 
       5.572742789282e-01       2.708414391099e+02 
       5.604930182040e-01       2.674901243304e+02 
       5.637117575986e-01       2.642043398348e+02 
       5.669304971101e-01       2.609828663220e+02 
       5.701492367364e-01       2.578254964347e+02 
       5.733679764756e-01       2.547257268849e+02 
       5.765867163259e-01       2.516872079256e+02 
       5.798054562852e-01       2.486971387779e+02 
       5.830241963520e-01       2.457607479205e+02 
       5.862429365243e-01       2.428592861078e+02 
       5.894616768004e-01       2.400025703471e+02 
       5.926804171787e-01       2.371897457426e+02 
       5.958991576575e-01       2.344207359502e+02 
       5.991178982351e-01       2.316947233580e+02 
       6.023366389100e-01       2.290096146471e+02 
       6.055553796806e-01       2.263632677289e+02 
       6.087741205454e-01       2.237546673505e+02 
       6.119928615029e-01       2.211777029258e+02 
       6.152116025516e-01       2.186470968223e+02 
       6.184303436902e-01       2.161605405139e+02 
       6.216490849172e-01       2.137158753047e+02 
       6.248678262312e-01       2.113145337206e+02 
       6.280865676309e-01       2.089540081266e+02 
