# Matter power spectrum P(k) at redshift z=0
# for k=1.03636e-05 to 8.38623 h/Mpc,
# number of wavenumbers equal to 612
#    1:k (h/Mpc)              2:P (Mpc/h)^3        
       1.036357219800e-05       5.022005025211e+01 
       2.313727363273e-05       1.089317259795e+02 
       3.595515457735e-05       1.666183739457e+02 
       4.885112941779e-05       2.238960397286e+02 
       6.185966427753e-05       2.811146759414e+02 
       7.501607926511e-05       3.385361459440e+02 
       8.835686023323e-05       3.963840887584e+02 
       1.019199841322e-04       4.548642592035e+02 
       1.157452620725e-04       5.141750157704e+02 
       1.298747042446e-04       5.745135494091e+02 
       1.443529108510e-04       6.360803209566e+02 
       1.592274931593e-04       6.990823625056e+02 
       1.745495286245e-04       7.637361687969e+02 
       1.903740537025e-04       8.302702858634e+02 
       2.067605973878e-04       8.989278669722e+02 
       2.237737575396e-04       9.699690462723e+02 
       2.414838205693e-04       1.043673451125e+03 
       2.599674228324e-04       1.120342696726e+03 
       2.793082488777e-04       1.200302803302e+03 
       2.995977572313e-04       1.283906777905e+03 
       3.209359183158e-04       1.371536851645e+03 
       3.434319410221e-04       1.463606715515e+03 
       3.672049540403e-04       1.560563252069e+03 
       3.923845950228e-04       1.662887816325e+03 
       4.191114449928e-04       1.771096539870e+03 
       4.475372274983e-04       1.885739645838e+03 
       4.778246729509e-04       2.007399069667e+03 
       5.101469305022e-04       2.136684136783e+03 
       5.446863962064e-04       2.274224614442e+03 
       5.816328221878e-04       2.420660955983e+03 
       6.211805836694e-04       2.576631091657e+03 
       6.635250163752e-04       2.742753598962e+03 
       7.088578024769e-04       2.919607501315e+03 
       7.573614818516e-04       3.107709191365e+03 
       8.092032929326e-04       3.307487256672e+03 
       8.645286898396e-04       3.519257282479e+03 
       9.234550146770e-04       3.743198207127e+03 
       9.860658928022e-04       3.979333063537e+03 
       1.052406931468e-03       4.227516115717e+03 
       1.122483217247e-03       4.487428004236e+03 
       1.196258926525e-03       4.758580691001e+03 
       1.273659114957e-03       5.040331111237e+03 
       1.354573486344e-03       5.331890568448e+03 
       1.438861715625e-03       5.632360964083e+03 
       1.526359758985e-03       5.940811351483e+03 
       1.616886545780e-03       6.256240710082e+03 
       1.710250503430e-03       6.577632785039e+03 
       1.806255488498e-03       6.903981101366e+03 
       1.904705848128e-03       7.234309934807e+03 
       2.005410482987e-03       7.567690239079e+03 
       2.108185903873e-03       7.903250472131e+03 
       2.212858359548e-03       8.240184424277e+03 
       2.319265163242e-03       8.577754396179e+03 
       2.427255365744e-03       8.915291807126e+03 
       2.536689922351e-03       9.252195636483e+03 
       2.647441487387e-03       9.587928963958e+03 
       2.759393949924e-03       9.922016835363e+03 
       2.872441802557e-03       1.025403903479e+04 
       2.986489414260e-03       1.058362778915e+04 
       3.101450260175e-03       1.091046126268e+04 
       3.217246146077e-03       1.123426025967e+04 
       3.333806453276e-03       1.155478284758e+04 
       3.451067420584e-03       1.187181985774e+04 
       3.568971473110e-03       1.218519209030e+04 
       3.687466602820e-03       1.249474901461e+04 
       3.806505802303e-03       1.280036089952e+04 
       3.926046550960e-03       1.310192140770e+04 
       4.046050351324e-03       1.339933948179e+04 
       4.166482312351e-03       1.369254439662e+04 
       4.287310776102e-03       1.398147660526e+04 
       4.408506984028e-03       1.426609021038e+04 
       4.530044779148e-03       1.454634938248e+04 
       4.651900340515e-03       1.482223225873e+04 
       4.774051946613e-03       1.509371653523e+04 
       4.896479764592e-03       1.536079826820e+04 
       5.019165662484e-03       1.562348436767e+04 
       5.142093041857e-03       1.588176895628e+04 
       5.265246688611e-03       1.608056468059e+04 
       5.388612639847e-03       1.632797747514e+04 
       5.512178064988e-03       1.657100666587e+04 
       5.635931159544e-03       1.680967399179e+04 
       5.759861050056e-03       1.704400629543e+04 
       5.883957708986e-03       1.727402311511e+04 
       6.008211878396e-03       1.749976478833e+04 
       6.132615001460e-03       1.772125625959e+04 
       6.257159160904e-03       1.793852537682e+04 
       6.381837023638e-03       1.815161827865e+04 
       6.506641790870e-03       1.836056083466e+04 
       6.631567153122e-03       1.856538984538e+04 
       6.756607249609e-03       1.876615099176e+04 
       6.881756631515e-03       1.896287986324e+04 
       7.007010228759e-03       1.915560569590e+04 
       7.132363319867e-03       1.934438547937e+04 
       7.257811504649e-03       1.952924693150e+04 
       7.383350679369e-03       1.971023041282e+04 
       7.508977014172e-03       1.988738291344e+04 
       7.634686932531e-03       2.006074555177e+04 
       7.760477092509e-03       2.023035917515e+04 
       7.886344369671e-03       2.039625604946e+04 
       8.012285841467e-03       2.055848795465e+04 
       8.138298772954e-03       2.071709042533e+04 
       8.264380603726e-03       2.087209321845e+04 
       8.390528935943e-03       2.102356653581e+04 
       8.516741523347e-03       2.117153158382e+04 
       8.643016261178e-03       2.131603120542e+04 
       8.769351176909e-03       2.145710459709e+04 
       8.895744421728e-03       2.159479084104e+04 
       9.022194262691e-03       2.172913638360e+04 
       9.148699075495e-03       2.186017302309e+04 
       9.275257337816e-03       2.198794330686e+04 
       9.401867623159e-03       2.211248683162e+04 
       9.528528595177e-03       2.223383451470e+04 
       9.655239002424e-03       2.235203924353e+04 
       9.781997673500e-03       2.246711830444e+04 
       9.908803512557e-03       2.257911878458e+04 
       1.003565549514e-02       2.268807700827e+04 
       1.016255266434e-02       2.279403586458e+04 
       1.028949412719e-02       2.289700763015e+04 
       1.041647905140e-02       2.299706194605e+04 
       1.054350666222e-02       2.309421130060e+04 
       1.067057623963e-02       2.318849560881e+04 
       1.079768711565e-02       2.327994964729e+04 
       1.092483867192e-02       2.336860982983e+04 
       1.105203033735e-02       2.345450692451e+04 
       1.117926158602e-02       2.353769685916e+04 
       1.130653193520e-02       2.361817498543e+04 
       1.143384094347e-02       2.369600759372e+04 
       1.156118820907e-02       2.377120447113e+04 
       1.168857336824e-02       2.384381643826e+04 
       1.181599609375e-02       2.391386873379e+04 
       1.194345609353e-02       2.398139636744e+04 
       1.207095310939e-02       2.404642387538e+04 
       1.219848691581e-02       2.410898965260e+04 
       1.232605731883e-02       2.416912783980e+04 
       1.245366415501e-02       2.422686142876e+04 
       1.258130729051e-02       2.428223117385e+04 
       1.270898662014e-02       2.433525561759e+04 
       1.283670206659e-02       2.438596966019e+04 
       1.296445357963e-02       2.443441708375e+04 
       1.309224113543e-02       2.448060558133e+04 
       1.322006473589e-02       2.452457543337e+04 
       1.334792440803e-02       2.456636361730e+04 
       1.347582020347e-02       2.460598566343e+04 
       1.360375219788e-02       2.464347892244e+04 
       1.373172049055e-02       2.467884702360e+04 
       1.385972520393e-02       2.471216180424e+04 
       1.398776648327e-02       2.474340530212e+04 
       1.411584449626e-02       2.477261789015e+04 
       1.424395943272e-02       2.479983835845e+04 
       1.437211150430e-02       2.482509542049e+04 
       1.450030094423e-02       2.484840710895e+04 
       1.462852800713e-02       2.486978627858e+04 
       1.475679296879e-02       2.488927944106e+04 
       1.488509612598e-02       2.490690236166e+04 
       1.501343779637e-02       2.492266568243e+04 
       1.514181831838e-02       2.493660620496e+04 
       1.527023805109e-02       2.494877516791e+04 
       1.539869737418e-02       2.495915256231e+04 
       1.552719668790e-02       2.496779392463e+04 
       1.565573641302e-02       2.497471014739e+04 
       1.578431699085e-02       2.497991776166e+04 
       1.591293888327e-02       2.498346804457e+04 
       1.604160257274e-02       2.498534919922e+04 
       1.617030856239e-02       2.498560882423e+04 
       1.629905737608e-02       2.498425639771e+04 
       1.642784955853e-02       2.498132886223e+04 
       1.655668567537e-02       2.497683140035e+04 
       1.668556631336e-02       2.497080085219e+04 
       1.681449208047e-02       2.496324706819e+04 
       1.694346360610e-02       2.495420663925e+04 
       1.707248154123e-02       2.494368041906e+04 
       1.720154655866e-02       2.493170102814e+04 
       1.733065935319e-02       2.491830296164e+04 
       1.745982064190e-02       2.490349800053e+04 
       1.758903116436e-02       2.488729939945e+04 
       1.771829168295e-02       2.486973140501e+04 
       1.784760298311e-02       2.485080665712e+04 
       1.797696587364e-02       2.483057177884e+04 
       1.810638118707e-02       2.480902782492e+04 
       1.823584977994e-02       2.478619268216e+04 
       1.836537253318e-02       2.476209764098e+04 
       1.849495035249e-02       2.473675665113e+04 
       1.862458416870e-02       2.471018432835e+04 
       1.875427493821e-02       2.468241294113e+04 
       1.888402364338e-02       2.465345946276e+04 
       1.901383129299e-02       2.462333241603e+04 
       1.914369892266e-02       2.459207075775e+04 
       1.927362759541e-02       2.455965299648e+04 
       1.940361840204e-02       2.452615384354e+04 
       1.953367246173e-02       2.449154113519e+04 
       1.966379092253e-02       2.445586392878e+04 
       1.979397496192e-02       2.441914424509e+04 
       1.992422578737e-02       2.438138318743e+04 
       2.005454463693e-02       2.434257856748e+04 
       2.018493277985e-02       2.430283033227e+04 
       2.031539151720e-02       2.426204578549e+04 
       2.044592218253e-02       2.422034557393e+04 
       2.057652614251e-02       2.417771216074e+04 
       2.070720479766e-02       2.413408696220e+04 
       2.083795958306e-02       2.408962024427e+04 
       2.096879196907e-02       2.404416797392e+04 
       2.109970346212e-02       2.399792815871e+04 
       2.123069560548e-02       2.395077801182e+04 
       2.136176998006e-02       2.390276769612e+04 
       2.149292820529e-02       2.385399315929e+04 
       2.162417193994e-02       2.380436119317e+04 
       2.175550288306e-02       2.375396327887e+04 
       2.188692277484e-02       2.370279541508e+04 
       2.201843339762e-02       2.365085134583e+04 
       2.215003657684e-02       2.359813479950e+04 
       2.228173418203e-02       2.354470078647e+04 
       2.241352812789e-02       2.349056184944e+04 
       2.254542037535e-02       2.343572579215e+04 
       2.267741293268e-02       2.338015194403e+04 
       2.280950785659e-02       2.332396166518e+04 
       2.294170725349e-02       2.326709076270e+04 
       2.307401328064e-02       2.320960399156e+04 
       2.320642814743e-02       2.315144422905e+04 
       2.333895411665e-02       2.309268486038e+04 
       2.347159350587e-02       2.303332117808e+04 
       2.360434868875e-02       2.297340102783e+04 
       2.373722209654e-02       2.291288257933e+04 
       2.387021621947e-02       2.285179287445e+04 
       2.400333360831e-02       2.279019416262e+04 
       2.413657687591e-02       2.272803819693e+04 
       2.426994869883e-02       2.266532205612e+04 
       2.440345181898e-02       2.260220963830e+04 
       2.453708904535e-02       2.253848782636e+04 
       2.467086325579e-02       2.247434170887e+04 
       2.480477739884e-02       2.240974490035e+04 
       2.493883449561e-02       2.234463192463e+04 
       2.507303764176e-02       2.227903953263e+04 
       2.520739000950e-02       2.221318773415e+04 
       2.534189484968e-02       2.214675638067e+04 
       2.547655549398e-02       2.207993905343e+04 
       2.561137535710e-02       2.201284220841e+04 
       2.574635793910e-02       2.194523931938e+04 
       2.588150682775e-02       2.187729733811e+04 
       2.601682570108e-02       2.180899630903e+04 
       2.615231832984e-02       2.174036888687e+04 
       2.628798858022e-02       2.167137617378e+04 
       2.642384041653e-02       2.160204113987e+04 
       2.655987790411e-02       2.153243943812e+04 
       2.669610521218e-02       2.146252095759e+04 
       2.683252661695e-02       2.139225008016e+04 
       2.696914650474e-02       2.132173399169e+04 
       2.710596937527e-02       2.125091733594e+04 
       2.724299984502e-02       2.117985623134e+04 
       2.738024265076e-02       2.110858731394e+04 
       2.751770265317e-02       2.103706243564e+04 
       2.765538484064e-02       2.096523248355e+04 
       2.779329433320e-02       2.089319472756e+04 
       2.793143638654e-02       2.082093703656e+04 
       2.806981639630e-02       2.074854684054e+04 
       2.820843990240e-02       2.067586811566e+04 
       2.834731259361e-02       2.060297524556e+04 
       2.848644031231e-02       2.053002539804e+04 
       2.862582905940e-02       2.045677782213e+04 
       2.876548499940e-02       2.038344655972e+04 
       2.890541446578e-02       2.030989741066e+04 
       2.904562396650e-02       2.023627715415e+04 
       2.918612018980e-02       2.016243729304e+04 
       2.932691001012e-02       2.008854541836e+04 
       2.946800049442e-02       2.001447423733e+04 
       2.960939890865e-02       1.994030391665e+04 
       2.975111272456e-02       1.986597210128e+04 
       2.989314962669e-02       1.979160821022e+04 
       3.003551751984e-02       1.971712597088e+04 
       3.017822453668e-02       1.964256677159e+04 
       3.032127904579e-02       1.956791927949e+04 
       3.046468966005e-02       1.949315757319e+04 
       3.060846524535e-02       1.941832706846e+04 
       3.075261492974e-02       1.934346338667e+04 
       3.089714811297e-02       1.926854965986e+04 
       3.104207447647e-02       1.919356687067e+04 
       3.118740399377e-02       1.911855036995e+04 
       3.133314694142e-02       1.904348891279e+04 
       3.147931391041e-02       1.896849383599e+04 
       3.162591581818e-02       1.889333721500e+04 
       3.177296392107e-02       1.881819991565e+04 
       3.192046982755e-02       1.874301344840e+04 
       3.206844551191e-02       1.866780987448e+04 
       3.221690332877e-02       1.859267428148e+04 
       3.236585602821e-02       1.851744651484e+04 
       3.251531677170e-02       1.844230558398e+04 
       3.266529914883e-02       1.836716192029e+04 
       3.281581719489e-02       1.829195872807e+04 
       3.296688540933e-02       1.821679034657e+04 
       3.311851877522e-02       1.814172962225e+04 
       3.327073277971e-02       1.806658633258e+04 
       3.342354343559e-02       1.799155058722e+04 
       3.357696730399e-02       1.791648024555e+04 
       3.373102151833e-02       1.784145078682e+04 
       3.388572380957e-02       1.776646027045e+04 
       3.404109253286e-02       1.769161917142e+04 
       3.419714669568e-02       1.761670619409e+04 
       3.435390598761e-02       1.754187179712e+04 
       3.451139081176e-02       1.746704083672e+04 
       3.466962231804e-02       1.739228101221e+04 
       3.482862243838e-02       1.731759941260e+04 
       3.498841392404e-02       1.724296426788e+04 
       3.514902038518e-02       1.716836202079e+04 
       3.531046633278e-02       1.709384294962e+04 
       3.547277722316e-02       1.701941294081e+04 
       3.563597950531e-02       1.694504231644e+04 
       3.580010067115e-02       1.687072324177e+04 
       3.596516930898e-02       1.679637928506e+04 
       3.613121516045e-02       1.672222634025e+04 
       3.629826918115e-02       1.664807652330e+04 
       3.646636360533e-02       1.657396987657e+04 
       3.663553201485e-02       1.649999257342e+04 
       3.680580941285e-02       1.642603143430e+04 
       3.697723230255e-02       1.635221907936e+04 
       3.714983877143e-02       1.627840784218e+04 
       3.732366858148e-02       1.620466492796e+04 
       3.749876326580e-02       1.613099605918e+04 
       3.767516623232e-02       1.605734832629e+04 
       3.785292287514e-02       1.598384726329e+04 
       3.803208069409e-02       1.591035759215e+04 
       3.821268942355e-02       1.583695638046e+04 
       3.839480117099e-02       1.576353995264e+04 
       3.857847056643e-02       1.569026785706e+04 
       3.876375492376e-02       1.561701072097e+04 
       3.895071441496e-02       1.554381233145e+04 
       3.913941225867e-02       1.547068380444e+04 
       3.932991492429e-02       1.539761918046e+04 
       3.952229235342e-02       1.532453111099e+04 
       3.971661820019e-02       1.525152776107e+04 
       3.991297009257e-02       1.517853852521e+04 
       4.011142991684e-02       1.510557094760e+04 
       4.031208412764e-02       1.503268183231e+04 
       4.051502408647e-02       1.495977135064e+04 
       4.072034643175e-02       1.488691383258e+04 
       4.092815348401e-02       1.481401868782e+04 
       4.113855369016e-02       1.474114832651e+04 
       4.135166211157e-02       1.466831076757e+04 
       4.156760096102e-02       1.459541684402e+04 
       4.178650019445e-02       1.452256909888e+04 
       4.200849816439e-02       1.444963214790e+04 
       4.223374234269e-02       1.437667665054e+04 
       4.246239012152e-02       1.430371534889e+04 
       4.269460970281e-02       1.423064024087e+04 
       4.293058108805e-02       1.415754400161e+04 
       4.317049718197e-02       1.408439914238e+04 
       4.341456502603e-02       1.401112122861e+04 
       4.366300718007e-02       1.393779597626e+04 
       4.391606327377e-02       1.386435644378e+04 
       4.417399175289e-02       1.379073672381e+04 
       4.443707184992e-02       1.371700078972e+04 
       4.470560581398e-02       1.364314154140e+04 
       4.497992144095e-02       1.356906059238e+04 
       4.526037495272e-02       1.349483685721e+04 
       4.554735428347e-02       1.342039316842e+04 
       4.584128284233e-02       1.334563746784e+04 
       4.614262383563e-02       1.327071741522e+04 
       4.645188524863e-02       1.319541841456e+04 
       4.676962560774e-02       1.311986216778e+04 
       4.709646067017e-02       1.304394927175e+04 
       4.743307121963e-02       1.296763631800e+04 
       4.778021218743e-02       1.289090883034e+04 
       4.813872336792e-02       1.281370226105e+04 
       4.850954206102e-02       1.273599038381e+04 
       4.889371805405e-02       1.265777131377e+04 
       4.929243145637e-02       1.257885671518e+04 
       4.970701402887e-02       1.249929135450e+04 
       5.013897481438e-02       1.241893996169e+04 
       5.059003108340e-02       1.233773327514e+04 
       5.106214587593e-02       1.225558680819e+04 
       5.155757375776e-02       1.217233966338e+04 
       5.207891683547e-02       1.208794839269e+04 
       5.262919360440e-02       1.200212503124e+04 
       5.321192384802e-02       1.191476151412e+04 
       5.383123355746e-02       1.182553533151e+04 
       5.449198464532e-02       1.173416700086e+04 
       5.519993494084e-02       1.164032075921e+04 
       5.596193422988e-02       1.154341054493e+04 
       5.678616120755e-02       1.144280510402e+04 
       5.768240266303e-02       1.133764970911e+04 
       5.866236718795e-02       1.122679636142e+04 
       5.974000611399e-02       1.110865865177e+04 
       6.093177596493e-02       1.098105752715e+04 
       6.225670826845e-02       1.084103466830e+04 
       6.373604570834e-02       1.068456004433e+04 
       6.539207311418e-02       1.050628438761e+04 
       6.724570260474e-02       1.029945654083e+04 
       6.931257723225e-02       1.005636906117e+04 
       7.159822377656e-02       9.769549194588e+03 
       7.409406452177e-02       9.433970575960e+03 
       7.677686900597e-02       9.049800000180e+03 
       7.961294258741e-02       8.624178403799e+03 
       8.256530347954e-02       8.171050122225e+03 
       8.560025049086e-02       7.708862021939e+03 
       8.869091202486e-02       7.257202657968e+03 
       9.181779506506e-02       6.833677412910e+03 
       9.496764292589e-02       6.451746244473e+03 
       9.813181535207e-02       6.119842151398e+03 
       1.013048321767e-01       5.841212346232e+03 
       1.044832764056e-01       5.614593345039e+03 
       1.076650398213e-01       5.435009299190e+03 
       1.108488300108e-01       5.294751510001e+03 
       1.140338576966e-01       5.184261424461e+03 
       1.172196419095e-01       5.093122083203e+03 
       1.204058898727e-01       5.010878698290e+03 
       1.235924234194e-01       4.928018413953e+03 
       1.267791340887e-01       4.836739732527e+03 
       1.299659557869e-01       4.731669150904e+03 
       1.331528481644e-01       4.610270731864e+03 
       1.363397865172e-01       4.472830770440e+03 
       1.395267556539e-01       4.322134752621e+03 
       1.427137461718e-01       4.162790740163e+03 
       1.459007521954e-01       4.000462450683e+03 
       1.490877700035e-01       3.840993828585e+03 
       1.522747971936e-01       3.689727368652e+03 
       1.554618321755e-01       3.550955774950e+03 
       1.586488738612e-01       3.427627490750e+03 
       1.618359214776e-01       3.321223673116e+03 
       1.650229744502e-01       3.231824967184e+03 
       1.682100323336e-01       3.158285873221e+03 
       1.713970947670e-01       3.098447632780e+03 
       1.745841614479e-01       3.049446576433e+03 
       1.777712321145e-01       3.007994087988e+03 
       1.809583065356e-01       2.970717967971e+03 
       1.841453845030e-01       2.935084285087e+03 
       1.873324658271e-01       2.897484741155e+03 
       1.905195503338e-01       2.855703958418e+03 
       1.937066378622e-01       2.808397091740e+03 
       1.968937282629e-01       2.755172457327e+03 
       2.000808213964e-01       2.696541999038e+03 
       2.032679171327e-01       2.633763399862e+03 
       2.064550153499e-01       2.568560805481e+03 
       2.096421159339e-01       2.502870521847e+03 
       2.128292187774e-01       2.438544876629e+03 
       2.160163237795e-01       2.377200494939e+03 
       2.192034308454e-01       2.320094406475e+03 
       2.223905398858e-01       2.268080712018e+03 
       2.255776508162e-01       2.221591323368e+03 
       2.287647635572e-01       2.180679271901e+03 
       2.319518780336e-01       2.145023047947e+03 
       2.351389941744e-01       2.113979539754e+03 
       2.383261119123e-01       2.086652589501e+03 
       2.415132311837e-01       2.061986369563e+03 
       2.447003519283e-01       2.038869212752e+03 
       2.478874740890e-01       2.016255498148e+03 
       2.510745976113e-01       1.993253451390e+03 
       2.542617224439e-01       1.969197059656e+03 
       2.574488485377e-01       1.943679465829e+03 
       2.606359758463e-01       1.916544901855e+03 
       2.638231043252e-01       1.887892096577e+03 
       2.670102339325e-01       1.858003576121e+03 
       2.701973646278e-01       1.827339985699e+03 
       2.733844963730e-01       1.796454774857e+03 
       2.765716291315e-01       1.765952095970e+03 
       2.797587628684e-01       1.736391499346e+03 
       2.829458975507e-01       1.708261527191e+03 
       2.861330331464e-01       1.681902726151e+03 
       2.893201696252e-01       1.657487352191e+03 
       2.925073069582e-01       1.635045661412e+03 
       2.956944451175e-01       1.614463644397e+03 
       2.988815840765e-01       1.595526112905e+03 
       3.020687238099e-01       1.577948654774e+03 
       3.052558642932e-01       1.561419286371e+03 
       3.084430055031e-01       1.545604088062e+03 
       3.116301474172e-01       1.530185972311e+03 
       3.148172900139e-01       1.514875505437e+03 
       3.180044332727e-01       1.499441074459e+03 
       3.211915771737e-01       1.483720224373e+03 
       3.243787216979e-01       1.467636661601e+03 
       3.275658668271e-01       1.451201836546e+03 
       3.307530125436e-01       1.434498072479e+03 
       3.339401588307e-01       1.417661282774e+03 
       3.371273056719e-01       1.400853898274e+03 
       3.403144530517e-01       1.384245315848e+03 
       3.435016009549e-01       1.367984808800e+03 
       3.466887493672e-01       1.352211497191e+03 
       3.498758982746e-01       1.337029911485e+03 
       3.530630476635e-01       1.322513368685e+03 
       3.562501975210e-01       1.308697770757e+03 
       3.594373478345e-01       1.295576652513e+03 
       3.626244985920e-01       1.283102115683e+03 
       3.658116497819e-01       1.271199972308e+03 
       3.689988013928e-01       1.259759833548e+03 
       3.721859534140e-01       1.248670003844e+03 
       3.753731058349e-01       1.237822521604e+03 
       3.785602586453e-01       1.227130026235e+03 
       3.817474118356e-01       1.216524431903e+03 
       3.849345653961e-01       1.205959533886e+03 
       3.881217193179e-01       1.195407851384e+03 
       3.913088735919e-01       1.184861957189e+03 
       3.944960282096e-01       1.174328615249e+03 
       3.976831831628e-01       1.163829929639e+03 
       4.008703384433e-01       1.153401432539e+03 
       4.040574940435e-01       1.143088087068e+03 
       4.072446499557e-01       1.132936863773e+03 
       4.104318061727e-01       1.122990903946e+03 
       4.136189626875e-01       1.113282555659e+03 
       4.168061194931e-01       1.103831684690e+03 
       4.199932765829e-01       1.094644291702e+03 
       4.231804339504e-01       1.085717806887e+03 
       4.263675915895e-01       1.077042368325e+03 
       4.295547494940e-01       1.068606053087e+03 
       4.327419076581e-01       1.060390386737e+03 
       4.359290660760e-01       1.052374027505e+03 
       4.391162247422e-01       1.044531813190e+03 
       4.423033836514e-01       1.036834705132e+03 
       4.454905427982e-01       1.029252859568e+03 
       4.486777021776e-01       1.021762370115e+03 
       4.518648617846e-01       1.014344587998e+03 
       4.550520216145e-01       1.006990654440e+03 
       4.582391816626e-01       9.996980177244e+02 
       4.614263419244e-01       9.924696653467e+02 
       4.646135023954e-01       9.853109544978e+02 
       4.678006630713e-01       9.782296732360e+02 
       4.709878239481e-01       9.712330463413e+02 
       4.741749850215e-01       9.643305819467e+02 
       4.773621462877e-01       9.575333312915e+02 
       4.805493077428e-01       9.508525344434e+02 
       4.837364693831e-01       9.442984376756e+02 
       4.869236312048e-01       9.378769388726e+02 
       4.901107932046e-01       9.315887790300e+02 
       4.932979553789e-01       9.254283550057e+02 
       4.964851177242e-01       9.193871580071e+02 
       4.996722802375e-01       9.134541281292e+02 
       5.028594429154e-01       9.076185734514e+02 
       5.060466057548e-01       9.018715709704e+02 
       5.092337687527e-01       8.962048130531e+02 
       5.124209319061e-01       8.906120951034e+02 
       5.156080952121e-01       8.850864464110e+02 
       5.187952586680e-01       8.796221771776e+02 
       5.219824222709e-01       8.742142316560e+02 
       5.251695860181e-01       8.688604718930e+02 
       5.283567499071e-01       8.635616198955e+02 
       5.315439139353e-01       8.583209994898e+02 
       5.347310781002e-01       8.531431757919e+02 
       5.379182423993e-01       8.480320024351e+02 
       5.411054068303e-01       8.429901856005e+02 
       5.442925713909e-01       8.380181668332e+02 
       5.474797360787e-01       8.331154706457e+02 
       5.506669008916e-01       8.282808730129e+02 
       5.538540658274e-01       8.235136486930e+02 
       5.570412308840e-01       8.188135754341e+02 
       5.602283960593e-01       8.141803670827e+02 
       5.634155613514e-01       8.096124674462e+02 
       5.666027267581e-01       8.051075945936e+02 
       5.697898922776e-01       8.006616032807e+02 
       5.729770579080e-01       7.962704657480e+02 
       5.761642236475e-01       7.919305474462e+02 
       5.793513894943e-01       7.876392489169e+02 
       5.825385554465e-01       7.833956077725e+02 
       5.857257215025e-01       7.791990171643e+02 
       5.889128876606e-01       7.750489202917e+02 
       5.921000539191e-01       7.709443722888e+02 
       5.952872202763e-01       7.668838464354e+02 
       5.984743867309e-01       7.628659878936e+02 
       6.016615532810e-01       7.588899524555e+02 
       6.048487199254e-01       7.549551992503e+02 
       6.080358866624e-01       7.510647171222e+02 
       6.112230534906e-01       7.472186192823e+02 
       6.144102204086e-01       7.434178241541e+02 
       6.175973874151e-01       7.396618915458e+02 
       6.207845545085e-01       7.359504503938e+02 
       6.239717216877e-01       7.322802280229e+02 
       6.271588889512e-01       7.286505612934e+02 
       6.303460562979e-01       7.250605295914e+02 
       6.335332237264e-01       7.215096014898e+02 
       6.367203912355e-01       7.179975908029e+02 
       6.399075588240e-01       7.145237217271e+02 
       6.430947264907e-01       7.110866556635e+02 
       6.462818942345e-01       7.076849852746e+02 
       6.494690620543e-01       7.043165431265e+02 
       6.526562299488e-01       7.009804404049e+02 
       6.558433979171e-01       6.976761291080e+02 
       6.590305659580e-01       6.944037552515e+02 
       6.622177340705e-01       6.911637116389e+02 
       6.654049022536e-01       6.879559791243e+02 
       6.685920705062e-01       6.847802399653e+02 
       6.717792388274e-01       6.816354205405e+02 
       6.749664072161e-01       6.785205458036e+02 
       6.781535756715e-01       6.754350962963e+02 
       6.813407441926e-01       6.723788522434e+02 
       6.845279127785e-01       6.693521539643e+02 
       6.877150814282e-01       6.663552131315e+02 
       6.909022501410e-01       6.633877534071e+02 
       6.940894189158e-01       6.604492504583e+02 
       6.972765877519e-01       6.575386360357e+02 
       7.004637566484e-01       6.546548626969e+02 
       7.036509256046e-01       6.517969982580e+02 
       7.068380946195e-01       6.489648937452e+02 
       7.100252636924e-01       6.461582704267e+02 
       7.132124328225e-01       6.433772259715e+02 
       7.163996020091e-01       6.406216013516e+02 
       7.195867712514e-01       6.378907282401e+02 
       7.227739405487e-01       6.351837643373e+02 
       7.259611099002e-01       6.324998991169e+02 
       7.291482793052e-01       6.298386326806e+02 
       7.323354487631e-01       6.271998620316e+02 
       7.355226182731e-01       6.245837547450e+02 
       7.387097878345e-01       6.219904788818e+02 
       7.418969574468e-01       6.194198961631e+02 
       7.450841271092e-01       6.168715192105e+02 
       7.482712968211e-01       6.143448435897e+02 
       8.177235874806e-01       5.640613265026e+02 
       9.182779390648e-01       5.041490322431e+02 
       1.078178882206e+00       4.301098999648e+02 
       1.330851778362e+00       3.453938482531e+02 
       1.673301287727e+00       2.660968489066e+02 
       2.106525279952e+00       1.983366033854e+02 
       2.651958087678e+00       1.425448224968e+02 
       3.338617427538e+00       9.881798368250e+01 
       4.203070319787e+00       6.630982549259e+01 
       5.291352033138e+00       4.327064375018e+01 
       6.661417537266e+00       2.759215452585e+01 
       8.386227816235e+00       1.727174659610e+01 
