11.000000000000002	0.14067887953143987
11.971246864884845	0.13786635002117625
13.021103769148736	0.13506919067617443
14.1559331923163	0.13228957897132268
15.382612575436411	0.12953239746220113
16.70857600064604	0.12680466004201105
18.14185924416291	0.12411695810296623
19.691148475742924	0.12148508955296017
21.36583289973726	0.11893180852071045
23.176061656771267	0.11649608830863822
25.132805330888083	0.1142314401129734
27.24792243491065	0.11222018943418212
29.534231276945416	0.11063706185453405
32.00558764356225	0.10973420460409886
34.676968770436545	0.1099633837189399
37.564564109343294	0.11211818257183484
40.68587344158081	0.11754344288407781
44.059812932424265	0.12828635264313895
47.706829769333815	0.14658741964286895
51.64902607866259	0.17276385335336253
55.91029287184101	0.20230579664742132
60.516454832795496	0.2268353969095769
65.49542682406073	0.24101985288550734
70.87738306006473	0.2463670230573637
76.69493997283263	0.2470470738512386
82.98335387833512	0.24606430257293546
89.78073464140569	0.24481361354590356
97.12827663410631	0.24382551631169333
105.0705083872254	0.2432601773819372
113.6555624478782	0.24314470197257787
122.93546707863744	0.24346839860474753
132.96646156598436	0.24421214526122859
143.80933704895762	0.24535379283803907
155.52980493352874	0.24686822412009546
168.19889512542233	0.2487290759517438
181.89338649480123	0.2509093095999252
196.69627218157197	0.2533792201721184
212.69726256121936	0.2561090885940706
229.9933289193076	0.2590681812848522
248.68929112949033	0.2622231913274969
268.8984528965596	0.2655416838558733
290.7432884143142	0.2689901136561471
314.35618459961415	0.2725350023473596
339.8802434008154	0.27614462536090034
367.4701490428343	0.2797877025616721
397.2931054646265	0.2834340824431327
429.5298496302731	0.28705690859955163
464.37574685466876	0.29063000317621035
502.04197478183903	0.2941281065922964
542.7568031912	0.29753270552708355
586.7669773878051	0.300824200734041
634.339213560367	0.30398881730763
685.7618151694423	0.3070178961373589
741.3464201616049	0.3099092998323181
801.4298895983083	0.3126748042140942
866.3763491451618	0.31534315292886095
936.5793957937041	0.31795153928304004
1012.4644831891419	0.3205210504126808
1094.4915000199408	0.3230044068253434
1183.1575570951381	0.32522335463490876
1279.0000000000011	0.3268871297474148