10.93436241149902	0.3119881881625405
11.993533134460442	0.33500777977694657
13.146704673767093	0.36109952193720407
14.40221977233886	0.3891946061750036
15.769161224365227	0.4177125819495997
17.257417678832997	0.4447600435938626
18.877758026123043	0.4685024430127646
20.64190292358398	0.4876057042683224
22.562614440917965	0.501533655024462
24.653787612915032	0.5107101546278952
26.930553436279286	0.5145145784931016
29.40937995910643	0.5155581099209904
32.10820007324217	0.514476009460511
35.04654312133788	0.5123160562349645
38.24566268920896	0.5099336398910659
41.728702545166016	0.5079811567884888
45.52085876464844	0.5069190040114826
49.649566650390604	0.5070555047675313
54.14469909667968	0.5085753220946723
59.03877258300779	0.5115750139134385
64.36719512939455	0.516084223316585
70.16851043701169	0.5220873365611871
76.4846878051758	0.529539600072133
83.36142730712886	0.5383657977094108
90.84848022460933	0.5484854714812956
99.	0.5598032727502434
107.8749694824219	0.5722171087272848
117.53758239746082	0.5856157848118227
128.05775451660142	0.5998843320233562
139.5115814208983	0.61490006421383
151.98193359374991	0.6305390803997146
165.5590362548826	0.6466727658611764
180.3410949707031	0.6631737891130416
196.43504333496085	0.679914855922162
213.95733642578116	0.696772550339951
233.0347290039062	0.7136274451597242
253.80523681640614	0.7303655751366128
276.41909790039057	0.7468741400227762
301.0399475097654	0.7630523087067731
327.8459167480464	0.7788068813675942
357.03085327148386	0.7940544012491717
388.8059692382809	0.8087235114267647
423.4011230468747	0.8227525513932112
461.0665893554685	0.8360936209145882
502.07482910156193	0.8487088272911542
546.722534179687	0.8605750011146235
595.3327636718748	0.8716820183053556
648.257080078125	0.8820385574506356
705.8784179687497	0.8916793774261906
768.6136474609372	0.9006863437376309
836.9165649414058	0.9092056138830658
911.2813720703119	0.9174697553009408
992.2460327148439	0.9257034064150768
1080.3962402343739	0.933849512157358
1176.3698730468736	0.9411460244770903
1280.860961914062	0.9460723111922613