11.000000000000002	0.005895931052124991
11.971246864884845	0.007154667514350275
13.021103769148736	0.00891781833685768
14.1559331923163	0.011389547261848019
15.382612575436411	0.014841440043105152
16.70857600064604	0.01960730919028045
18.14185924416291	0.026038170391031738
19.691148475742924	0.034388256001694276
21.36583289973726	0.04461289689513838
23.176061656771267	0.05616603276663501
25.132805330888083	0.06797314565400102
27.24792243491065	0.07875216205724483
29.534231276945416	0.08764114998819113
32.00558764356225	0.09436951638628503
34.676968770436545	0.09924527599373213
37.564564109343294	0.10280626644037465
40.68587344158081	0.10557309182032895
44.059812932424265	0.10793788243624892
47.706829769333815	0.11015030015161818
51.64902607866259	0.11235119539057928
55.91029287184101	0.11461165310295161
60.516454832795496	0.11696337552758364
65.49542682406073	0.11942009986636345
70.87738306006473	0.12198847259349624
76.69493997283263	0.12467152425247982
82.98335387833512	0.1274748212606991
89.78073464140569	0.13040197749413454
97.12827663410631	0.13345776594868272
105.0705083872254	0.13664545951597895
113.6555624478782	0.13996962761521048
122.93546707863744	0.14343435988928938
132.96646156598436	0.14704297149490972
143.80933704895762	0.15079823370030482
155.52980493352874	0.1547011043540212
168.19889512542233	0.15875137691613272
181.89338649480123	0.16294940363159835
196.69627218157197	0.16729148788365059
212.69726256121936	0.1717734458614077
229.9933289193076	0.1763876207212195
248.68929112949033	0.1811254136711338
268.8984528965596	0.18597585969689703
290.7432884143142	0.19092614604725686
314.35618459961415	0.19595863220763218
339.8802434008154	0.20105584790554942
367.4701490428343	0.20619877253101013
397.2931054646265	0.21136457453838794
429.5298496302731	0.21653078604515302
464.37574685466876	0.22167198843127897
502.04197478183903	0.22676208420545088
542.7568031912	0.2317802387992925
586.7669773878051	0.23670531707846149
634.339213560367	0.24152668885735679
685.7618151694423	0.24624524171005788
741.3464201616049	0.2508921392164275
801.4298895983083	0.255546167236781
866.3763491451618	0.2603495993657656
936.5793957937041	0.2655048311193735
1012.4644831891419	0.27118010537018533
1094.4915000199408	0.2772917267800893
1183.1575570951381	0.28327453681218356
1279.0000000000011	0.2880850629831345