10.93436241149902	0.0002862997950255754
11.993533134460442	0.0002804825723503832
13.146704673767093	0.00027419278917544925
14.40221977233886	0.00026746231446071685
15.769161224365227	0.0002603562149202881
17.257417678832997	0.000252955272656991
18.877758026123043	0.0002454027897577531
20.64190292358398	0.0002378080953381729
22.562614440917965	0.00023032907439582932
24.653787612915032	0.0002231820787146607
26.930553436279286	0.00021658823912141224
29.40937995910643	0.0002110835608894107
32.10820007324217	0.0002086298302938332
35.04654312133788	0.00022442507273193543
38.24566268920896	0.00043396867627664993
41.728702545166016	0.0036854669333459683
45.52085876464844	0.05776911483094979
49.649566650390604	0.17960112302322803
54.14469909667968	0.19544963636725549
59.03877258300779	0.20189628112051555
64.36719512939455	0.20875853610776315
70.16851043701169	0.21621565549782898
76.4846878051758	0.2243032244955526
83.36142730712886	0.23305235009159025
90.84848022460933	0.24248937998248676
99.	0.252646749001329
107.8749694824219	0.26354402207289807
117.53758239746082	0.27519503202749235
128.05775451660142	0.28759546048393686
139.5115814208983	0.3007386403564557
151.98193359374991	0.31460507727090076
165.5590362548826	0.32915806644017803
180.3410949707031	0.344368686044953
196.43504333496085	0.36019700058413306
213.95733642578116	0.3765898137644555
233.0347290039062	0.3935112250948986
253.80523681640614	0.41091450730912965
276.41909790039057	0.42874423120880006
301.0399475097654	0.4469673346240645
327.8459167480464	0.46553499959559713
357.03085327148386	0.4844113120866795
388.8059692382809	0.5035362508528326
423.4011230468747	0.5228727403609527
461.0665893554685	0.5423638272758295
502.07482910156193	0.561933340635081
546.722534179687	0.5815302909808041
595.3327636718748	0.6011019222212999
648.257080078125	0.6205971472864251
705.8784179687497	0.6400538277110456
768.6136474609372	0.6596473025145954
836.9165649414058	0.6797736226803898
911.2813720703119	0.7011387789049336
992.2460327148439	0.7246433472374035
1080.3962402343739	0.7504340084365863
1176.3698730468736	0.7765212907918179
1280.860961914062	0.7985933684407678