11.000000000000002	0.9821021002590999
11.971246864884845	0.7644878536820389
13.021103769148736	0.5975427743091564
14.1559331923163	0.4698705458514341
15.382612575436411	0.37263285384858646
16.70857600064604	0.29896534857524876
18.14185924416291	0.24353395816809476
19.691148475742924	0.20221506931977318
21.36583289973726	0.17177996047053973
23.176061656771267	0.14971016645812174
25.132805330888083	0.13402644309230025
27.24792243491065	0.12317090743503839
29.534231276945416	0.11602365269999833
32.00558764356225	0.11162255132198873
34.676968770436545	0.10924910424705214
37.564564109343294	0.10835291005600467
40.68587344158081	0.10851765028968291
44.059812932424265	0.10943385232068074
47.706829769333815	0.11087574241573668
51.64902607866259	0.11268524060950118
55.91029287184101	0.11475650010051128
60.516454832795496	0.11702182780202325
65.49542682406073	0.11944172742461845
70.87738306006473	0.1219956869467346
76.69493997283263	0.12467365588641212
82.98335387833512	0.12747534901316293
89.78073464140569	0.1304020800416534
97.12827663410631	0.13345778021162763
105.0705083872254	0.13664546052726756
113.6555624478782	0.1399696275417981
122.93546707863744	0.14343435986073516
132.96646156598436	0.14704297149153042
143.80933704895762	0.15079823370009962
155.52980493352874	0.1547011043540148
168.19889512542233	0.15875137691613259
181.89338649480123	0.16294940363159835
196.69627218157197	0.16729148788365059
212.69726256121936	0.1717734458614077
229.9933289193076	0.1763876207212195
248.68929112949033	0.1811254136711338
268.8984528965596	0.18597585969689703
290.7432884143142	0.19092614604725686
314.35618459961415	0.19595863220763218
339.8802434008154	0.20105584790554942
367.4701490428343	0.20619877253101013
397.2931054646265	0.21136457453838794
429.5298496302731	0.21653078604515302
464.37574685466876	0.22167198843127897
502.04197478183903	0.22676208420545088
542.7568031912	0.2317802387992925
586.7669773878051	0.23670531707846149
634.339213560367	0.24152668885735679
685.7618151694423	0.24624524171005788
741.3464201616049	0.2508921392164275
801.4298895983083	0.255546167236781
866.3763491451618	0.2603495993657656
936.5793957937041	0.2655048311193735
1012.4644831891419	0.27118010537018533
1094.4915000199408	0.2772917267800893
1183.1575570951381	0.28327453681218356
1279.0000000000011	0.2880850629831345