5.0000000000000002e-05 -5.1985184988812660e+00 -6.3286802060574452e+00 -7.1682094180915561e+00 -7.8885544997267107e+00 -8.5351399858623971e+00 -9.1274420840905677e+00 
1.0519038076152304e-03 -5.1873444257638299e+00 -6.2904993882788593e+00 -7.0781806063799824e+00 -7.7150670842151667e+00 -8.2425929152096895e+00 -8.6797249059435817e+00 
2.0538076152304607e-03 -5.1765052295262519e+00 -6.2547923840514379e+00 -6.9984327019360988e+00 -7.5720632795163345e+00 -8.0217005722701824e+00 -8.3738669659673697e+00 
3.0557114228456912e-03 -5.1659849988714974e+00 -6.2213072833546574e+00 -6.9271655059964594e+00 -7.4515993348452412e+00 -7.8473938588981262e+00 -8.1480751210645401e+00 
4.0576152304609217e-03 -5.1557688530944903e+00 -6.1898264762915733e+00 -6.8629894640034577e+00 -7.3483491455805634e+00 -7.7053634866332059e+00 -7.9726536218142421e+00 
5.0595190380761518e-03 -5.1458428583304023e+00 -6.1601609035751625e+00 -6.8048130597747578e+00 -7.2585934162234897e+00 -7.5867785040588789e+00 -7.8313453382105829e+00 
6.0614228456913818e-03 -5.1361939519302551e+00 -6.1321454371815527e+00 -6.7517656480229418e+00 -7.1796470755216291e+00 -7.4858574982121189e+00 -7.7144064525338765e+00 
7.0633266533066119e-03 -5.1268098740523120e+00 -6.1056351387679939e+00 -6.7031432994973414e+00 -7.1095172741460750e+00 -7.3986365835027854e+00 -7.6155940863890503e+00 
8.0652304609218420e-03 -5.1176791056731750e+00 -6.0805022061000988e+00 -6.6583699891617298e+00 -7.0466899185319143e+00 -7.3222952388837612e+00 -7.5306982658860813e+00 
9.0671342685370721e-03 -5.1087908123217636e+00 -6.0566334633766976e+00 -6.6169692557116147e+00 -6.9899913947051973e+00 -7.2547644080791400e+00 -7.4567624218103230e+00 
1.0069038076152302e-02 -5.1001347929248633e+00 -6.0339282849658922e+00 -6.5785431580942504e+00 -6.9384961101804663e+00 -7.1944871491618994e+00 -7.3916407256744749e+00 
1.1070941883767532e-02 -5.0917014332266808e+00 -6.0122968670937258e+00 -6.5427564130090587e+00 -6.8914629524295741e+00 -7.1402663169847607e+00 -7.3337327302190953e+00 
1.2072845691382762e-02 -5.0834816633088984e+00 -5.9916587808364756e+00 -6.5093242736318988e+00 -6.8482905613410363e+00 -7.0911642019341299e+00 -7.2818170490711687e+00 
1.3074749498997992e-02 -5.0754669187930466e+00 -5.9719417540316933e+00 -6.4780031516107446e+00 -6.8084851736738337e+00 -7.0464344028487655e+00 -7.2349431453538360e+00 
1.4076653306613222e-02 -5.0676491053554038e+00 -5.9530806406331118e+00 -6.4485832788570869e+00 -6.7716370688797500e+00 -7.0054743719451178e+00 -7.1923586554258669e+00 
1.5078557114228452e-02 -5.0600205662265667e+00 -5.9350165444454106e+00 -6.4208829055515775e+00 -6.7374030245124743e+00 -6.9677916043672266e+00 -7.1534592253653431e+00 
1.6080460921843683e-02 -5.0525740523846618e+00 -5.9176960707086703e+00 -6.3947436687574468e+00 -6.7054930500709400e+00 -6.9329790645731384e+00 -7.1177530526561137e+00 
1.7082364729458913e-02 -5.0453026951832305e+00 -5.9010706841138303e+00 -6.3700268627413816e+00 -6.6756602188244694e+00 -6.9006970071640703e+00 -7.0848352929862637e+00 
1.8084268537074143e-02 -5.0381999811831353e+00 -5.8850961558566164e+00 -6.3466104108463437e+00 -6.6476927775216668e+00 -6.8706593135893694e+00 -7.0543692425403206e+00 
1.9086172344689373e-02 -5.0312597289824774e+00 -5.8697320855286215e+00 -6.3243863882704634e+00 -6.6214079545058331e+00 -6.8426230755890263e+00 -7.0260722719082001e+00 
2.0088076152304603e-02 -5.0244760678604496e+00 -5.8549414861892766e+00 -6.3032589811967235e+00 -6.5966470504134751e+00 -6.8163805508622852e+00 -6.9997051550019860e+00 
2.1089979959919833e-02 -5.0178434180702123e+00 -5.8406904230036698e+00 -6.2831427943240064e+00 -6.5732715088237779e+00 -6.7917528775243179e+00 -6.9750638647083152e+00 
2.2091883767535063e-02 -5.0113564726329081e+00 -5.8269476974774319e+00 -6.2639614386705365e+00 -6.5511597437302482e+00 -6.7685851100169510e+00 -6.9519731881956437e+00 
2.3093787575150293e-02 -5.0050101804999949e+00 -5.8136845706544440e+00 -6.2456463464314664e+00 -6.5302045573441250e+00 -6.7467422600455249e+00 -6.9302817031554422e+00 
2.4095691382765523e-02 -4.9987997309643779e+00 -5.8008745197303364e+00 -6.2281357709926617e+00 -6.5103110226190086e+00 -6.7261061104729336e+00 -6.9098577847735010e+00 
2.5097595190380753e-02 -4.9927205392126828e+00 -5.7884930234248433e+00 -6.2113739388716320e+00 -6.4913947347518652e+00 -6.7065726298398296e+00 -6.8905864023880117e+00 
2.6099498997995983e-02 -4.9867682329215643e+00 -5.7765173721878771e+00 -6.1953103270486531e+00 -6.4733803579807976e+00 -6.6880498580623202e+00 -6.8723665276043953e+00 
2.7101402805611213e-02 -4.9809386398103292e+00 -5.7649264999185785e+00 -6.1798990443568194e+00 -6.4562004104738309e+00 -6.6704561650316379e+00 -6.8551090205138756e+00 
2.8103306613226443e-02 -4.9752277760704731e+00 -5.7537008343778524e+00 -6.1650982996782631e+00 -6.4397942425229546e+00 -6.6537188067670989e+00 -6.8387348931445509e+00 
2.9105210420841673e-02 -4.9696318356003024e+00 -5.7428221638921748e+00 -6.1508699429110587e+00 -6.4241071727072709e+00 -6.6377727208193322e+00 -6.8231738730670397e+00 
3.0107114228456903e-02 -4.9641471799794097e+00 -5.7322735182952416e+00 -6.1371790672253823e+00 -6.4090897539405649e+00 -6.6225595154224077e+00 -6.8083632077011238e+00 
3.1109018036072134e-02 -4.9587703291238805e+00 -5.7220390623466066e+00 -6.1239936631676803e+00 -6.3946971469282730e+00 -6.6080266165990542e+00 -6.7942466630603384e+00 
3.2110921843687364e-02 -4.9534979525683509e+00 -5.7121040001126291e+00 -6.1112843168103783e+00 -6.3808885829312132e+00 -6.5941265448460191e+00 -6.7807736806393635e+00 
3.3112825651302594e-02 -4.9483268613260130e+00 -5.7024544890031921e+00 -6.0990239454687112e+00 -6.3676269011660782e+00 -6.5808162987519569e+00 -6.7678986637502963e+00 
3.4114729458917824e-02 -4.9432540002819181e+00 -5.6930775623337588e+00 -6.0871875655811785e+00 -6.3548781488855894e+00 -6.5680568273492970e+00 -6.7555803704591249e+00 
3.5116633266533054e-02 -4.9382764410788882e+00 -5.6839610594322503e+00 -6.0757520882274143e+00 -6.3426112343390812e+00 -6.5558125764855530e+00 -6.7437813948050227e+00 
3.6118537074148284e-02 -4.9333913754588536e+00 -5.6750935624378922e+00 -6.0646961384766263e+00 -6.3307976245411099e+00 -6.5440510972457737e+00 -6.7324677215237765e+00 
3.7120440881763514e-02 -4.9285961090256656e+00 -5.6664643390484484e+00 -6.0539998953521907e+00 -6.3194110811654003e+00 -6.5327427066373867e+00 -6.7216083422797368e+00 
3.8122344689378744e-02 -4.9238880553982742e+00 -5.6580632905658383e+00 -6.0436449496880869e+00 -6.3084274290060218e+00 -6.5218601924886368e+00 -6.7111749236144869e+00 
3.9124248496993974e-02 -4.9192647307257893e+00 -5.6498809046707263e+00 -6.0336141775599996e+00 -6.2978243523624879e+00 -6.5113785559095048e+00 -6.7011415185759047e+00 
4.0126152304609204e-02 -4.9147237485383375e+00 -5.6419082124260376e+00 -6.0238916273134491e+00 -6.2875812154532005e+00 -6.5012747857925239e+00 -6.6914843153986459e+00 
4.1128056112224434e-02 -4.9102628149096859e+00 -5.6341367490693077e+00 -6.0144624184954658e+00 -6.2776789035757190e+00 -6.4915276607473249e+00 -6.6821814177412122e+00 
4.2129959919839664e-02 -4.9058797239096892e+00 -5.6265585182058064e+00 -6.0053126512352186e+00 -6.2680996822390442e+00 -6.4821175746104265e+00 -6.6732126519041071e+00 
4.3131863727454894e-02 -4.9015723533262427e+00 -5.6191659590594512e+00 -5.9964293248202516e+00 -6.2588270719127195e+00 -6.4730263822847478e+00 -6.6645593972020976e+00 
4.4133767535070124e-02 -4.8973386606381526e+00 -5.6119519164778202e+00 -5.9878002643854122e+00 -6.2498457363868853e+00 -6.4642372631683420e+00 -6.6562044362765853e+00 
4.5135671342685355e-02 -4.8931766792217051e+00 -5.6049096134217766e+00 -5.9794140547760293e+00 -6.2411413830288183e+00 -6.4557345998493165e+00 -6.6481318226379109e+00 
4.6137575150300585e-02 -4.8890845147751651e+00 -5.5980326257002773e+00 -5.9712599807700224e+00 -6.2327006734662653e+00 -6.4475038700911576e+00 -6.6403267631436735e+00 
4.7139478957915815e-02 -4.8850603419465362e+00 -5.5913148587370358e+00 -5.9633279729487096e+00 -6.2245111434332800e+00 -6.4395315504216484e+00 -6.6327755134643080e+00 
4.8141382765531045e-02 -4.8811024011511233e+00 -5.5847505261788388e+00 -5.9556085585960581e+00 -6.2165611306880901e+00 -6.4318050298812182e+00 -6.6254652848747417e+00 
4.9143286573146275e-02 -4.8772089955664315e+00 -5.5783341301755094e+00 -5.9480928170834542e+00 -6.2088397100596691e+00 -6.4243125326897257e+00 -6.6183841609512664e+00 
5.0145190380761505e-02 -4.8733784882928228e+00 -5.5720604431793541e+00 -5.9407723392635470e+00 -6.2013366348044290e+00 -6.4170430487626255e+00 -6.6115210229544399e+00 
5.1147094188376735e-02 -4.8696092996693086e+00 -5.5659244911277375e+00 -5.9336391904542589e+00 -6.1940422835613616e+00 -6.4099862711524498e+00 -6.6048654828487239e+00 
5.2148997995991965e-02 -4.8658999047345306e+00 -5.5599215378862459e+00 -5.9266858766437238e+00 -6.1869476122847544e+00 -6.4031325396149246e+00 -6.5984078230530887e+00 
5.3150901803607195e-02 -4.8622488308237832e+00 -5.5540470708423788e+00 -5.9199053135900623e+00 -6.1800441106118589e+00 -6.3964727896039264e+00 -6.5921389421384520e+00 
5.4152805611222425e-02 -4.8586546552935488e+00 -5.5482967875505373e+00 -5.9132907985274263e+00 -6.1733237621899946e+00 -6.3899985060891122e+00 -6.5860503057913355e+00 
5.5154709418837655e-02 -4.8551160033656426e+00 -5.5426665833388773e+00 -5.9068359842224387e+00 -6.1667790085454346e+00 -6.3837016816668317e+00 -6.5801339024514123e+00 
5.6156613226452885e-02 -4.8516315460836381e+00 -5.5371525397972592e+00 -5.9005348551537136e+00 -6.1604027161265167e+00 -6.3775747785008576e+00 -6.5743822031061221e+00 
5.7158517034068115e-02 -4.8481999983746951e+00 -5.5317509140732035e+00 -5.8943817056121306e+00 -6.1541881461966277e+00 -6.3716106936862058e+00 -6.5687881247902755e+00 
5.8160420841683345e-02 -4.8448201172104790e+00 -5.5264581289097015e+00 -5.8883711195414774e+00 -6.1481289272904585e+00 -6.3658027276783669e+00 -6.5633449973944318e+00 
5.9162324649298575e-02 -4.8414906998612377e+00 -5.5212707633649361e+00 -5.8824979519583520e+00 -6.1422190299796879e+00 -6.3601445554727558e+00 -6.5580465334338323e+00 
6.0164228456913806e-02 -4.8382105822375046e+00 -5.5161855441593728e+00 -5.8767573118071601e+00 -6.1364527437226881e+00 -6.3546302002558130e+00 -6.5528868004712004e+00 
6.1166132264529036e-02 -4.8349786373142933e+00 -5.5111993376007913e+00 -5.8711445461210499e+00 -6.1308246555980670e+00 -6.3492540092814833e+00 -6.5478601959229268e+00 
6.2168036072144266e-02 -4.8317937736330059e+00 -5.5063091420421548e+00 -5.8656552253728318e+00 -6.1253296307435159e+00 -6.3440106317544229e+00 -6.5429614240092677e+00 
6.3169939879759496e-02 -4.8286549338765292e+00 -5.5015120808312838e+00 -5.8602851299116852e+00 -6.1199627943407959e+00 -6.3388949985258982e+00 -6.5381854746366237e+00 
6.4171843687374733e-02 -4.8255610935133859e+00 -5.4968053957149090e+00 -5.8550302373917793e+00 -6.1147195150046008e+00 -6.3339023034295128e+00 -6.5335276040236874e+00 
6.5173747494989970e-02 -4.8225112595069790e+00 -5.4921864406628504e+00 -5.8498867111082520e+00 -6.1095953894478123e+00 -6.3290279861027168e+00 -6.5289833169040552e+00 
6.6175651302605207e-02 -4.8195044690863238e+00 -5.4876526760811632e+00 -5.8448508891641779e+00 -6.1045862283089845e+00 -6.3242677161565348e+00 -6.5245483501562447e+00 
6.7177555110220444e-02 -4.8165397885747945e+00 -5.4832016633855227e+00 -5.8399192743994170e+00 -6.0996880430393734e+00 -6.3196173785702374e+00 -6.5202186577279218e+00 
6.8179458917835681e-02 -4.8136163122737061e+00 -5.4788310599087442e+00 -5.8350885250188975e+00 -6.0948970337573094e+00 -6.3150730602008309e+00 -6.5159903967354671e+00 
6.9181362725450918e-02 -4.8107331613977236e+00 -5.4745386141183490e+00 -5.8303554458636038e+00 -6.0902095779866263e+00 -6.3106310373081307e+00 -6.5118599146321801e+00 
7.0183266533066155e-02 -4.8078894830592889e+00 -5.4703221611221311e+00 -5.8257169802728708e+00 -6.0856222202043035e+00 -6.3062877640065320e+00 -6.5078237373496801e+00 
7.1185170340681392e-02 -4.8050844492994003e+00 -5.4661796184414619e+00 -5.8211702024912171e+00 -6.0811316621294145e+00 -6.3020398615632791e+00 -6.5038785583265364e+00 
7.2187074148296629e-02 -4.8023172561623033e+00 -5.4621089820336870e+00 -5.8167123105772118e+00 -6.0767347536921656e+00 -6.2978841084709440e+00 -6.5000212283469629e+00 
7.3188977955911866e-02 -4.7995871228117366e+00 -5.4581083225464608e+00 -5.8123406197755898e+00 -6.0724284846274816e+00 -6.2938174312289421e+00 -6.4962487461199343e+00 
7.4190881763527103e-02 -4.7968932906865573e+00 -5.4541757817881882e+00 -5.8080525563173291e+00 -6.0682099766427529e+00 -6.2898368957750659e+00 -6.4925582495359118e+00 
7.5192785571142340e-02 -4.7942350226936963e+00 -5.4503095694000265e+00 -5.8038456516153722e+00 -6.0640764761140371e+00 -6.2859396995135990e+00 -6.4889470075445255e+00 
7.6194689378757577e-02 -4.7916116024364985e+00 -5.4465079597159818e+00 -5.7997175368265692e+00 -6.0600253472691259e+00 -6.2821231638917281e+00 -6.4854124126017858e+00 
7.7196593186372814e-02 -4.7890223334766544e+00 -5.4427692887986261e+00 -5.7956659377528101e+00 -6.0560540658196000e+00 -6.2783847274801596e+00 -6.4819519736403706e+00 
7.8198496993988051e-02 -4.7864665386279741e+00 -5.4390919516390257e+00 -5.7916886700566454e+00 -6.0521602130074070e+00 -6.2747219395181775e+00 -6.4785633095208111e+00 
7.9200400801603288e-02 -4.7839435592804396e+00 -5.4354743995101602e+00 -5.7877836347687666e+00 -6.0483414700344511e+00 -6.2711324538866915e+00 -6.4752441429252139e+00 
8.0202304609218525e-02 -4.7814527547529710e+00 -5.4319151374640571e+00 -5.7839488140664983e+00 -6.0445956128464564e+00 -6.2676140234762743e+00 -6.4719922946587847e+00 
8.1204208416833762e-02 -4.7789935016735194e+00 -5.4284127219634541e+00 -5.7801822673042604e+00 -6.0409205072448300e+00 -6.2641644949199788e+00 -6.4688056783273105e+00 
8.2206112224448999e-02 -4.7765651933850934e+00 -5.4249657586395870e+00 -5.7764821272783688e+00 -6.0373141043024114e+00 -6.2607818036633791e+00 -6.4656822953618134e+00 
8.3208016032064236e-02 -4.7741672393764878e+00 -5.4215729001681972e+00 -5.7728465967100471e+00 -6.0337744360610950e+00 -6.2574639693467038e+00 -6.4626202303638989e+00 
8.4209919839679473e-02 -4.7717990647364816e+00 -5.4182328442564982e+00 -5.7692739449317507e+00 -6.0302996114910874e+00 -6.2542090914759676e+00 -6.4596176467478088e+00 
8.5211823647294710e-02 -4.7694601096303817e+00 -5.4149443317342785e+00 -5.7657625047630399e+00 -6.0268878126932135e+00 -6.2510153453620498e+00 -6.4566727826570505e+00 
8.6213727454909947e-02 -4.7671498287978533e+00 -5.4117061447429027e+00 -5.7623106695633703e+00 -6.0235372913272176e+00 -6.2478809783083555e+00 -6.4537839471354905e+00 
8.7215631262525184e-02 -4.7648676910710002e+00 -5.4085171050162559e+00 -5.7589168904500383e+00 -6.0202463652503546e+00 -6.2448043060293337e+00 -6.4509495165344388e+00 
8.8217535070140421e-02 -4.7626131789117503e+00 -5.4053760722482362e+00 -5.7555796736705291e+00 -6.0170134153518191e+00 -6.2417837092835020e+00 -6.4481679311387117e+00 
8.9219438877755658e-02 -4.7603857879676355e+00 -5.4022819425416273e+00 -5.7522975781191663e+00 -6.0138368825696586e+00 -6.2388176307060395e+00 -6.4454376919961964e+00 
9.0221342685370895e-02 -4.7581850266451262e+00 -5.3992336469336895e+00 -5.7490692129888794e+00 -6.0107152650779483e+00 -6.2359045718271151e+00 -6.4427573579365331e+00 
9.1223246492986132e-02 -4.7560104156996736e+00 -5.3962301499939374e+00 -5.7458932355494410e+00 -6.0076471156328068e+00 -6.2330430902632479e+00 -6.4401255427658120e+00 
9.2225150300601369e-02 -4.7538614878417267e+00 -5.3932704484900160e+00 -5.7427683490442192e+00 -6.0046310390668340e+00 -6.2302317970700001e+00 -6.4375409126251437e+00 
9.3227054108216606e-02 -4.7517377873579711e+00 -5.3903535701178003e+00 -5.7396933006980833e+00 -6.0016656899222314e+00 -6.2274693542451525e+00 -6.4350021835019433e+00 
9.4228957915831843e-02 -4.7496388697471152e+00 -5.3874785722920926e+00 -5.7366668798295333e+00 -5.9987497702136752e+00 -6.2247544723724193e+00 -6.4325081188836357e+00 
9.5230861723447080e-02 -4.7475643013695592e+00 -5.3846445409945130e+00 -5.7336879160607293e+00 -5.9958820273126037e+00 -6.2220859083964672e+00 -6.4300575275442897e+00 
9.6232765531062317e-02 -4.7455136591103333e+00 -5.3818505896754543e+00 -5.7307552776194735e+00 -5.9930612519452380e+00 -6.2194624635206281e+00 -6.4276492614553691e+00 
9.7234669338677554e-02 -4.7434865300547013e+00 -5.3790958582070907e+00 -5.7278678697275796e+00 -5.9902862762971827e+00 -6.2168829812195163e+00 -6.4252822138124985e+00 
9.8236573146292791e-02 -4.7414825111759082e+00 -5.3763795118846813e+00 -5.7250246330705528e+00 -5.9875559722179945e+00 -6.2143463453591519e+00 -6.4229553171707190e+00 
9.9238476953908028e-02 -4.7395012090344784e+00 -5.3737007404735717e+00 -5.7222245423437164e+00 -5.9848692495195177e+00 -6.2118514784177750e+00 -6.4206675416813068e+00 
1.0024038076152327e-01 -4.7375422394886346e+00 -5.3710587572994033e+00 -5.7194666048703748e+00 -5.9822250543623188e+00 -6.2093973398011766e+00 -6.4184178934236522e+00 
1.0124228456913850e-01 -4.7356052274152889e+00 -5.3684527983792751e+00 -5.7167498592877886e+00 -5.9796223677248435e+00 -6.2069829242465095e+00 -6.4162054128262449e+00 
1.0224418837675374e-01 -4.7336898064412027e+00 -5.3658821215916843e+00 -5.7140733742971044e+00 -5.9770602039503613e+00 -6.2046072603092837e+00 -6.4140291731712464e+00 
1.0324609218436898e-01 -4.7317956186838535e+00 -5.3633460058832068e+00 -5.7114362474735803e+00 -5.9745376093670801e+00 -6.2022694089284709e+00 -6.4118882791773961e+00 
1.0424799599198421e-01 -4.7299223145016125e+00 -5.3608437505100390e+00 -5.7088376041336879e+00 -5.9720536609771209e+00 -6.1999684620649225e+00 -6.4097818656565577e+00 
1.0524989979959945e-01 -4.7280695522528235e+00 -5.3583746743125813e+00 -5.7062765962559716e+00 -5.9696074652103164e+00 -6.1977035414088348e+00 -6.4077090962393806e+00 
1.0625180360721469e-01 -4.7262369980634302e+00 -5.3559381150213756e+00 -5.7037524014525829e+00 -5.9671981567391104e+00 -6.1954737971521103e+00 -6.4056691621659496e+00 
1.0725370741482992e-01 -4.7244243256027865e+00 -5.3535334285928480e+00 -5.7012642219887875e+00 -5.9648248973510727e+00 -6.1932784068218041e+00 -6.4036612811375768e+00 
1.0825561122244516e-01 -4.7226312158673105e+00 -5.3511599885732943e+00 -5.6988112838478084e+00 -5.9624868748756956e+00 -6.1911165741711471e+00 -6.4016846962260248e+00 
1.0925751503006040e-01 -4.7208573569716590e+00 -5.3488171854897537e+00 -5.6963928358385054e+00 -5.9601833021624699e+00 -6.1889875281247884e+00 -6.3997386748369776e+00 
1.1025941883767564e-01 -4.7191024439471319e+00 -5.3465044262664314e+00 -5.6940081487436620e+00 -5.9579134161073695e+00 -6.1868905217751902e+00 -6.3978225077244684e+00 
1.1126132264529087e-01 -4.7173661785469854e+00 -5.3442211336653660e+00 -5.6916565145066569e+00 -5.9556764767250217e+00 -6.1848248314272345e+00 -6.3959355080533671e+00 
1.1226322645290611e-01 -4.7156482690584038e+00 -5.3419667457502324e+00 -5.6893372454545510e+00 -5.9534717662641210e+00 -6.1827897556883959e+00 -6.3940770105072735e+00 
1.1326513026052135e-01 -4.7139484301208396e+00 -5.3397407153721135e+00 -5.6870496735556140e+00 -5.9512985883636702e+00 -6.1807846146018814e+00 -6.3922463704391177e+00 
1.1426703406813658e-01 -4.7122663825504860e+00 -5.3375425096761848e+00 -5.6847931497095834e+00 -5.9491562672478775e+00 -6.1788087488204075e+00 -6.3904429630622053e+00 
1.1526893787575182e-01 -4.7106018531706315e+00 -5.3353716096283419e+00 -5.6825670430689028e+00 -5.9470441469576398e+00 -6.1768615188183800e+00 -6.3886661826793798e+00 
1.1627084168336706e-01 -4.7089545746476640e+00 -5.3332275095608095e+00 -5.6803707403893595e+00 -5.9449615906166491e+00 -6.1749423041403633e+00 -6.3869154419482221e+00 
1.1727274549098229e-01 -4.7073242853325157e+00 -5.3311097167358223e+00 -5.6782036454086988e+00 -5.9429079797303155e+00 -6.1730505026839388e+00 -6.3851901711803460e+00 
1.1827464929859753e-01 -4.7057107291072997e+00 -5.3290177509265861e+00 -5.6760651782517142e+00 -5.9408827135157702e+00 -6.1711855300150527e+00 -6.3834898176729071e+00 
1.1927655310621277e-01 -4.7041136552370064e+00 -5.3269511440146475e+00 -5.6739547748605386e+00 -5.9388852082613779e+00 -6.1693468187141907e+00 -6.3818138450706217e+00 
1.2027845691382801e-01 -4.7025328182259898e+00 -5.3249094396029921e+00 -5.6718718864489031e+00 -5.9369148967141729e+00 -6.1675338177517069e+00 -6.3801617327566325e+00 
1.2128036072144324e-01 -4.7009679776791087e+00 -5.3228921926440780e+00 -5.6698159789791287e+00 -5.9349712274938637e+00 -6.1657459918908257e+00 -6.3785329752707751e+00 
1.2228226452905848e-01 -4.6994188981673428e+00 -5.3208989690822062e+00 -5.6677865326608048e+00 -5.9330536645320109e+00 -6.1639828211168677e+00 -6.3769270817537063e+00 
1.2328416833667372e-01 -4.6978853490976809e+00 -5.3189293455094964e+00 -5.6657830414700507e+00 -5.9311616865351340e+00 -6.1622438000913444e+00 -6.3753435754156138e+00 
1.2428607214428895e-01 -4.6963671045871695e+00 -5.3169829088349445e+00 -5.6638050126883916e+00 -5.9292947864705532e+00 -6.1605284376296776e+00 -6.3737819930282260e+00 
1.2528797595190419e-01 -4.6948639433409323e+00 -5.3150592559659087e+00 -5.6618519664603255e+00 -5.9274524710738214e+00 -6.1588362562013446e+00 -6.3722418844389583e+00 
1.2628987975951941e-01 -4.6933756485340155e+00 -5.3131579935015214e+00 -5.6599234353686638e+00 -5.9256342603767207e+00 -6.1571667914512682e+00 -6.3707228121059503e+00 
1.2729178356713464e-01 -4.6919020076969362e+00 -5.3112787374374824e+00 -5.6580189640268239e+00 -5.9238396872547696e+00 -6.1555195917415162e+00 -6.3692243506531305e+00 
1.2829368737474986e-01 -4.6904428126047835e+00 -5.3094211128817514e+00 -5.6561381086873022e+00 -5.9220682969933511e+00 -6.1538942177121720e+00 -6.3677460864441224e+00 
1.2929559118236508e-01 -4.6889978591697474e+00 -5.3075847537806480e+00 -5.6542804368655242e+00 -5.9203196468715333e+00 -6.1522902418605021e+00 -6.3662876171741969e+00 
1.3029749498998031e-01 -4.6875669473369488e+00 -5.3057693026549417e+00 -5.6524455269784353e+00 -5.9185933057627276e+00 -6.1507072481375777e+00 -6.3648485514792776e+00 
1.3129939879759553e-01 -4.6861498809834510e+00 -5.3039744103454725e+00 -5.6506329679970593e+00 -5.9168888537514297e+00 -6.1491448315613688e+00 -6.3634285085612188e+00 
1.3230130260521075e-01 -4.6847464678203492e+00 -5.3021997357679247e+00 -5.6488423591125185e+00 -5.9152058817652380e+00 -6.1476025978456752e+00 -6.3620271178285774e+00 
1.3330320641282598e-01 -4.6833565192978073e+00 -5.3004449456763547e+00 -5.6470733094147745e+00 -5.9135439912214798e+00 -6.1460801630440214e+00 -6.3606440185520681e+00 
1.3430511022044120e-01 -4.6819798505129615e+00 -5.2987097144351019e+00 -5.6453254375836153e+00 -5.9119027936877346e+00 -6.1445771532078908e+00 -6.3592788595340872e+00 
1.3530701402805642e-01 -4.6806162801205673e+00 -5.2969937237987512e+00 -5.6435983715912998e+00 -5.9102819105556099e+00 -6.1430932040585589e+00 -6.3579312987915184e+00 
1.3630891783567164e-01 -4.6792656302463103e+00 -5.2952966626997942e+00 -5.6418917484163593e+00 -5.9086809727272227e+00 -6.1416279606719444e+00 -6.3566010032513525e+00 
1.3731082164328687e-01 -4.6779277264026851e+00 -5.2936182270436936e+00 -5.6402052137680476e+00 -5.9070996203137316e+00 -6.1401810771758347e+00 -6.3552876484583427e+00 
1.3831272545090209e-01 -4.6766023974073345e+00 -5.2919581195110199e+00 -5.6385384218210017e+00 -5.9055375023454166e+00 -6.1387522164589576e+00 -6.3539909182942802e+00 
1.3931462925851731e-01 -4.6752894753038037e+00 -5.2903160493664148e+00 -5.6368910349596471e+00 -5.9039942764927851e+00 -6.1373410498913179e+00 -6.3527105047082806e+00 
1.4031653306613254e-01 -4.6739887952845702e+00 -5.2886917322740610e+00 -5.6352627235319517e+00 -5.9024696087982340e+00 -6.1359472570553066e+00 -6.3514461074575816e+00 
1.4131843687374776e-01 -4.6727001956163363e+00 -5.2870848901194245e+00 -5.6336531656120927e+00 -5.9009631734177370e+00 -6.1345705254871081e+00 -6.3501974338583889e+00 
1.4232034068136298e-01 -4.6714235175674448e+00 -5.2854952508370179e+00 -5.6320620467716962e+00 -5.8994746523721933e+00 -6.1332105504279415e+00 -6.3489641985463141e+00 
1.4332224448897821e-01 -4.6701586053373996e+00 -5.2839225482439458e+00 -5.6304890598592596e+00 -5.8980037353079791e+00 -6.1318670345846344e+00 -6.3477461232459458e+00 
1.4432414829659343e-01 -4.6689053059883756e+00 -5.2823665218789806e+00 -5.6289339047874423e+00 -5.8965501192662702e+00 -6.1305396878992662e+00 -6.3465429365492074e+00 
1.4532605210420865e-01 -4.6676634693787005e+00 -5.2808269168470119e+00 -5.6273962883278541e+00 -5.8951135084608604e+00 -6.1292282273273253e+00 -6.3453543737020430e+00 
1.4632795591182388e-01 -4.6664329480981648e+00 -5.2793034836685706e+00 -5.6258759239130649e+00 -5.8936936140639711e+00 -6.1279323766240648e+00 -6.3441801763990764e+00 
1.4732985971943910e-01 -4.6652135974052147e+00 -5.2777959781343240e+00 -5.6243725314455482e+00 -5.8922901539998502e+00 -6.1266518661387828e+00 -6.3430200925859772e+00 
1.4833176352705432e-01 -4.6640052751658372e+00 -5.2763041611642976e+00 -5.6228858371132135e+00 -5.8909028527457235e+00 -6.1253864326165282e+00 -6.3418738762690410e+00 
1.4933366733466955e-01 -4.6628078417941898e+00 -5.2748277986716428e+00 -5.6214155732113493e+00 -5.8895314411398676e+00 -6.1241358190070931e+00 -6.3407412873318618e+00 
1.5033557114228477e-01 -4.6616211601948470e+00 -5.2733666614307975e+00 -5.6199614779706186e+00 -5.8881756561964478e+00 -6.1228997742807829e+00 -6.3396220913585930e+00 
1.5133747494989999e-01 -4.6604450957066490e+00 -5.2719205249498904e+00 -5.6185232953909718e+00 -5.8868352409268994e+00 -6.1216780532509114e+00 -6.3385160594637284e+00 
1.5233937875751521e-01 -4.6592795160480840e+00 -5.2704891693471483e+00 -5.6171007750811333e+00 -5.8855099441675103e+00 -6.1204704164025223e+00 -6.3374229681279086e+00 
1.5334128256513044e-01 -4.6581242912641576e+00 -5.2690723792312779e+00 -5.6156936721035207e+00 -5.8841995204130431e+00 -6.1192766297271914e+00 -6.3363425990396767e+00 
1.5434318637274566e-01 -4.6569792936747136e+00 -5.2676699435855641e+00 -5.6143017468243395e+00 -5.8829037296560465e+00 -6.1180964645636653e+00 -6.3352747389428368e+00 
1.5534509018036088e-01 -4.6558443978241302e+00 -5.2662816556556216e+00 -5.6129247647686720e+00 -5.8816223372317316e+00 -6.1169296974440464e+00 -6.3342191794892058e+00 
1.5634699398797611e-01 -4.6547194804323935e+00 -5.2649073128406219e+00 -5.6115624964803477e+00 -5.8803551136680943e+00 -6.1157761099453083e+00 -6.3331757170965632e+00 
1.5734889779559133e-01 -4.6536044203474534e+00 -5.2635467165878991e+00 -5.6102147173864383e+00 -5.8791018345411459e+00 -6.1146354885459662e+00 -6.3321441528115265e+00 
1.5835080160320655e-01 -4.6524990984988701e+00 -5.2621996722907856e+00 -5.6088812076661529e+00 -5.8778622803350329e+00 -6.1135076244876387e+00 -6.3311242921772113e+00 
1.5935270541082178e-01 -4.6514033978526692e+00 -5.2608659891895808e+00 -5.6075617521240195e+00 -5.8766362363067746e+00 -6.1123923136413412e+00 -6.3301159451054518e+00 
1.6035460921843700e-01 -4.6503172033673916e+00 -5.2595454802755350e+00 -5.6062561400671447e+00 -5.8754234923556021e+00 -6.1112893563783057e+00 -6.3291189257533853e+00 
1.6135651302605222e-01 -4.6492404019513138e+00 -5.2582379621977324e+00 -5.6049641651864253e+00 -5.8742238428965399e+00 -6.1101985574451616e+00 -6.3281330524042705e+00 
1.6235841683366745e-01 -4.6481728824207584e+00 -5.2569432551727866e+00 -5.6036856254415488e+00 -5.8730370867382096e+00 -6.1091197258432972e+00 -6.3271581473523248e+00 
1.6336032064128267e-01 -4.6471145354595009e+00 -5.2556611828972191e+00 -5.6024203229496381e+00 -5.8718630269645651e+00 -6.1080526747122104e+00 -6.3261940367914375e+00 
1.6436222444889789e-01 -4.6460652535792244e+00 -5.2543915724624863e+00 -5.6011680638774317e+00 -5.8707014708205412e+00 -6.1069972212167611e+00 -6.3252405507076261e+00 
1.6536412825651312e-01 -4.6450249310810090e+00 -5.2531342542724726e+00 -5.5999286583368368e+00 -5.8695522296013571e+00 -6.1059531864381169e+00 -6.3242975227750433e+00 
1.6636603206412834e-01 -4.6439934640177709e+00 -5.2518890619634639e+00 -5.5987019202837356e+00 -5.8684151185454017e+00 -6.1049203952682465e+00 -6.3233647902554608e+00 
1.6736793587174356e-01 -4.6429707501576924e+00 -5.2506558323264265e+00 -5.5974876674199425e+00 -5.8672899567305210e+00 -6.1038986763078800e+00 -6.3224421939010353e+00 
1.6836983967935878e-01 -4.6419566889485742e+00 -5.2494344052315807e+00 -5.5962857210981936e+00 -5.8661765669736239e+00 -6.1028878617677487e+00 -6.3215295778602423e+00 
1.6937174348697401e-01 -4.6409511814830751e+00 -5.2482246235551422e+00 -5.5950959062300436e+00 -5.8650747757334640e+00 -6.1018877873730020e+00 -6.3206267895869228e+00 
1.7037364729458923e-01 -4.6399541304648428e+00 -5.2470263331081943e+00 -5.5939180511965834e+00 -5.8639844130164489e+00 -6.1008982922706920e+00 -6.3197336797521952e+00 
1.7137555110220445e-01 -4.6389654401754825e+00 -5.2458393825675902e+00 -5.5927519877618650e+00 -5.8629053122854398e+00 -6.0999192189401805e+00 -6.3188501021592751e+00 
1.7237745490981968e-01 -4.6379850164423519e+00 -5.2446636234088269e+00 -5.5915975509889382e+00 -5.8618373103713290e+00 -6.0989504131063947e+00 -6.3179759136609448e+00 
1.7337935871743490e-01 -4.6370127666071612e+00 -5.2434989098408371e+00 -5.5904545791584210e+00 -5.8607802473874040e+00 -6.0979917236558219e+00 -6.3171109740797116e+00 
1.7438126252505012e-01 -4.6360485994953393e+00 -5.2423450987426197e+00 -5.5893229136894984e+00 -5.8597339666463295e+00 -6.0970430025550888e+00 -6.3162551461304615e+00 
1.7538316633266535e-01 -4.6350924253861674e+00 -5.2412020496016529e+00 -5.5882023990632677e+00 -5.8586983145796410e+00 -6.0961041047721318e+00 -6.3154082953455291e+00 
1.7638507014028057e-01 -4.6341441559836252e+00 -5.2400696244540219e+00 -5.5870928827483572e+00 -5.8576731406597347e+00 -6.0951748881997379e+00 -6.3145702900021288e+00 
1.7738697394789579e-01 -4.6332037043879719e+00 -5.2389476878262329e+00 -5.5859942151287223e+00 -5.8566582973241781e+00 -6.0942552135815120e+00 -6.3137410010520627e+00 
1.7838887775551102e-01 -4.6322709850679926e+00 -5.2378361066786177e+00 -5.5849062494335708e+00 -5.8556536399023100e+00 -6.0933449444400356e+00 -6.3129203020535609e+00 
1.7939078156312624e-01 -4.6313459138339423e+00 -5.2367347503503261e+00 -5.5838288416693125e+00 -5.8546590265440681e+00 -6.0924439470072853e+00 -6.3121080691052329e+00 
1.8039268537074146e-01 -4.6304284078111140e+00 -5.2356434905057911e+00 -5.5827618505534931e+00 -5.8536743181508673e+00 -6.0915520901570757e+00 -6.3113041807820647e+00 
1.8139458917835669e-01 -4.6295183854140598e+00 -5.2345622010826904e+00 -5.5817051374506166e+00 -5.8526993783086185e+00 -6.0906692453396314e+00 -6.3105085180733216e+00 
1.8239649298597191e-01 -4.6286157663214240e+00 -5.2334907582413033e+00 -5.5806585663098325e+00 -5.8517340732226168e+00 -6.0897952865180214e+00 -6.3097209643223753e+00 
1.8339839679358713e-01 -4.6277204714513651e+00 -5.2324290403152380e+00 -5.5796220036043689e+00 -5.8507782716544456e+00 -6.0889300901065635e+00 -6.3089414051682953e+00 
1.8440030060120235e-01 -4.6268324229375768e+00 -5.2313769277634981e+00 -5.5785953182727095e+00 -5.8498318448606348e+00 -6.0880735349110155e+00 -6.3081697284892373e+00 
1.8540220440881758e-01 -4.6259515441058543e+00 -5.2303343031238017e+00 -5.5775783816614233e+00 -5.8488946665331314e+00 -6.0872255020705355e+00 -6.3074058243474820e+00 
1.8640410821643280e-01 -4.6250777594512229e+00 -5.2293010509671962e+00 -5.5765710674696019e+00 -5.8479666127415131e+00 -6.0863858750013540e+00 -6.3066495849361202e+00 
1.8740601202404802e-01 -4.6242109946155985e+00 -5.2282770578538100e+00 -5.5755732516948324e+00 -5.8470475618768090e+00 -6.0855545393420805e+00 -6.3059009045272916e+00 
1.8840791583166325e-01 -4.6233511763659720e+00 -5.2272622122898476e+00 -5.5745848125807189e+00 -5.8461373945969886e+00 -6.0847313829006113e+00 -6.3051596794220011e+00 
1.8940981963927847e-01 -4.6224982325730917e+00 -5.2262564046856443e+00 -5.5736056305658037e+00 -5.8452359937739322e+00 -6.0839162956025490e+00 -6.3044258079012936e+00 
1.9041172344689369e-01 -4.6216520921906392e+00 -5.2252595273148668e+00 -5.5726355882339194e+00 -5.8443432444419550e+00 -6.0831091694411166e+00 -6.3036991901789543e+00 
1.9141362725450892e-01 -4.6208126852348927e+00 -5.2242714742747562e+00 -5.5716745702659285e+00 -5.8434590337477639e+00 -6.0823098984285124e+00 -6.3029797283555089e+00 
1.9241553106212414e-01 -4.6199799427648429e+00 -5.2232921414473994e+00 -5.5707224633927179e+00 -5.8425832509017992e+00 -6.0815183785486440e+00 -6.3022673263735731e+00 
1.9341743486973936e-01 -4.6191537968627809e+00 -5.2223214264620124e+00 -5.5697791563495347e+00 -5.8417157871309602e+00 -6.0807345077111776e+00 -6.3015618899744634e+00 
1.9441933867735459e-01 -4.6183341806152987e+00 -5.2213592286581720e+00 -5.5688445398315043e+00 -5.8408565356326276e+00 -6.0799581857069178e+00 -6.3008633266560681e+00 
1.9542124248496981e-01 -4.6175210280947461e+00 -5.2204054490500162e+00 -5.5679185064503782e+00 -5.8400053915299468e+00 -6.0791893141644238e+00 -6.3001715456318701e+00 
1.9642314629258503e-01 -4.6167142743410992e+00 -5.2194599902913197e+00 -5.5670009506924298e+00 -5.8391622518283599e+00 -6.0784277965078131e+00 -6.2994864577911756e+00 
1.9742505010020026e-01 -4.6159138553442185e+00 -5.2185227566414856e+00 -5.5660917688774649e+00 -5.8383270153733022e+00 -6.0776735379157767e+00 -6.2988079756604023e+00 
1.9842695390781548e-01 -4.6151197080265280e+00 -5.2175936539323811e+00 -5.5651908591189194e+00 -5.8374995828090830e+00 -6.0769264452817033e+00 -6.2981360133655073e+00 
1.9942885771543070e-01 -4.6143317702260642e+00 -5.2166725895360022e+00 -5.5642981212850264e+00 -5.8366798565388356e+00 -6.0761864271748873e+00 -6.2974704865954036e+00 
2.0043076152304592e-01 -4.6135499806799114e+00 -5.2157594723329437e+00 -5.5634134569609834e+00 -5.8358677406855834e+00 -6.0754533938028379e+00 -6.2968113125664127e+00 
2.0143266533066115e-01 -4.6127742790079838e+00 -5.2148542126816855e+00 -5.5625367694121142e+00 -5.8350631410543370e+00 -6.0747272569745752e+00 -6.2961584099877017e+00 
2.0243456913827637e-01 -4.6120046056971908e+00 -5.2139567223885850e+00 -5.5616679635479960e+00 -5.8342659650951951e+00 -6.0740079300649326e+00 -6.2955116990276663e+00 
2.0343647294589159e-01 -4.6112409020859282e+00 -5.2130669146786603e+00 -5.5608069458875171e+00 -5.8334761218674442e+00 -6.0732953279798290e+00 -6.2948711012811884e+00 
2.0443837675350682e-01 -4.6104831103489214e+00 -5.2121847041670639e+00 -5.5599536245248213e+00 -5.8326935220045852e+00 -6.0725893671224886e+00 -6.2942365397378506e+00 
2.0544028056112204e-01 -4.6097311734823858e+00 -5.2113100068312566e+00 -5.5591079090961379e+00 -5.8319180776802959e+00 -6.0718899653605050e+00 -6.2936079387509443e+00 
2.0644218436873726e-01 -4.6089850352895212e+00 -5.2104427399838702e+00 -5.5582697107474575e+00 -5.8311497025753019e+00 -6.0711970419938641e+00 -6.2929852240073494e+00 
2.0744408817635249e-01 -4.6082446403663093e+00 -5.2095828222462082e+00 -5.5574389421030279e+00 -5.8303883118450450e+00 -6.0705105177237257e+00 -6.2923683224982012e+00 
2.0844599198396771e-01 -4.6075099340876235e+00 -5.2087301735224125e+00 -5.5566155172346532e+00 -5.8296338220882893e+00 -6.0698303146221120e+00 -6.2917571624903470e+00 
2.0944789579158293e-01 -4.6067808625936335e+00 -5.2078847149742309e+00 -5.5557993516317694e+00 -5.8288861513164552e+00 -6.0691563561023232e+00 -6.2911516734985566e+00 
2.1044979959919816e-01 -4.6060573727764949e+00 -5.2070463689963784e+00 -5.5549903621722390e+00 -5.8281452189237779e+00 -6.0684885668901671e+00 -6.2905517862584492e+00 
2.1145170340681338e-01 -4.6053394122673348e+00 -5.2062150591925329e+00 -5.5541884670939377e+00 -5.8274109456582401e+00 -6.0678268729959095e+00 -6.2899574327001648e+00 
2.1245360721442860e-01 -4.6046269294234952e+00 -5.2053907103518373e+00 -5.5533935859669787e+00 -5.8266832535932123e+00 -6.0671712016869899e+00 -6.2893685459226880e+00 
2.1345551102204383e-01 -4.6039198733160589e+00 -5.2045732484260032e+00 -5.5526056396666830e+00 -5.8259620660998497e+00 -6.0665214814613613e+00 -6.2887850601688466e+00 
2.1445741482965905e-01 -4.6032181937176393e+00 -5.2037626005069475e+00 -5.5518245503471828e+00 -5.8252473078201614e+00 -6.0658776420216274e+00 -6.2882069108010050e+00 
2.1545931863727427e-01 -4.6025218410904110e+00 -5.2029586948049191e+00 -5.5510502414156697e+00 -5.8245389046407574e+00 -6.0652396142497293e+00 -6.2876340342772883e+00 
2.1646122244488950e-01 -4.6018307665744018e+00 -5.2021614606271829e+00 -5.5502826375073049e+00 -5.8238367836672946e+00 -6.0646073301823593e+00 -6.2870663681285119e+00 
2.1746312625250472e-01 -4.6011449219760330e+00 -5.2013708283571702e+00 -5.5495216644607108e+00 -5.8231408731994758e+00 -6.0639807229869280e+00 -6.2865038509356550e+00 
2.1846503006011994e-01 -4.6004642597568788e+00 -5.2005867294341144e+00 -5.5487672492940634e+00 -5.8224511027067534e+00 -6.0633597269381978e+00 -6.2859464223078891e+00 
2.1946693386773516e-01 -4.5997887330226748e+00 -5.1998090963331700e+00 -5.5480193201817745e+00 -5.8217674028046149e+00 -6.0627442773954572e+00 -6.2853940228612108e+00 
2.2046883767535039e-01 -4.5991182955125431e+00 -5.1990378625459615e+00 -5.5472778064317030e+00 -5.8210897052313841e+00 -6.0621343107802890e+00 -6.2848465941975853e+00 
2.2147074148296561e-01 -4.5984529015884448e+00 -5.1982729625616182e+00 -5.5465426384629692e+00 -5.8204179428257108e+00 -6.0615297645548889e+00 -6.2843040788845954e+00 
2.2247264529058083e-01 -4.5977925062248408e+00 -5.1975143318482013e+00 -5.5458137477842229e+00 -5.8197520495044888e+00 -6.0609305772009003e+00 -6.2837664204356409e+00 
2.2347454909819606e-01 -4.5971370649985683e+00 -5.1967619068345652e+00 -5.5450910669725024e+00 -5.8190919602414102e+00 -6.0603366881988183e+00 -6.2832335632906080e+00 
2.2447645290581128e-01 -4.5964865340789185e+00 -5.1960156248926381e+00 -5.5443745296525275e+00 -5.8184376110459537e+00 -6.0597480380078226e+00 -6.2827054527969954e+00 
2.2547835671342650e-01 -4.5958408702179181e+00 -5.1952754243201005e+00 -5.5436640704765274e+00 -5.8177889389429502e+00 -6.0591645680462012e+00 -6.2821820351915632e+00 
2.2648026052104173e-01 -4.5952000307408021e+00 -5.1945412443234282e+00 -5.5429596251045155e+00 -5.8171458819525927e+00 -6.0585862206721428e+00 -6.2816632575823705e+00 
2.2748216432865695e-01 -4.5945639735366868e+00 -5.1938130250013517e+00 -5.5422611301850466e+00 -5.8165083790709522e+00 -6.0580129391650965e+00 -6.2811490679312971e+00 
2.2848406813627217e-01 -4.5939326570494154e+00 -5.1930907073286470e+00 -5.5415685233363909e+00 -5.8158763702509342e+00 -6.0574446677075002e+00 -6.2806394150369576e+00 
2.2948597194388740e-01 -4.5933060402686001e+00 -5.1923742331403160e+00 -5.5408817431281774e+00 -5.8152497963836938e+00 -6.0568813513670259e+00 -6.2801342485180633e+00 
2.3048787575150262e-01 -4.5926840827208268e+00 -5.1916635451160893e+00 -5.5402007290634305e+00 -5.8146285992805167e+00 -6.0563229360791242e+00 -6.2796335187971470e+00 
2.3148977955911784e-01 -4.5920667444610519e+00 -5.1909585867652881e+00 -5.5395254215610477e+00 -5.8140127216550708e+00 -6.0557693686301732e+00 -6.2791371770847366e+00 
2.3249168336673307e-01 -4.5914539860614765e+00 -5.1902593024120174e+00 -5.5388557619386498e+00 -5.8134021071061230e+00 -6.0552205966408428e+00 -6.2786451753638248e+00 
2.3349358717434829e-01 -4.5908457686166475e+00 -5.1895656371806664e+00 -5.5381916923958556e+00 -5.8127967001006402e+00 -6.0546765685499508e+00 -6.2781574663747932e+00 
2.3449549098196351e-01 -4.5902420537085904e+00 -5.1888775369817397e+00 -5.5375331559978944e+00 -5.8121964459572828e+00 -6.0541372335986932e+00 -6.2776740036006418e+00 
2.3549739478957873e-01 -4.5896428034256020e+00 -5.1881949484979906e+00 -5.5368800966596261e+00 -5.8116012908302661e+00 -6.0536025418152066e+00 -6.2771947412525808e+00 
2.3649929859719396e-01 -4.5890479803410757e+00 -5.1875178191708509e+00 -5.5362324591299172e+00 -5.8110111816936412e+00 -6.0530724439995218e+00 -6.2767196342559668e+00 
2.3750120240480918e-01 -4.5884575475085265e+00 -5.1868460971871544e+00 -5.5355901889763288e+00 -5.8104260663258609e+00 -6.0525468917088938e+00 -6.2762486382365701e+00 
2.3850310621242440e-01 -4.5878714684540771e+00 -5.1861797314661411e+00 -5.5349532325701887e+00 -5.8098458932947761e+00 -6.0520258372433720e+00 -6.2757817095071582e+00 
2.3950501002003963e-01 -4.5872897071691110e+00 -5.1855186716467525e+00 -5.5343215370720049e+00 -5.8092706119429209e+00 -6.0515092336318208e+00 -6.2753188050544031e+00 
2.4050691382765485e-01 -4.5867122281030515e+00 -5.1848628680751769e+00 -5.5336950504171378e+00 -5.8087001723731495e+00 -6.0509970346181783e+00 -6.2748598825260391e+00 
2.4150881763527007e-01 -4.5861389961562740e+00 -5.1842122717926626e+00 -5.5330737213018635e+00 -5.8081345254345962e+00 -6.0504891946480877e+00 -6.2744049002184177e+00 
2.4251072144288530e-01 -4.5855699766731739e+00 -5.1835668345236074e+00 -5.5324574991697002e+00 -5.8075736227089623e+00 -6.0499856688557871e+00 -6.2739538170642453e+00 
2.4351262525050052e-01 -4.5850051354353436e+00 -5.1829265086638712e+00 -5.5318463341980433e+00 -5.8070174164971018e+00 -6.0494864130513069e+00 -6.2735065926206763e+00 
2.4451452905811574e-01 -4.5844444386548950e+00 -5.1822912472693679e+00 -5.5312401772851025e+00 -5.8064658598058791e+00 -6.0489913837079916e+00 -6.2730631870576321e+00 
2.4551643286573097e-01 -4.5838878529678926e+00 -5.1816610040448312e+00 -5.5306389800370992e+00 -5.8059189063353642e+00 -6.0485005379502592e+00 -6.2726235611463999e+00 
2.4651833667334619e-01 -4.5833353454279306e+00 -5.1810357333329069e+00 -5.5300426947557844e+00 -5.8053765104662984e+00 -6.0480138335416669e+00 -6.2721876762485076e+00 
2.4752024048096141e-01 -4.5827868834998098e+00 -5.1804153901033851e+00 -5.5294512744261732e+00 -5.8048386272478112e+00 -6.0475312288732006e+00 -6.2717554943048173e+00 
2.4852214428857664e-01 -4.5822424350533479e+00 -5.1797999299427069e+00 -5.5288646727045787e+00 -5.8043052123854411e+00 -6.0470526829518958e+00 -6.2713269778248826e+00 
2.4952404809619186e-01 -4.5817019683572973e+00 -5.1791893090436663e+00 -5.5282828439069061e+00 -5.8037762222293914e+00 -6.0465781553896427e+00 -6.2709020898765546e+00 
2.5052595190380711e-01 -4.5811654520733702e+00 -5.1785834841953271e+00 -5.5277057429971581e+00 -5.8032516137630807e+00 -6.0461076063922645e+00 -6.2704807940757972e+00 
2.5152785571142233e-01 -4.5806328552503972e+00 -5.1779824127731375e+00 -5.5271333255762309e+00 -5.8027313445918747e+00 -6.0456409967488431e+00 -6.2700630545767284e+00 
2.5252975951903756e-01 -4.5801041473185631e+00 -5.1773860527292754e+00 -5.5265655478709208e+00 -5.8022153729321433e+00 -6.0451782878212921e+00 -6.2696488360619167e+00 
2.5353166332665278e-01 -4.5795792980837753e+00 -5.1767943625831467e+00 -5.5260023667231719e+00 -5.8017036576004930e+00 -6.0447194415341023e+00 -6.2692381037328380e+00 
2.5453356713426800e-01 -4.5790582777221118e+00 -5.1762073014121031e+00 -5.5254437395795426e+00 -5.8011961580032523e+00 -6.0442644203643665e+00 -6.2688308233005925e+00 
2.5553547094188322e-01 -4.5785410567743972e+00 -5.1756248288423556e+00 -5.5248896244808998e+00 -5.8006928341261954e+00 -6.0438131873320211e+00 -6.2684269609767806e+00 
2.5653737474949845e-01 -4.5780276061408562e+00 -5.1750469050400350e+00 -5.5243399800523383e+00 -5.8001936465244599e+00 -6.0433657059902304e+00 -6.2680264834646238e+00 
2.5753927855711367e-01 -4.5775178970758637e+00 -5.1744734907024590e+00 -5.5237947654932720e+00 -5.7996985563126939e+00 -6.0429219404160710e+00 -6.2676293579502342e+00 
2.5854118236472889e-01 -4.5770119011828161e+00 -5.1739045470495730e+00 -5.5232539405677956e+00 -5.7992075251554098e+00 -6.0424818552013599e+00 -6.2672355520941112e+00 
2.5954308617234412e-01 -4.5765095904090591e+00 -5.1733400358155537e+00 -5.5227174655951723e+00 -5.7987205152575454e+00 -6.0420454154436705e+00 -6.2668450340227917e+00 
2.6054498997995934e-01 -4.5760109370409356e+00 -5.1727799192405612e+00 -5.5221853014405733e+00 -5.7982374893552073e+00 -6.0416125867375872e+00 -6.2664577723206776e+00 
2.6154689378757456e-01 -4.5755159136989052e+00 -5.1722241600627008e+00 -5.5216574095059814e+00 -5.7977584107066367e+00 -6.0411833351660968e+00 -6.2660737360220820e+00 
2.6254879759518979e-01 -4.5750244933327631e+00 -5.1716727215100953e+00 -5.5211337517212780e+00 -5.7972832430833297e+00 -6.0407576272921935e+00 -6.2656928946033963e+00 
2.6355070140280501e-01 -4.5745366492169346e+00 -5.1711255672931333e+00 -5.5206142905355415e+00 -5.7968119507613771e+00 -6.0403354301506571e+00 -6.2653152179754388e+00 
2.6455260521042023e-01 -4.5740523549458558e+00 -5.1705826615968746e+00 -5.5200989889084742e+00 -5.7963444985129522e+00 -6.0399167112399743e+00 -6.2649406764759785e+00 
2.6555450901803546e-01 -4.5735715844294456e+00 -5.1700439690735909e+00 -5.5195878103020526e+00 -5.7958808515979978e+00 -6.0395014385144812e+00 -6.2645692408624036e+00 
2.6655641282565068e-01 -4.5730943118886396e+00 -5.1695094548354543e+00 -5.5190807186723054e+00 -5.7954209757560760e+00 -6.0390895803766185e+00 -6.2642008823045447e+00 
2.6755831663326590e-01 -4.5726205118510217e+00 -5.1689790844473862e+00 -5.5185776784612877e+00 -5.7949648371983802e+00 -6.0386811056693821e+00 -6.2638355723776593e+00 
2.6856022044088113e-01 -4.5721501591465188e+00 -5.1684528239200000e+00 -5.5180786545892024e+00 -5.7945124025999188e+00 -6.0382759836689166e+00 -6.2634732830555331e+00 
2.6956212424849635e-01 -4.5716832289031792e+00 -5.1679306397027274e+00 -5.5175836124466686e+00 -5.7940636390918536e+00 -6.0378741840772481e+00 -6.2631139867037735e+00 
2.7056402805611157e-01 -4.5712196965430207e+00 -5.1674124986770504e+00 -5.5170925178871650e+00 -5.7936185142539962e+00 -6.0374756770152063e+00 -6.2627576560731999e+00 
2.7156593186372679e-01 -4.5707595377779509e+00 -5.1668983681498712e+00 -5.5166053372196124e+00 -5.7931769961074542e+00 -6.0370804330154408e+00 -6.2624042642933819e+00 
2.7256783567134202e-01 -4.5703027286057614e+00 -5.1663882158469949e+00 -5.5161220372011011e+00 -5.7927390531074279e+00 -6.0366884230156206e+00 -6.2620537848663247e+00 
2.7356973947895724e-01 -4.5698492453061910e+00 -5.1658820099067659e+00 -5.5156425850297648e+00 -5.7923046541361520e+00 -6.0362996183517659e+00 -6.2617061916602630e+00 
2.7457164328657246e-01 -4.5693990644370537e+00 -5.1653797188737780e+00 -5.5151669483377939e+00 -5.7918737684959742e+00 -6.0359139907516743e+00 -6.2613614589036013e+00 
2.7557354709418769e-01 -4.5689521628304322e+00 -5.1648813116927554e+00 -5.5146950951845950e+00 -5.7914463659025754e+00 -6.0355315123285393e+00 -6.2610195611789585e+00 
2.7657545090180291e-01 -4.5685085175889517e+00 -5.1643867577025082e+00 -5.5142269940500590e+00 -5.7910224164783290e+00 -6.0351521555746732e+00 -6.2606804734173549e+00 
2.7757735470941813e-01 -4.5680681060820909e+00 -5.1638960266300264e+00 -5.5137626138279874e+00 -5.7906018907457879e+00 -6.0347758933553317e+00 -6.2603441708924938e+00 
2.7857925851703336e-01 -4.5676309059425826e+00 -5.1634090885846637e+00 -5.5133019238196326e+00 -5.7901847596212965e+00 -6.0344026989026895e+00 -6.2600106292151771e+00 
2.7958116232464858e-01 -4.5671968950628603e+00 -5.1629259140524528e+00 -5.5128448937273618e+00 -5.7897709944087339e+00 -6.0340325458099509e+00 -6.2596798243278258e+00 
2.8058306613226380e-01 -4.5667660515915660e+00 -5.1624464738904994e+00 -5.5123914936484528e+00 -5.7893605667933770e+00 -6.0336654080255157e+00 -6.2593517324991135e+00 
2.8158496993987903e-01 -4.5663383539301297e+00 -5.1619707393215073e+00 -5.5119416940689936e+00 -5.7889534488358931e+00 -6.0333012598473514e+00 -6.2590263303186910e+00 
2.8258687374749425e-01 -4.5659137807293861e+00 -5.1614986819283875e+00 -5.5114954658579238e+00 -5.7885496129664329e+00 -6.0329400759173852e+00 -6.2587035946920384e+00 
2.8358877755510947e-01 -4.5654923108862677e+00 -5.1610302736489686e+00 -5.5110527802611520e+00 -5.7881490319788549e+00 -6.0325818312160662e+00 -6.2583835028354216e+00 
2.8459068136272470e-01 -4.5650739235405480e+00 -5.1605654867708051e+00 -5.5106136088958344e+00 -5.7877516790250549e+00 -6.0322265010570115e+00 -6.2580660322709125e+00 
2.8559258517033992e-01 -4.5646585980716194e+00 -5.1601042939260857e+00 -5.5101779237446973e+00 -5.7873575276093883e+00 -6.0318740610817700e+00 -6.2577511608215577e+00 
2.8659448897795514e-01 -4.5642463140953717e+00 -5.1596466680866389e+00 -5.5097456971505467e+00 -5.7869665515832542e+00 -6.0315244872546696e+00 -6.2574388666065905e+00 
2.8759639278557037e-01 -4.5638370514610660e+00 -5.1591925825589957e+00 -5.5093169018108110e+00 -5.7865787251396954e+00 -6.0311777558577786e+00 -6.2571291280367785e+00 
2.8859829659318559e-01 -4.5634307902483036e+00 -5.1587420109795978e+00 -5.5088915107722256e+00 -5.7861940228082078e+00 -6.0308338434859730e+00 -6.2568219238098584e+00 
2.8960020040080081e-01 -4.5630275107640266e+00 -5.1582949273100374e+00 -5.5084694974255966e+00 -5.7858124194495408e+00 -6.0304927270420512e+00 -6.2565172329059999e+00 
2.9060210420841603e-01 -4.5626271935395701e+00 -5.1578513058324305e+00 -5.5080508355006872e+00 -5.7854338902506974e+00 -6.0301543837320386e+00 -6.2562150345834810e+00 
2.9160400801603126e-01 -4.5622298193277704e+00 -5.1574111211448264e+00 -5.5076354990611662e+00 -5.7850584107199357e+00 -6.0298187910604399e+00 -6.2559153083742984e+00 
2.9260591182364648e-01 -4.5618353691001028e+00 -5.1569743481567407e+00 -5.5072234624996854e+00 -5.7846859566819582e+00 -6.0294859268257701e+00 -6.2556180340799692e+00 
2.9360781563126170e-01 -4.5614438240438888e+00 -5.1565409620847484e+00 -5.5068147005330186e+00 -5.7843165042731064e+00 -6.0291557691159605e+00 -6.2553231917673813e+00 
2.9460971943887693e-01 -4.5610551655595399e+00 -5.1561109384481485e+00 -5.5064091881973045e+00 -5.7839500299367010e+00 -6.0288282963040336e+00 -6.2550307617647238e+00 
2.9561162324649215e-01 -4.5606693752578380e+00 -5.1556842530647309e+00 -5.5060069008433867e+00 -5.7835865104184476e+00 -6.0285034870437428e+00 -6.2547407246574567e+00 
2.9661352705410737e-01 -4.5602864349572769e+00 -5.1552608820465924e+00 -5.5056078141322091e+00 -5.7832259227619502e+00 -6.0281813202653627e+00 -6.2544530612844618e+00 
2.9761543086172260e-01 -4.5599063266814239e+00 -5.1548408017960297e+00 -5.5052119040303298e+00 -5.7828682443042547e+00 -6.0278617751714885e+00 -6.2541677527341291e+00 
2.9861733466933782e-01 -4.5595290326563580e+00 -5.1544239890015344e+00 -5.5048191468054970e+00 -5.7825134526715543e+00 -6.0275448312330253e+00 -6.2538847803406217e+00 
2.9961923847695304e-01 -4.5591545353081120e+00 -5.1540104206338180e+00 -5.5044295190223069e+00 -5.7821615257748995e+00 -6.0272304681851150e+00 -6.2536041256801829e+00 
3.0062114228456827e-01 -4.5587828172601856e+00 -5.1536000739419281e+00 -5.5040429975379501e+00 -5.7818124418060375e+00 -6.0269186660232537e+00 -6.2533257705674883e+00 
3.0162304609218349e-01 -4.5584138613310801e+00 -5.1531929264494396e+00 -5.5036595594980220e+00 -5.7814661792333144e+00 -6.0266094049994319e+00 -6.2530496970520844e+00 
3.0262494989979871e-01 -4.5580476505318837e+00 -5.1527889559506868e+00 -5.5032791823324168e+00 -5.7811227167976238e+00 -6.0263026656183207e+00 -6.2527758874149022e+00 
3.0362685370741394e-01 -4.5576841680638882e+00 -5.1523881405070870e+00 -5.5029018437513058e+00 -5.7807820335084923e+00 -6.0259984286336072e+00 -6.2525043241648444e+00 
3.0462875751502916e-01 -4.5573233973162539e+00 -5.1519904584435174e+00 -5.5025275217411522e+00 -5.7804441086401672e+00 -6.0256966750443057e+00 -6.2522349900353760e+00 
3.0563066132264438e-01 -4.5569653218636921e+00 -5.1515958883447412e+00 -5.5021561945608406e+00 -5.7801089217278259e+00 -6.0253973860912140e+00 -6.2519678679812634e+00 
3.0663256513025960e-01 -4.5566099254642154e+00 -5.1512044090519318e+00 -5.5017878407378538e+00 -5.7797764525638318e+00 -6.0251005432533917e+00 -6.2517029411752967e+00 
3.0763446893787483e-01 -4.5562571920568873e+00 -5.1508159996592138e+00 -5.5014224390645188e+00 -5.7794466811940630e+00 -6.0248061282446779e+00 -6.2514401930051502e+00 
3.0863637274549005e-01 -4.5559071057596432e+00 -5.1504306395102946e+00 -5.5010599685943093e+00 -5.7791195879143018e+00 -6.0245141230103885e+00 -6.2511796070702230e+00 
3.0963827655310527e-01 -4.5555596508671137e+00 -5.1500483081951369e+00 -5.5007004086382469e+00 -5.7787951532666950e+00 -6.0242245097239069e+00 -6.2509211671785732e+00 
3.1064018036072050e-01 -4.5552148118485061e+00 -5.1496689855466968e+00 -5.5003437387613223e+00 -5.7784733580362930e+00 -6.0239372707834793e+00 -6.2506648573439305e+00 
3.1164208416833572e-01 -4.5548725733455173e+00 -5.1492926516377109e+00 -5.4999899387790183e+00 -5.7781541832476089e+00 -6.0236523888089915e+00 -6.2504106617827295e+00 
3.1264398797595094e-01 -4.5545329201702565e+00 -5.1489192867775548e+00 -5.4996389887538708e+00 -5.7778376101612912e+00 -6.0233698466388219e+00 -6.2501585649112066e+00 
3.1364589178356617e-01 -4.5541958373032303e+00 -5.1485488715091146e+00 -5.4992908689920945e+00 -5.7775236202708093e+00 -6.0230896273267609e+00 -6.2499085513425445e+00 
3.1464779559118139e-01 -4.5538613098913361e+00 -5.1481813866057715e+00 -5.4989455600402737e+00 -5.7772121952992261e+00 -6.0228117141389683e+00 -6.2496606058840953e+00 
3.1564969939879661e-01 -4.5535293232459075e+00 -5.1478168130683812e+00 -5.4986030426820980e+00 -5.7769033171960311e+00 -6.0225360905510152e+00 -6.2494147135346081e+00 
3.1665160320641184e-01 -4.5531998628407742e+00 -5.1474551321223370e+00 -5.4982632979351793e+00 -5.7765969681339993e+00 -6.0222627402449405e+00 -6.2491708594815627e+00 
3.1765350701402706e-01 -4.5528729143103588e+00 -5.1470963252146715e+00 -5.4979263070478943e+00 -5.7762931305061471e+00 -6.0219916471063719e+00 -6.2489290290984760e+00 
3.1865541082164228e-01 -4.5525484634477955e+00 -5.1467403740112019e+00 -5.4975920514963033e+00 -5.7759917869226998e+00 -6.0217227952217387e+00 -6.2486892079423608e+00 
3.1965731462925751e-01 -4.5522264962031000e+00 -5.1463872603937428e+00 -5.4972605129811116e+00 -5.7756929202081455e+00 -6.0214561688754573e+00 -6.2484513817511180e+00 
3.2065921843687273e-01 -4.5519069986813339e+00 -5.1460369664573395e+00 -5.4969316734246796e+00 -5.7753965133983236e+00 -6.0211917525472449e+00 -6.2482155364410481e+00 
3.2166112224448795e-01 -4.5515899571408296e+00 -5.1456894745075612e+00 -5.4966055149681141e+00 -5.7751025497375705e+00 -6.0209295309094282e+00 -6.2479816581043952e+00 
3.2266302605210317e-01 -4.5512753579914200e+00 -5.1453447670578463e+00 -5.4962820199683584e+00 -5.7748110126759045e+00 -6.0206694888243071e+00 -6.2477497330069109e+00 
3.2366492985971840e-01 -4.5509631877927141e+00 -5.1450028268268806e+00 -5.4959611709953782e+00 -5.7745218858662870e+00 -6.0204116113415918e+00 -6.2475197475854891e+00 
3.2466683366733362e-01 -4.5506534332523785e+00 -5.1446636367360075e+00 -5.4956429508293647e+00 -5.7742351531618885e+00 -6.0201558836958764e+00 -6.2472916884458085e+00 
3.2566873747494884e-01 -4.5503460812244620e+00 -5.1443271799067221e+00 -5.4953273424580180e+00 -5.7739507986134502e+00 -6.0199022913041036e+00 -6.2470655423600823e+00 
3.2667064128256407e-01 -4.5500411187077434e+00 -5.1439934396581499e+00 -5.4950143290738342e+00 -5.7736688064666382e+00 -6.0196508197631555e+00 -6.2468412962647424e+00 
3.2767254509017929e-01 -4.5497385328440911e+00 -5.1436623995046284e+00 -5.4947038940714821e+00 -5.7733891611595096e+00 -6.0194014548474577e+00 -6.2466189372582841e+00 
3.2867444889779451e-01 -4.5494383109168686e+00 -5.1433340431532626e+00 -5.4943960210451808e+00 -5.7731118473199459e+00 -6.0191541825065631e+00 -6.2463984525990357e+00 
3.2967635270540974e-01 -4.5491404403493476e+00 -5.1430083545015792e+00 -5.4940906937861742e+00 -5.7728368497632001e+00 -6.0189089888628953e+00 -6.2461798297030784e+00 
3.3067825651302496e-01 -4.5488449087031535e+00 -5.1426853176351885e+00 -5.4937878962801809e+00 -5.7725641534894283e+00 -6.0186658602094134e+00 -6.2459630561420871e+00 
3.3168016032064018e-01 -4.5485517036767282e+00 -5.1423649168254872e+00 -5.4934876127049632e+00 -5.7722937436813204e+00 -6.0184247830073883e+00 -6.2457481196412985e+00 
3.3268206412825541e-01 -4.5482608131038278e+00 -5.1420471365274043e+00 -5.4931898274278614e+00 -5.7720256057017068e+00 -6.0181857438842163e+00 -6.2455350080774910e+00 
3.3368396793587063e-01 -4.5479722249520300e+00 -5.1417319613771832e+00 -5.4928945250034458e+00 -5.7717597250912691e+00 -6.0179487296312271e+00 -6.2453237094769642e+00 
3.3468587174348585e-01 -4.5476859273212691e+00 -5.1414193761901927e+00 -5.4926016901711234e+00 -5.7714960875662502e+00 -6.0177137272015635e+00 -6.2451142120135907e+00 
3.3568777555110108e-01 -4.5474019084424002e+00 -5.1411093659587825e+00 -5.4923113078528711e+00 -5.7712346790162075e+00 -6.0174807237080996e+00 -6.2449065040069129e+00 
3.3668967935871630e-01 -4.5471201566757689e+00 -5.1408019158501643e+00 -5.4920233631509259e+00 -5.7709754855018094e+00 -6.0172497064213459e+00 -6.2447005739201913e+00 
3.3769158316633152e-01 -4.5468406605098224e+00 -5.1404970112043511e+00 -5.4917378413455982e+00 -5.7707184932526880e+00 -6.0170206627674938e+00 -6.2444964103586198e+00 
3.3869348697394674e-01 -4.5465634085597229e+00 -5.1401946375320797e+00 -5.4914547278930250e+00 -5.7704636886652931e+00 -6.0167935803263690e+00 -6.2442940020674529e+00 
3.3969539078156197e-01 -4.5462883895659969e+00 -5.1398947805128259e+00 -5.4911740084230551e+00 -5.7702110583008022e+00 -6.0165684468295000e+00 -6.2440933379302059e+00 
3.4069729458917719e-01 -4.5460155923931911e+00 -5.1395974259928066e+00 -5.4908956687370942e+00 -5.7699605888830563e+00 -6.0163452501581887e+00 -6.2438944069669073e+00 
3.4169919839679241e-01 -4.5457450060285627e+00 -5.1393025599830358e+00 -5.4906196948060266e+00 -5.7697122672965504e+00 -6.0161239783416480e+00 -6.2436971983323595e+00 
3.4270110220440764e-01 -4.5454766195807768e+00 -5.1390101686574123e+00 -5.4903460727681708e+00 -5.7694660805844453e+00 -6.0159046195551058e+00 -6.2435017013144165e+00 
3.4370300601202286e-01 -4.5452104222786343e+00 -5.1387202383508237e+00 -5.4900747889272470e+00 -5.7692220159465819e+00 -6.0156871621180228e+00 -6.2433079053323333e+00 
3.4470490981963808e-01 -4.5449464034698028e+00 -5.1384327555572993e+00 -5.4898058297503907e+00 -5.7689800607375945e+00 -6.0154715944922650e+00 -6.2431157999350946e+00 
3.4570681362725331e-01 -4.5446845526195894e+00 -5.1381477069281658e+00 -5.4895391818662027e+00 -5.7687402024649925e+00 -6.0152579052803414e+00 -6.2429253747997890e+00 
3.4670871743486853e-01 -4.5444248593097090e+00 -5.1378650792702683e+00 -5.4892748320628257e+00 -5.7685024287873112e+00 -6.0150460832237043e+00 -6.2427366197300538e+00 
3.4771062124248375e-01 -4.5441673132370859e+00 -5.1375848595441855e+00 -5.4890127672860425e+00 -5.7682667275122839e+00 -6.0148361172009981e+00 -6.2425495246544402e+00 
3.4871252505009898e-01 -4.5439119042126688e+00 -5.1373070348625021e+00 -5.4887529746374364e+00 -5.7680330865950316e+00 -6.0146279962264018e+00 -6.2423640796249433e+00 
3.4971442885771420e-01 -4.5436586221602555e+00 -5.1370315924880705e+00 -5.4884954413725344e+00 -5.7678014941363038e+00 -6.0144217094479941e+00 -6.2421802748154471e+00 
3.5071633266532942e-01 -4.5434074571153600e+00 -5.1367585198323606e+00 -5.4882401548990396e+00 -5.7675719383807316e+00 -6.0142172461461136e+00 -6.2419981005202390e+00 
3.5171823647294465e-01 -4.5431583992240538e+00 -5.1364878044537612e+00 -5.4879871027750227e+00 -5.7673444077151261e+00 -6.0140145957317648e+00 -6.2418175471525572e+00 
3.5272014028055987e-01 -4.5429114387418705e+00 -5.1362194340559650e+00 -5.4877362727072052e+00 -5.7671188906667696e+00 -6.0138137477450462e+00 -6.2416386052431250e+00 
3.5372204408817509e-01 -4.5426665660326941e+00 -5.1359533964863635e+00 -5.4874876525492393e+00 -5.7668953759017976e+00 -6.0136146918536353e+00 -6.2414612654387724e+00 
3.5472394789579031e-01 -4.5424237715676838e+00 -5.1356896797344529e+00 -5.4872412303000226e+00 -5.7666738522235361e+00 -6.0134174178512296e+00 -6.2412855185010123e+00 
3.5572585170340554e-01 -4.5421830459241948e+00 -5.1354282719302837e+00 -5.4869969941020216e+00 -5.7664543085709150e+00 -6.0132219156560964e+00 -6.2411113553046844e+00 
3.5672775551102076e-01 -4.5419443797847370e+00 -5.1351691613429207e+00 -5.4867549322396707e+00 -5.7662367340168883e+00 -6.0130281753095742e+00 -6.2409387668365977e+00 
3.5772965931863598e-01 -4.5417077639359302e+00 -5.1349123363789353e+00 -5.4865150331377377e+00 -5.7660211177668907e+00 -6.0128361869746501e+00 -6.2407677441942235e+00 
3.5873156312625121e-01 -4.5414731892674931e+00 -5.1346577855809317e+00 -5.4862772853597512e+00 -5.7658074491573004e+00 -6.0126459409345268e+00 -6.2405982785843808e+00 
3.5973346693386643e-01 -4.5412406467712207e+00 -5.1344054976260525e+00 -5.4860416776064653e+00 -5.7655957176539490e+00 -6.0124574275912277e+00 -6.2404303613219509e+00 
3.6073537074148165e-01 -4.5410101275400114e+00 -5.1341554613245775e+00 -5.4858081987142953e+00 -5.7653859128506353e+00 -6.0122706374642387e+00 -6.2402639838286191e+00 
3.6173727454909688e-01 -4.5407816227668754e+00 -5.1339076656184748e+00 -5.4855768376538299e+00 -5.7651780244676907e+00 -6.0120855611891493e+00 -6.2400991376316561e+00 
3.6273917835671210e-01 -4.5405551237439825e+00 -5.1336620995800244e+00 -5.4853475835283545e+00 -5.7649720423505384e+00 -6.0119021895163067e+00 -6.2399358143626733e+00 
3.6374108216432732e-01 -4.5403306218617088e+00 -5.1334187524104369e+00 -5.4851204255723935e+00 -5.7647679564682832e+00 -6.0117205133095419e+00 -6.2397740057564244e+00 
3.6474298597194255e-01 -4.5401081086077015e+00 -5.1331776134385043e+00 -5.4848953531502600e+00 -5.7645657569123472e+00 -6.0115405235448618e+00 -6.2396137036496642e+00 
3.6574488977955777e-01 -4.5398875755659640e+00 -5.1329386721192636e+00 -5.4846723557546584e+00 -5.7643654338950920e+00 -6.0113622113091880e+00 -6.2394548999799246e+00 
3.6674679358717299e-01 -4.5396690144159404e+00 -5.1327019180326960e+00 -5.4844514230052894e+00 -5.7641669777484932e+00 -6.0111855677991182e+00 -6.2392975867844296e+00 
3.6774869739478822e-01 -4.5394524169316277e+00 -5.1324673408824246e+00 -5.4842325446474920e+00 -5.7639703789228225e+00 -6.0110105843197106e+00 -6.2391417561989586e+00 
3.6875060120240344e-01 -4.5392377749806991e+00 -5.1322349304944588e+00 -5.4840157105508922e+00 -5.7637756279853418e+00 -6.0108372522832525e+00 -6.2389874004567183e+00 
3.6975250501001866e-01 -4.5390250805236247e+00 -5.1320046768159298e+00 -5.4838009107080632e+00 -5.7635827156190471e+00 -6.0106655632081010e+00 -6.2388345118872977e+00 
3.7075440881763388e-01 -4.5388143256128286e+00 -5.1317765699138720e+00 -5.4835881352332612e+00 -5.7633916326213965e+00 -6.0104955087175274e+00 -6.2386830829155677e+00 
3.7175631262524911e-01 -4.5386055023918388e+00 -5.1315505999740019e+00 -5.4833773743611065e+00 -5.7632023699030945e+00 -6.0103270805385343e+00 -6.2385331060606344e+00 
3.7275821643286433e-01 -4.5383986030944587e+00 -5.1313267572995356e+00 -5.4831686184453439e+00 -5.7630149184868644e+00 -6.0101602705007631e+00 -6.2383845739348400e+00 
3.7376012024047955e-01 -4.5381936200439572e+00 -5.1311050323099998e+00 -5.4829618579575907e+00 -5.7628292695062653e+00 -6.0099950705353740e+00 -6.2382374792426880e+00 
3.7476202404809478e-01 -4.5379905456522494e+00 -5.1308854155400985e+00 -5.4827570834861179e+00 -5.7626454142045080e+00 -6.0098314726739490e+00 -6.2380918147799056e+00 
3.7576392785571000e-01 -4.5377893724191125e+00 -5.1306678976385474e+00 -5.4825542857346612e+00 -5.7624633439333071e+00 -6.0096694690474193e+00 -6.2379475734324030e+00 
3.7676583166332522e-01 -4.5375900929314046e+00 -5.1304524693669755e+00 -5.4823534555212099e+00 -5.7622830501517424e+00 -6.0095090518850309e+00 -6.2378047481753578e+00 
3.7776773547094045e-01 -4.5373926998622895e+00 -5.1302391215988159e+00 -5.4821545837768682e+00 -5.7621045244251379e+00 -6.0093502135132741e+00 -6.2376633320722235e+00 
3.7876963927855567e-01 -4.5371971859704798e+00 -5.1300278453182120e+00 -5.4819576615446994e+00 -5.7619277584239565e+00 -6.0091929463548848e+00 -6.2375233182738219e+00 
3.7977154308617089e-01 -4.5370035440994849e+00 -5.1298186316189600e+00 -5.4817626799785995e+00 -5.7617527439227336e+00 -6.0090372429278300e+00 -6.2373847000173983e+00 
3.8077344689378612e-01 -4.5368117671768839e+00 -5.1296114717034520e+00 -5.4815696303421868e+00 -5.7615794727989904e+00 -6.0088830958443209e+00 -6.2372474706257313e+00 
3.8177535070140134e-01 -4.5366218482135867e+00 -5.1294063568816366e+00 -5.4813785040077070e+00 -5.7614079370322049e+00 -6.0087304978098466e+00 -6.2371116235062294e+00 
3.8277725450901656e-01 -4.5364337803031303e+00 -5.1292032785700119e+00 -5.4811892924549701e+00 -5.7612381287027628e+00 -6.0085794416221976e+00 -6.2369771521500859e+00 
3.8377915831663179e-01 -4.5362475566209683e+00 -5.1290022282905960e+00 -5.4810019872702798e+00 -5.7610700399909511e+00 -6.0084299201705482e+00 -6.2368440501313582e+00 
3.8478106212424701e-01 -4.5360631704237768e+00 -5.1288031976699697e+00 -5.4808165801454045e+00 -5.7609036631759665e+00 -6.0082819264345195e+00 -6.2367123111061904e+00 
3.8578296593186223e-01 -4.5358806150487725e+00 -5.1286061784382877e+00 -5.4806330628765370e+00 -5.7607389906349198e+00 -6.0081354534832627e+00 -6.2365819288119120e+00 
3.8678486973947745e-01 -4.5356998839130389e+00 -5.1284111624283133e+00 -5.4804514273633096e+00 -5.7605760148418819e+00 -6.0079904944745737e+00 -6.2364528970662727e+00 
3.8778677354709268e-01 -4.5355209705128576e+00 -5.1282181415744921e+00 -5.4802716656077770e+00 -5.7604147283669160e+00 -6.0078470426540012e+00 -6.2363252097665898e+00 
3.8878867735470790e-01 -4.5353438684230616e+00 -5.1280271079120148e+00 -5.4800937697134646e+00 -5.7602551238751580e+00 -6.0077050913539907e+00 -6.2361988608889920e+00 
3.8979058116232312e-01 -4.5351685712963885e+00 -5.1278380535759052e+00 -5.4799177318843881e+00 -5.7600971941258878e+00 -6.0075646339930175e+00 -6.2360738444876134e+00 
3.9079248496993835e-01 -4.5349950728628476e+00 -5.1276509708001257e+00 -5.4797435444241245e+00 -5.7599409319716273e+00 -6.0074256640747539e+00 -6.2359501546938203e+00 
3.9179438877755357e-01 -4.5348233669290883e+00 -5.1274658519166794e+00 -5.4795711997348784e+00 -5.7597863303572465e+00 -6.0072881751872504e+00 -6.2358277857154949e+00 
3.9279629258516879e-01 -4.5346534473777940e+00 -5.1272826893547556e+00 -5.4794006903165444e+00 -5.7596333823190839e+00 -6.0071521610021135e+00 -6.2357067318362338e+00 
3.9379819639278402e-01 -4.5344853081670671e+00 -5.1271014756398587e+00 -5.4792320087658544e+00 -5.7594820809840952e+00 -6.0070176152737025e+00 -6.2355869874146679e+00 
3.9480010020039924e-01 -4.5343189433298408e+00 -5.1269222033929749e+00 -5.4790651477754491e+00 -5.7593324195689917e+00 -6.0068845318383630e+00 -6.2354685468837028e+00 
3.9580200400801446e-01 -4.5341543469732803e+00 -5.1267448653297318e+00 -5.4789001001330142e+00 -5.7591843913794145e+00 -6.0067529046136316e+00 -6.2353514047498644e+00 
3.9680390781562969e-01 -4.5339915132782176e+00 -5.1265694542595899e+00 -5.4787368587204490e+00 -5.7590379898091069e+00 -6.0066227275974837e+00 -6.2352355555925261e+00 
3.9780581162324491e-01 -4.5338304364985653e+00 -5.1263959630850309e+00 -5.4785754165129879e+00 -5.7588932083391144e+00 -6.0064939948675917e+00 -6.2351209940632986e+00 
3.9880771543086013e-01 -4.5336711109607659e+00 -5.1262243848007651e+00 -5.4784157665783955e+00 -5.7587500405369818e+00 -6.0063667005805872e+00 -6.2350077148853158e+00 
3.9980961923847536e-01 -4.5335135310632362e+00 -5.1260547124929641e+00 -5.4782579020761375e+00 -5.7586084800559778e+00 -6.0062408389713200e+00 -6.2348957128525724e+00 
4.0081152304609058e-01 -4.5333576912758167e+00 -5.1258869393384794e+00 -5.4781018162565811e+00 -5.7584685206343202e+00 -6.0061164043521744e+00 -6.2347849828292983e+00 
4.0181342685370580e-01 -4.5332035861392441e+00 -5.1257210586040962e+00 -5.4779475024601991e+00 -5.7583301560944298e+00 -6.0059933911123471e+00 -6.2346755197492891e+00 
4.0281533066132102e-01 -4.5330512102646159e+00 -5.1255570636457835e+00 -5.4777949541168116e+00 -5.7581933803421723e+00 -6.0058717937171684e+00 -6.2345673186153014e+00 
4.0381723446893625e-01 -4.5329005583328765e+00 -5.1253949479079770e+00 -5.4776441647447918e+00 -5.7580581873661432e+00 -6.0057516067074204e+00 -6.2344603744984157e+00 
4.0481913827655147e-01 -4.5327516250943001e+00 -5.1252347049228444e+00 -5.4774951279503385e+00 -5.7579245712369387e+00 -6.0056328246986856e+00 -6.2343546825374370e+00 
4.0582104208416669e-01 -4.5326044053679846e+00 -5.1250763283095857e+00 -5.4773478374267226e+00 -5.7577925261064395e+00 -6.0055154423806654e+00 -6.2342502379382827e+00 
4.0682294589178192e-01 -4.5324588940413664e+00 -5.1249198117737418e+00 -5.4772022869535624e+00 -5.7576620462071366e+00 -6.0053994545165521e+00 -6.2341470359734181e+00 
4.0782484969939714e-01 -4.5323150860697154e+00 -5.1247651491064996e+00 -5.4770584703961189e+00 -5.7575331258514275e+00 -6.0052848559424143e+00 -6.2340450719812539e+00 
4.0882675350701236e-01 -4.5321729764756711e+00 -5.1246123341840244e+00 -5.4769163817045650e+00 -5.7574057594309567e+00 -6.0051716415665224e+00 -6.2339443413655840e+00 
4.0982865731462759e-01 -4.5320325603487603e+00 -5.1244613609667997e+00 -5.4767760149133276e+00 -5.7572799414159421e+00 -6.0050598063688039e+00 -6.2338448395950525e+00 
4.1083056112224281e-01 -4.5318938328449265e+00 -5.1243122234989693e+00 -5.4766373641403749e+00 -5.7571556663545396e+00 -6.0049493454001821e+00 -6.2337465622025379e+00 
4.1183246492985803e-01 -4.5317567891860842e+00 -5.1241649159076994e+00 -5.4765004235865744e+00 -5.7570329288721913e+00 -6.0048402537820236e+00 -6.2336495047846974e+00 
4.1283436873747326e-01 -4.5316214246596536e+00 -5.1240194324025481e+00 -5.4763651875350066e+00 -5.7569117236709939e+00 -6.0047325267055323e+00 -6.2335536630013584e+00 
4.1383627254508848e-01 -4.5314877346181301e+00 -5.1238757672748481e+00 -5.4762316503503436e+00 -5.7567920455290995e+00 -6.0046261594311972e+00 -6.2334590325750447e+00 
4.1483817635270370e-01 -4.5313557144786376e+00 -5.1237339148970920e+00 -5.4760998064782003e+00 -5.7566738893000808e+00 -6.0045211472882132e+00 -6.2333656092904546e+00 
4.1584008016031893e-01 -4.5312253597225034e+00 -5.1235938697223364e+00 -5.4759696504445081e+00 -5.7565572499123636e+00 -6.0044174856739438e+00 -6.2332733889939336e+00 
4.1684198396793415e-01 -4.5310966658948324e+00 -5.1234556262836080e+00 -5.4758411768549013e+00 -5.7564421223686191e+00 -6.0043151700533723e+00 -6.2331823675930114e+00 
4.1784388777554937e-01 -4.5309696286040966e+00 -5.1233191791933308e+00 -5.4757143803941224e+00 -5.7563285017451875e+00 -6.0042141959585598e+00 -6.2330925410558917e+00 
4.1884579158316460e-01 -4.5308442435217167e+00 -5.1231845231427497e+00 -5.4755892558254056e+00 -5.7562163831915196e+00 -6.0041145589881380e+00 -6.2330039054109658e+00 
4.1984769539077982e-01 -4.5307205063816678e+00 -5.1230516529013768e+00 -5.4754657979899228e+00 -5.7561057619296223e+00 -6.0040162548067881e+00 -6.2329164567463744e+00 
4.2084959919839504e-01 -4.5305984129800825e+00 -5.1229205633164341e+00 -5.4753440018061816e+00 -5.7559966332534964e+00 -6.0039192791447160e+00 -6.2328301912095272e+00 
4.2185150300601026e-01 -4.5304779591748607e+00 -5.1227912493123151e+00 -5.4752238622694804e+00 -5.7558889925286154e+00 -6.0038236277971935e+00 -6.2327451050066323e+00 
4.2285340681362549e-01 -4.5303591408852819e+00 -5.1226637058900542e+00 -5.4751053744513465e+00 -5.7557828351913924e+00 -6.0037292966240283e+00 -6.2326611944022785e+00 
4.2385531062124071e-01 -4.5302419540916370e+00 -5.1225379281268069e+00 -5.4749885334989949e+00 -5.7556781567486430e+00 -6.0036362815491282e+00 -6.2325784557189872e+00 
4.2485721442885593e-01 -4.5301263948348547e+00 -5.1224139111753280e+00 -5.4748733346347924e+00 -5.7555749527771001e+00 -6.0035445785599801e+00 -6.2324968853367757e+00 
4.2585911823647116e-01 -4.5300124592161337e+00 -5.1222916502634730e+00 -5.4747597731557276e+00 -5.7554732189229085e+00 -6.0034541837072339e+00 -6.2324164796927359e+00 
4.2686102204408638e-01 -4.5299001433966009e+00 -5.1221711406937063e+00 -5.4746478444329121e+00 -5.7553729509011227e+00 -6.0033650931042155e+00 -6.2323372352806290e+00 
4.2786292585170160e-01 -4.5297894435969370e+00 -5.1220523778425999e+00 -5.4745375439110484e+00 -5.7552741444952309e+00 -6.0032773029265023e+00 -6.2322591486504706e+00 
4.2886482965931683e-01 -4.5296803560970478e+00 -5.1219353571603721e+00 -5.4744288671079557e+00 -5.7551767955566815e+00 -6.0031908094114712e+00 -6.2321822164081224e+00 
4.2986673346693205e-01 -4.5295728772357240e+00 -5.1218200741704116e+00 -5.4743218096140671e+00 -5.7550809000044181e+00 -6.0031056088578794e+00 -6.2321064352149325e+00 
4.3086863727454727e-01 -4.5294670034103071e+00 -5.1217065244688111e+00 -5.4742163670919695e+00 -5.7549864538244186e+00 -6.0030216976254360e+00 -6.2320318017873149e+00 
4.3187054108216250e-01 -4.5293627310763531e+00 -5.1215947037239271e+00 -5.4741125352758990e+00 -5.7548934530692497e+00 -6.0029390721343834e+00 -6.2319583128963725e+00 
4.3287244488977772e-01 -4.5292600567473214e+00 -5.1214846076759191e+00 -5.4740103099713160e+00 -5.7548018938576275e+00 -6.0028577288651102e+00 -6.2318859653675558e+00 
4.3387434869739294e-01 -4.5291589769942631e+00 -5.1213762321363294e+00 -5.4739096870544248e+00 -5.7547117723739909e+00 -6.0027776643577315e+00 -6.2318147560802810e+00 
4.3487625250500817e-01 -4.5290594884454993e+00 -5.1212695729876483e+00 -5.4738106624717542e+00 -5.7546230848680677e+00 -6.0026988752117099e+00 -6.2317446819675570e+00 
4.3587815631262339e-01 -4.5289615877863216e+00 -5.1211646261828898e+00 -5.4737132322396960e+00 -5.7545358276544629e+00 -6.0026213580854630e+00 -6.2316757400156728e+00 
4.3688006012023861e-01 -4.5288652717587023e+00 -5.1210613877451916e+00 -5.4736173924440941e+00 -5.7544499971122560e+00 -6.0025451096960092e+00 -6.2316079272638172e+00 
4.3788196392785383e-01 -4.5287705371609901e+00 -5.1209598537673973e+00 -5.4735231392398216e+00 -5.7543655896846015e+00 -6.0024701268185616e+00 -6.2315412408037743e+00 
4.3888386773546906e-01 -4.5286773808476264e+00 -5.1208600204116737e+00 -5.4734304688503670e+00 -5.7542826018783320e+00 -6.0023964062862101e+00 -6.2314756777795637e+00 
4.3988577154308428e-01 -4.5285857997288677e+00 -5.1207618839091147e+00 -5.4733393775674264e+00 -5.7542010302635749e+00 -6.0023239449895263e+00 -6.2314112353871423e+00 
4.4088767535069950e-01 -4.5284957907705090e+00 -5.1206654405593550e+00 -5.4732498617505287e+00 -5.7541208714733845e+00 -6.0022527398762540e+00 -6.2313479108740708e+00 
4.4188957915831473e-01 -4.5284073509936036e+00 -5.1205706867302174e+00 -5.4731619178266229e+00 -5.7540421222033684e+00 -6.0021827879509386e+00 -6.2312857015392140e+00 
4.4289148296592995e-01 -4.5283204774742138e+00 -5.1204776188573229e+00 -5.4730755422897150e+00 -5.7539647792113202e+00 -6.0021140862746121e+00 -6.2312246047324278e+00 
4.4389338677354517e-01 -4.5282351673431327e+00 -5.1203862334437487e+00 -5.4729907317004951e+00 -5.7538888393168737e+00 -6.0020466319644621e+00 -6.2311646178542661e+00 
4.4489529058116040e-01 -4.5281514177856472e+00 -5.1202965270596676e+00 -5.4729074826859661e+00 -5.7538142994011610e+00 -6.0019804221935127e+00 -6.2311057383557014e+00 
4.4589719438877562e-01 -4.5280692260412740e+00 -5.1202084963420180e+00 -5.4728257919390897e+00 -5.7537411564064591e+00 -6.0019154541902990e+00 -6.2310479637378124e+00 
4.4689909819639084e-01 -4.5279885894035230e+00 -5.1201221379941533e+00 -5.4727456562184509e+00 -5.7536694073358765e+00 -6.0018517252385948e+00 -6.2309912915515273e+00 
4.4790100200400607e-01 -4.5279095052196512e+00 -5.1200374487855127e+00 -5.4726670723478970e+00 -5.7535990492530127e+00 -6.0017892326770719e+00 -6.2309357193973476e+00 
4.4890290581162129e-01 -4.5278319708904418e+00 -5.1199544255513194e+00 -5.4725900372162188e+00 -5.7535300792816502e+00 -6.0017279738990412e+00 -6.2308812449250679e+00 
4.4990480961923651e-01 -4.5277559838699579e+00 -5.1198730651922375e+00 -5.4725145477768162e+00 -5.7534624946054347e+00 -6.0016679463521347e+00 -6.2308278658335325e+00 
4.5090671342685174e-01 -4.5276815416653298e+00 -5.1197933646740879e+00 -5.4724406010473858e+00 -5.7533962924675928e+00 -6.0016091475380753e+00 -6.2307755798703717e+00 
4.5190861723446696e-01 -4.5276086418365349e+00 -5.1197153210275310e+00 -5.4723681941096016e+00 -5.7533314701706137e+00 -6.0015515750123418e+00 -6.2307243848317340e+00 
4.5291052104208218e-01 -4.5275372819961737e+00 -5.1196389313477813e+00 -5.4722973241088146e+00 -5.7532680250759567e+00 -6.0014952263839403e+00 -6.2306742785620868e+00 
4.5391242484969740e-01 -4.5274674598092757e+00 -5.1195641927943187e+00 -5.4722279882537554e+00 -5.7532059546037937e+00 -6.0014400993151389e+00 -6.2306252589539382e+00 
4.5491432865731263e-01 -4.5273991729930820e+00 -5.1194911025906018e+00 -5.4721601838162472e+00 -5.7531452562327114e+00 -6.0013861915212043e+00 -6.2305773239476183e+00 
4.5591623246492785e-01 -4.5273324193168509e+00 -5.1194196580238076e+00 -5.4720939081309110e+00 -5.7530859274994519e+00 -6.0013335007701567e+00 -6.2305304715310541e+00 
4.5691813627254307e-01 -4.5272671966016604e+00 -5.1193498564445470e+00 -5.4720291585949044e+00 -5.7530279659986387e+00 -6.0012820248825367e+00 -6.2304846997395469e+00 
4.5792004008015830e-01 -4.5272035027202273e+00 -5.1192816952666176e+00 -5.4719659326676355e+00 -5.7529713693825384e+00 -6.0012317617311508e+00 -6.2304400066555603e+00 
4.5892194388777352e-01 -4.5271413355967054e+00 -5.1192151719667400e+00 -5.4719042278705121e+00 -5.7529161353607883e+00 -6.0011827092408518e+00 -6.2303963904084974e+00 
4.5992384769538874e-01 -4.5270806932065204e+00 -5.1191502840843244e+00 -5.4718440417866807e+00 -5.7528622617001721e+00 -6.0011348653883170e+00 -6.2303538491745094e+00 
4.6092575150300397e-01 -4.5270215735761781e+00 -5.1190870292212107e+00 -5.4717853720607801e+00 -5.7528097462243730e+00 -6.0010882282018230e+00 -6.2303123811763026e+00 
4.6192765531061919e-01 -4.5269639747831123e+00 -5.1190254050414454e+00 -5.4717282163986942e+00 -5.7527585868137425e+00 -6.0010427957610322e+00 -6.2302719846829158e+00 
4.6292955911823441e-01 -4.5269078949555013e+00 -5.1189654092710537e+00 -5.4716725725673179e+00 -5.7527087814050892e+00 -6.0009985661968042e+00 -6.2302326580095615e+00 
4.6393146292584964e-01 -4.5268533322721103e+00 -5.1189070396978105e+00 -5.4716184383943238e+00 -5.7526603279914355e+00 -6.0009555376909578e+00 -6.2301943995174254e+00 
4.6493336673346486e-01 -4.5268002849621416e+00 -5.1188502941710290e+00 -5.4715658117679515e+00 -5.7526132246218342e+00 -6.0009137084761104e+00 -6.2301572076134892e+00 
4.6593527054108008e-01 -4.5267487513050666e+00 -5.1187951706013557e+00 -5.4715146906367762e+00 -5.7525674694011331e+00 -6.0008730768354752e+00 -6.2301210807503660e+00 
4.6693717434869531e-01 -4.5266987296304899e+00 -5.1187416669605543e+00 -5.4714650730095045e+00 -5.7525230604898097e+00 -6.0008336411026750e+00 -6.2300860174261272e+00 
4.6793907815631053e-01 -4.5266502183180011e+00 -5.1186897812813204e+00 -5.4714169569547684e+00 -5.7524799961037347e+00 -6.0007953996615617e+00 -6.2300520161841453e+00 
4.6894098196392575e-01 -4.5266032157970288e+00 -5.1186395116570864e+00 -5.4713703406009309e+00 -5.7524382745140272e+00 -6.0007583509460565e+00 -6.2300190756129279e+00 
4.6994288577154097e-01 -4.5265577205467151e+00 -5.1185908562418341e+00 -5.4713252221358966e+00 -5.7523978940468528e+00 -6.0007224934399641e+00 -6.2299871943459628e+00 
4.7094478957915620e-01 -4.5265137310957755e+00 -5.1185438132499153e+00 -5.4712815998069217e+00 -5.7523588530832397e+00 -6.0006878256768266e+00 -6.2299563710615748e+00 
4.7194669338677142e-01 -4.5264712460223810e+00 -5.1184983809558888e+00 -5.4712394719204305e+00 -5.7523211500589202e+00 -6.0006543462397559e+00 -6.2299266044827926e+00 
4.7294859719438664e-01 -4.5264302639540270e+00 -5.1184545576943368e+00 -5.4711988368418600e+00 -5.7522847834641695e+00 -6.0006220537612869e+00 -6.2298978933771947e+00 
4.7395050100200187e-01 -4.5263907835674253e+00 -5.1184123418597185e+00 -5.4711596929954744e+00 -5.7522497518436406e+00 -6.0005909469232428e+00 -6.2298702365567999e+00 
4.7495240480961709e-01 -4.5263528035883791e+00 -5.1183717319062065e+00 -5.4711220388642179e+00 -5.7522160537962144e+00 -6.0005610244565695e+00 -6.2298436328779063e+00 
4.7595430861723231e-01 -4.5263163227916792e+00 -5.1183327263475409e+00 -5.4710858729895531e+00 -5.7521836879748545e+00 -6.0005322851412215e+00 -6.2298180812409809e+00 
4.7695621242484754e-01 -4.5262813400010051e+00 -5.1182953237568851e+00 -5.4710511939713209e+00 -5.7521526530864628e+00 -6.0005047278060371e+00 -6.2297935805905738e+00 
4.7795811623246276e-01 -4.5262478540888083e+00 -5.1182595227666896e+00 -5.4710180004675841e+00 -5.7521229478917464e+00 -6.0004783513285780e+00 -6.2297701299151464e+00 
4.7896002004007798e-01 -4.5262158639762378e+00 -5.1182253220685547e+00 -5.4709862911945093e+00 -5.7520945712050935e+00 -6.0004531546350597e+00 -6.2297477282470259e+00 
4.7996192384769321e-01 -4.5261853686330200e+00 -5.1181927204131119e+00 -5.4709560649262192e+00 -5.7520675218944453e+00 -6.0004291367002036e+00 -6.2297263746622313e+00 
4.8096382765530843e-01 -4.5261563670774008e+00 -5.1181617166098992e+00 -5.4709273204946838e+00 -5.7520417988811792e+00 -6.0004062965471370e+00 -6.2297060682804570e+00 
4.8196573146292365e-01 -4.5261288583760386e+00 -5.1181323095272520e+00 -5.4709000567896000e+00 -5.7520174011399829e+00 -6.0003846332472959e+00 -6.2296868082648915e+00 
4.8296763527053888e-01 -4.5261028416439322e+00 -5.1181044980921815e+00 -5.4708742727582571e+00 -5.7519943276987870e+00 -6.0003641459203187e+00 -6.2296685938222032e+00 
4.8396953907815410e-01 -4.5260783160443490e+00 -5.1180782812902912e+00 -5.4708499674054663e+00 -5.7519725776386093e+00 -6.0003448337339531e+00 -6.2296514242024044e+00 
4.8497144288576932e-01 -4.5260552807887482e+00 -5.1180536581656604e+00 -5.4708271397934363e+00 -5.7519521500935049e+00 -6.0003266959039872e+00 -6.2296352986987964e+00 
4.8597334669338454e-01 -4.5260337351367159e+00 -5.1180306278207617e+00 -5.4708057890416768e+00 -5.7519330442504550e+00 -6.0003097316941245e+00 -6.2296202166478913e+00 
4.8697525050099977e-01 -4.5260136783959011e+00 -5.1180091894163757e+00 -5.4707859143269264e+00 -5.7519152593492846e+00 -6.0002939404159559e+00 -6.2296061774293312e+00 
4.8797715430861499e-01 -4.5259951099219577e+00 -5.1179893421715112e+00 -5.4707675148830601e+00 -5.7518987946825932e+00 -6.0002793214288541e+00 -6.2295931804658222e+00 
4.8897905811623021e-01 -4.5259780291184892e+00 -5.1179710853633251e+00 -5.4707505900010069e+00 -5.7518836495956620e+00 -6.0002658741399157e+00 -6.2295812252230949e+00 
4.8998096192384544e-01 -4.5259624354369947e+00 -5.1179544183270549e+00 -5.4707351390286876e+00 -5.7518698234864107e+00 -6.0002535980039049e+00 -6.2295703112098177e+00 
4.9098286573146066e-01 -4.5259483283768303e+00 -5.1179393404559592e+00 -5.4707211613709399e+00 -5.7518573158053137e+00 -6.0002424925231796e+00 -6.2295604379775709e+00 
4.9198476953907588e-01 -4.5259357074851554e+00 -5.1179258512012513e+00 -5.4707086564894691e+00 -5.7518461260553568e+00 -6.0002325572476618e+00 -6.2295516051207693e+00 
4.9298667334669111e-01 -4.5259245723569030e+00 -5.1179139500720607e+00 -5.4706976239027894e+00 -5.7518362537919803e+00 -6.0002237917747641e+00 -6.2295438122766482e+00 
4.9398857715430633e-01 -4.5259149226347413e+00 -5.1179036366353650e+00 -5.4706880631861692e+00 -5.7518276986230292e+00 -6.0002161957493723e+00 -6.2295370591252013e+00 
4.9499048096192155e-01 -4.5259067580090466e+00 -5.1178949105159752e+00 -5.4706799739716034e+00 -5.7518204602087275e+00 -6.0002097688637903e+00 -6.2295313453891730e+00 
4.9599238476953678e-01 -4.5259000782178722e+00 -5.1178877713964752e+00 -5.4706733559477536e+00 -5.7518145382616197e+00 -6.0002045108577198e+00 -6.2295266708340016e+00 
4.9699428857715200e-01 -4.5258948830469281e+00 -5.1178822190172051e+00 -5.4706682088599345e+00 -5.7518099325465704e+00 -6.0002004215182234e+00 -6.2295230352678175e+00 
4.9799619238476722e-01 -4.5258911723295627e+00 -5.1178782531762330e+00 -5.4706645325100940e+00 -5.7518066428807071e+00 -6.0001975006797093e+00 -6.2295204385414014e+00 
4.9899809619238245e-01 -4.5258889459467513e+00 -5.1178758737293384e+00 -5.4706623267567691e+00 -5.7518046691334250e+00 -6.0001957482239039e+00 -6.2295188805481763e+00 
4.9999999999999767e-01 -4.5258882038270833e+00 -5.1178750805899842e+00 -5.4706615915150891e+00 -5.7518040112263717e+00 -6.0001951640798534e+00 -6.2295183612241996e+00 
