# Matter power spectrum P(k) at redshift z=0
# for k=1.04437e-05 to 1.08871 h/Mpc,
# number of wavenumbers equal to 603
#    1:k (h/Mpc)              2:P (Mpc/h)^3        
       1.044373164702e-05       5.248151780982e+01 
       2.330863079174e-05       1.136002154754e+02 
       3.621867756780e-05       1.735779521311e+02 
       4.920852089118e-05       2.330880964391e+02 
       6.231338151706e-05       2.925095789050e+02 
       7.556936531419e-05       3.521238030728e+02 
       8.901378653462e-05       4.121697191927e+02 
       1.026855053684e-04       4.728663292576e+02 
       1.166252841059e-04       5.344241589380e+02 
       1.308761662632e-04       5.970521598742e+02 
       1.454838830341e-04       6.609624662447e+02 
       1.604972913723e-04       7.263740557857e+02 
       1.759688478325e-04       7.935158593200e+02 
       1.919551219372e-04       8.626295784202e+02 
       2.085173521843e-04       9.339723643662e+02 
       2.257220467534e-04       1.007819466966e+03 
       2.436416293239e-04       1.084466870123e+03 
       2.623551279844e-04       1.164233956137e+03 
       2.819489017107e-04       1.247466162607e+03 
       3.025173939994e-04       1.334537598114e+03 
       3.241638965918e-04       1.425853529790e+03 
       3.470012974069e-04       1.521852638469e+03 
       3.711527754502e-04       1.623008831912e+03 
       3.967523913204e-04       1.729832440313e+03 
       4.239455050124e-04       1.842870441484e+03 
       4.528889335270e-04       1.962705376330e+03 
       4.837507406505e-04       2.089952492281e+03 
       5.167095326656e-04       2.225254625576e+03 
       5.519531207021e-04       2.369274281254e+03 
       5.896764086937e-04       2.522682407214e+03 
       6.300783827469e-04       2.686143485466e+03 
       6.733581210050e-04       2.860296794912e+03 
       7.197098192591e-04       3.045733981784e+03 
       7.693169385710e-04       3.242973785918e+03 
       8.223457207545e-04       3.452435044113e+03 
       8.789384681578e-04       3.674410008066e+03 
       9.392071166369e-04       3.909040283315e+03 
       1.003227708614e-03       4.156298002205e+03 
       1.071036363096e-03       4.415974651347e+03 
       1.142627223650e-03       4.687679347543e+03 
       1.217952652281e-03       4.970847193172e+03 
       1.296925664591e-03       5.264757331515e+03 
       1.379424326888e-03       5.568544343506e+03 
       1.465297617994e-03       5.881243798789e+03 
       1.554372138595e-03       6.201865170018e+03 
       1.646459041173e-03       6.529359069677e+03 
       1.741360637172e-03       6.862672225953e+03 
       1.838876280163e-03       7.200772458582e+03 
       1.938807285105e-03       7.542668351602e+03 
       2.040960792329e-03       7.887423556076e+03 
       2.145152601220e-03       8.234166209079e+03 
       2.251209076149e-03       8.582094250933e+03 
       2.358968268635e-03       8.930477424698e+03 
       2.468280412775e-03       9.278656232063e+03 
       2.579007944657e-03       9.626039416350e+03 
       2.691025179021e-03       9.972100280619e+03 
       2.804217754108e-03       1.031637225896e+04 
       2.918481932731e-03       1.065844378715e+04 
       3.033723826546e-03       1.099795490092e+04 
       3.149858592448e-03       1.133459009072e+04 
       3.266809635419e-03       1.166807577013e+04 
       3.384507840689e-03       1.199817460262e+04 
       3.502890849470e-03       1.232468161839e+04 
       3.621902386186e-03       1.264742335733e+04 
       3.741491640682e-03       1.296624902390e+04 
       3.861612705792e-03       1.328103167466e+04 
       3.982224068664e-03       1.359166296499e+04 
       4.103288152968e-03       1.389805734304e+04 
       4.224770908425e-03       1.420014240937e+04 
       4.346641443774e-03       1.449785986956e+04 
       4.468871699204e-03       1.479116260144e+04 
       4.591436154409e-03       1.508001403605e+04 
       4.714311568592e-03       1.536439028067e+04 
       4.837476749025e-03       1.564427154749e+04 
       4.960912345033e-03       1.591964996796e+04 
       5.084600664588e-03       1.619054638343e+04 
       5.208525510941e-03       1.645694468703e+04 
       5.332672037041e-03       1.671885958116e+04 
       5.457026615687e-03       1.697630526359e+04 
       5.581576723621e-03       1.722929186730e+04 
       5.706310837967e-03       1.747785185840e+04 
       5.831218343601e-03       1.772199627583e+04 
       5.956289450214e-03       1.796175430946e+04 
       6.081515117959e-03       1.819715860874e+04 
       6.206886990725e-03       1.842823572509e+04 
       6.332397336181e-03       1.865501130401e+04 
       6.458038991828e-03       1.887752727815e+04 
       6.583805316419e-03       1.909581071936e+04 
       6.709690146132e-03       1.930989856407e+04 
       6.835687755006e-03       1.951983555800e+04 
       6.961792819169e-03       1.972565318162e+04 
       7.088000384453e-03       1.992738768711e+04 
       7.214305837050e-03       2.012509052681e+04 
       7.340704876885e-03       2.031878548818e+04 
       7.467193493428e-03       2.050852347831e+04 
       7.593767943692e-03       2.069435005906e+04 
       7.720424732204e-03       2.087630707215e+04 
       7.847160592745e-03       2.105443055818e+04 
       7.973972471688e-03       2.122876616961e+04 
       8.100857512778e-03       2.139935173969e+04 
       8.227813043211e-03       2.156622429215e+04 
       8.354836560891e-03       2.172942931824e+04 
       8.481925722753e-03       2.188902503139e+04 
       8.609078334054e-03       2.204503997032e+04 
       8.736292338537e-03       2.219750871451e+04 
       8.863565809396e-03       2.234646914812e+04 
       8.990896940960e-03       2.249197139352e+04 
       9.118284041045e-03       2.263404247721e+04 
       9.245725523898e-03       2.277273551090e+04 
       9.373219903698e-03       2.290808901061e+04 
       9.500765788551e-03       2.304013891502e+04 
       9.628361874951e-03       2.316892214791e+04 
       9.756006942657e-03       2.329446862147e+04 
       9.883699849952e-03       2.341683628284e+04 
       1.001143952926e-02       2.353603584320e+04 
       1.013922498308e-02       2.365212645353e+04 
       1.026705528024e-02       2.376512489971e+04 
       1.039492955238e-02       2.387508775915e+04 
       1.052284699072e-02       2.398203972086e+04 
       1.065080684310e-02       2.408600824731e+04 
       1.077880841111e-02       2.418703754906e+04 
       1.090685104758e-02       2.428516750961e+04 
       1.103493415410e-02       2.438039743303e+04 
       1.116305717886e-02       2.447280844787e+04 
       1.129121961447e-02       2.456240651190e+04 
       1.141942099613e-02       2.464920988475e+04 
       1.154766089974e-02       2.473327389040e+04 
       1.167593894029e-02       2.481463477237e+04 
       1.180425477026e-02       2.489331571231e+04 
       1.193260807819e-02       2.496931886425e+04 
       1.206099858732e-02       2.504270828137e+04 
       1.218942605437e-02       2.511349963398e+04 
       1.231789026833e-02       2.518173065923e+04 
       1.244639104940e-02       2.524742704024e+04 
       1.257492824797e-02       2.531063697770e+04 
       1.270350174373e-02       2.537135520188e+04 
       1.283211144475e-02       2.542964259244e+04 
       1.296075728669e-02       2.548553726836e+04 
       1.308943923209e-02       2.553904522777e+04 
       1.321815726966e-02       2.559019569148e+04 
       1.334691141363e-02       2.563904025455e+04 
       1.347570170320e-02       2.568559543963e+04 
       1.360452820198e-02       2.572987790277e+04 
       1.373339099751e-02       2.577193704938e+04 
       1.386229020080e-02       2.581178299899e+04 
       1.399122594593e-02       2.584945152346e+04 
       1.412019838966e-02       2.588496839857e+04 
       1.424920771111e-02       2.591836776991e+04 
       1.437825411146e-02       2.594966252786e+04 
       1.450733781367e-02       2.597888020405e+04 
       1.463645906222e-02       2.600606100281e+04 
       1.476561812295e-02       2.603121737529e+04 
       1.489481528284e-02       2.605438985782e+04 
       1.502405084985e-02       2.607558604233e+04 
       1.515332515284e-02       2.609484510089e+04 
       1.528263854140e-02       2.611219104796e+04 
       1.541199138583e-02       2.612764548279e+04 
       1.554138407704e-02       2.614123488035e+04 
       1.567081702656e-02       2.615299400035e+04 
       1.580029066648e-02       2.616294247708e+04 
       1.592980544950e-02       2.617106167885e+04 
       1.605936184892e-02       2.617745536483e+04 
       1.618896035875e-02       2.618208157464e+04 
       1.631860149370e-02       2.618497158795e+04 
       1.644828578934e-02       2.618619181759e+04 
       1.657801380217e-02       2.618571051828e+04 
       1.670778610974e-02       2.618359003182e+04 
       1.683760331081e-02       2.617981742063e+04 
       1.696746602552e-02       2.617445841250e+04 
       1.709737489554e-02       2.616750998162e+04 
       1.722733058427e-02       2.615900765828e+04 
       1.735733377708e-02       2.614896862195e+04 
       1.748738518151e-02       2.613738967719e+04 
       1.761748552753e-02       2.612432642883e+04 
       1.774763556778e-02       2.610981195494e+04 
       1.787783607790e-02       2.609382232482e+04 
       1.800808785676e-02       2.607641310634e+04 
       1.813839172683e-02       2.605758967753e+04 
       1.826874853447e-02       2.603738941289e+04 
       1.839915915029e-02       2.601580039583e+04 
       1.852962446951e-02       2.599288851491e+04 
       1.866014541236e-02       2.596865013170e+04 
       1.879072292444e-02       2.594309743739e+04 
       1.892135797715e-02       2.591625493516e+04 
       1.905205156813e-02       2.588814460558e+04 
       1.918280472170e-02       2.585881864944e+04 
       1.931361848932e-02       2.582825311562e+04 
       1.944449395009e-02       2.579642426017e+04 
       1.957543221122e-02       2.576350312638e+04 
       1.970643440861e-02       2.572939138438e+04 
       1.983750170732e-02       2.569411892432e+04 
       1.996863530217e-02       2.565770261511e+04 
       2.009983641832e-02       2.562020657981e+04 
       2.023110631186e-02       2.558160914448e+04 
       2.036244627042e-02       2.554196019393e+04 
       2.049385761381e-02       2.550122822223e+04 
       2.062534169472e-02       2.545947191338e+04 
       2.075689989933e-02       2.541668931228e+04 
       2.088853364809e-02       2.537295085565e+04 
       2.102024439641e-02       2.532816627260e+04 
       2.115203363542e-02       2.528241090376e+04 
       2.128390289272e-02       2.523579188769e+04 
       2.141585373324e-02       2.518819187639e+04 
       2.154788776000e-02       2.513969099481e+04 
       2.168000661501e-02       2.509028933250e+04 
       2.181221198013e-02       2.504001531833e+04 
       2.194450557797e-02       2.498890008354e+04 
       2.207688917284e-02       2.493692595274e+04 
       2.220936457171e-02       2.488413382244e+04 
       2.234193362518e-02       2.483048172616e+04 
       2.247459822856e-02       2.477608546014e+04 
       2.260736032288e-02       2.472087262528e+04 
       2.274022189598e-02       2.466492267386e+04 
       2.287318498369e-02       2.460824994770e+04 
       2.300625167090e-02       2.455082362751e+04 
       2.313942409286e-02       2.449265539686e+04 
       2.327270443632e-02       2.443384715310e+04 
       2.340609494086e-02       2.437430202264e+04 
       2.353959790020e-02       2.431409914008e+04 
       2.367321566351e-02       2.425327226062e+04 
       2.380695063689e-02       2.419178442408e+04 
       2.394080528471e-02       2.412965434358e+04 
       2.407478213118e-02       2.406690270920e+04 
       2.420888376186e-02       2.400357034260e+04 
       2.434311282523e-02       2.393967443916e+04 
       2.447747203435e-02       2.387518566474e+04 
       2.461196416853e-02       2.381013239774e+04 
       2.474659207508e-02       2.374455283195e+04 
       2.488135867115e-02       2.367847882282e+04 
       2.501626694552e-02       2.361179611218e+04 
       2.515131996057e-02       2.354471102228e+04 
       2.528652085429e-02       2.347703494439e+04 
       2.542187284226e-02       2.340903442887e+04 
       2.555737921985e-02       2.334044420539e+04 
       2.569304336435e-02       2.327142185332e+04 
       2.582886873729e-02       2.320201695577e+04 
       2.596485888675e-02       2.313210971488e+04 
       2.610101744982e-02       2.306181880662e+04 
       2.623734815507e-02       2.299112515871e+04 
       2.637385482519e-02       2.292006136768e+04 
       2.651054137963e-02       2.284856091620e+04 
       2.664741183745e-02       2.277676488644e+04 
       2.678447032015e-02       2.270458663778e+04 
       2.692172105465e-02       2.263204193851e+04 
       2.705916837644e-02       2.255913588253e+04 
       2.719681673273e-02       2.248596929717e+04 
       2.733467068578e-02       2.241249717362e+04 
       2.747273491637e-02       2.233869861156e+04 
       2.761101422734e-02       2.226462276734e+04 
       2.774951354730e-02       2.219026548365e+04 
       2.788823793449e-02       2.211560712258e+04 
       2.802719258075e-02       2.204068937186e+04 
       2.816638281564e-02       2.196551878311e+04 
       2.830581411079e-02       2.189016339067e+04 
       2.844549208428e-02       2.181454263839e+04 
       2.858542250537e-02       2.173862443749e+04 
       2.872561129924e-02       2.166263764338e+04 
       2.886606455204e-02       2.158635036868e+04 
       2.900678851607e-02       2.150985975776e+04 
       2.914778961521e-02       2.143319202247e+04 
       2.928907445055e-02       2.135638089780e+04 
       2.943064980626e-02       2.127935581395e+04 
       2.957252265567e-02       2.120227158276e+04 
       2.971470016765e-02       2.112487667996e+04 
       2.985718971322e-02       2.104751553252e+04 
       2.999999887247e-02       2.096984356167e+04 
       3.014313544171e-02       2.089217841072e+04 
       3.028660744103e-02       2.081429328908e+04 
       3.043042312206e-02       2.073634617248e+04 
       3.057459097620e-02       2.065825058143e+04 
       3.071911974310e-02       2.058007486527e+04 
       3.086401841958e-02       2.050181172783e+04 
       3.100929626893e-02       2.042347334075e+04 
       3.115496283064e-02       2.034501715491e+04 
       3.130102793055e-02       2.026651172402e+04 
       3.144750169148e-02       2.018793850308e+04 
       3.159439454437e-02       2.010928209679e+04 
       3.174171723991e-02       2.003057406918e+04 
       3.188948086075e-02       1.995175747607e+04 
       3.203769683427e-02       1.987299790613e+04 
       3.218637694595e-02       1.979419553322e+04 
       3.233553335345e-02       1.971530089653e+04 
       3.248517860135e-02       1.963638601991e+04 
       3.263532563658e-02       1.955747329895e+04 
       3.278598782466e-02       1.947848382288e+04 
       3.293717896679e-02       1.939965145614e+04 
       3.308891331778e-02       1.932053572280e+04 
       3.324120560489e-02       1.924162495184e+04 
       3.339407104767e-02       1.916262054224e+04 
       3.354752537887e-02       1.908365182013e+04 
       3.370158486643e-02       1.900465889088e+04 
       3.385626633667e-02       1.892567615519e+04 
       3.401158719872e-02       1.884666361470e+04 
       3.416756547033e-02       1.876774435250e+04 
       3.432421980509e-02       1.868879052422e+04 
       3.448156952118e-02       1.860989886759e+04 
       3.463963463176e-02       1.853102321453e+04 
       3.479843587710e-02       1.845218048348e+04 
       3.495799475862e-02       1.837337953279e+04 
       3.511833357482e-02       1.829454919690e+04 
       3.527947545950e-02       1.821578145633e+04 
       3.544144442218e-02       1.813704104113e+04 
       3.560426539095e-02       1.805830463943e+04 
       3.576796425810e-02       1.797964321117e+04 
       3.593256792846e-02       1.790104057359e+04 
       3.609810437084e-02       1.782246191439e+04 
       3.626460267279e-02       1.774396321246e+04 
       3.643209309885e-02       1.766540647053e+04 
       3.660060715266e-02       1.758698617894e+04 
       3.677017764317e-02       1.750855718810e+04 
       3.694083875532e-02       1.743015325831e+04 
       3.711262612553e-02       1.735180854046e+04 
       3.728557692239e-02       1.727355371176e+04 
       3.745972993299e-02       1.719526883651e+04 
       3.763512565546e-02       1.711705125651e+04 
       3.781180639800e-02       1.703883962245e+04 
       3.798981638531e-02       1.696074071031e+04 
       3.816920187278e-02       1.688261264413e+04 
       3.835001126925e-02       1.680458412215e+04 
       3.853229526919e-02       1.672650165887e+04 
       3.871610699501e-02       1.664852338107e+04 
       3.890150215055e-02       1.657044668826e+04 
       3.908853918682e-02       1.649248214446e+04 
       3.927727948108e-02       1.641455067347e+04 
       3.946778753063e-02       1.633663119323e+04 
       3.966013116279e-02       1.625865028261e+04 
       3.985438176262e-02       1.618071220800e+04 
       4.005061452028e-02       1.610281075268e+04 
       4.024890869999e-02       1.602485694735e+04 
       4.044934793295e-02       1.594688062173e+04 
       4.065202053679e-02       1.586888944533e+04 
       4.085701986436e-02       1.579098591293e+04 
       4.106444468521e-02       1.571291258713e+04 
       4.127439960353e-02       1.563485520277e+04 
       4.148699551649e-02       1.555675022149e+04 
       4.170235011807e-02       1.547860417669e+04 
       4.192058845349e-02       1.540041502916e+04 
       4.214184353062e-02       1.532202330472e+04 
       4.236625699536e-02       1.524366401793e+04 
       4.259397987901e-02       1.516516652091e+04 
       4.282517342704e-02       1.508655758510e+04 
       4.306001001986e-02       1.500784663594e+04 
       4.329867419797e-02       1.492899955209e+04 
       4.354136380576e-02       1.484996044634e+04 
       4.378829127058e-02       1.477079506621e+04 
       4.403968503634e-02       1.469142959955e+04 
       4.429579117428e-02       1.461186107882e+04 
       4.455687519713e-02       1.453206400593e+04 
       4.482322410793e-02       1.445201060449e+04 
       4.509514871988e-02       1.437169629822e+04 
       4.537298629063e-02       1.429106602744e+04 
       4.565710352215e-02       1.421015288181e+04 
       4.594789998768e-02       1.412884119028e+04 
       4.624581205854e-02       1.404720431567e+04 
       4.655131741886e-02       1.396512735374e+04 
       4.686494027390e-02       1.388259354161e+04 
       4.718725738008e-02       1.379955944531e+04 
       4.751890505215e-02       1.371602597540e+04 
       4.786058733744e-02       1.363183740090e+04 
       4.821308558970e-02       1.354702719942e+04 
       4.857726972894e-02       1.346155353143e+04 
       4.895411154103e-02       1.337524207348e+04 
       4.934470045662e-02       1.328808933178e+04 
       4.975026235705e-02       1.320004019250e+04 
       5.017218209299e-02       1.311090733171e+04 
       5.061203057710e-02       1.302067211746e+04 
       5.107159753589e-02       1.292912578015e+04 
       5.155293129116e-02       1.283615838823e+04 
       5.205838730292e-02       1.274157183337e+04 
       5.259068766030e-02       1.264523381903e+04 
       5.315299427002e-02       1.254682900490e+04 
       5.374899917043e-02       1.244605039530e+04 
       5.438303617678e-02       1.234261176970e+04 
       5.506021887037e-02       1.223605848928e+04 
       5.578661059290e-02       1.212576390493e+04 
       5.656943217348e-02       1.201110795865e+04 
       5.741731170599e-02       1.189121934748e+04 
       5.834057603743e-02       1.176488114163e+04 
       5.935157238551e-02       1.163059804605e+04 
       6.046498480722e-02       1.148637622672e+04 
       6.169806485152e-02       1.132945764317e+04 
       6.307061717782e-02       1.115634514771e+04 
       6.460446392397e-02       1.096224396513e+04 
       6.632198364261e-02       1.074125816701e+04 
       6.824329609745e-02       1.048624994090e+04 
       7.038199201475e-02       1.018976491695e+04 
       7.274024700583e-02       9.845533240705e+03 
       7.530545972613e-02       9.450967408897e+03 
       7.805092032784e-02       9.009506414608e+03 
       8.094110197875e-02       8.531616209587e+03 
       8.393908053384e-02       8.033656475011e+03 
       8.701249267825e-02       7.534985874394e+03 
       9.013624269641e-02       7.054643365030e+03 
       9.329247330337e-02       6.608739327675e+03 
       9.646919514324e-02       6.208810575498e+03 
       9.965865848291e-02       5.861262486730e+03 
       1.028559736339e-01       5.567584167976e+03 
       1.060581016661e-01       5.325056253968e+03 
       1.092631713464e-01       5.127622896907e+03 
       1.124700369163e-01       4.966891769687e+03 
       1.156779991511e-01       4.833098362048e+03 
       1.188866321205e-01       4.716038194470e+03 
       1.220956765939e-01       4.605983464826e+03 
       1.253049748184e-01       4.494465423134e+03 
       1.285144307454e-01       4.375032623714e+03 
       1.317239858263e-01       4.243669870619e+03 
       1.349336042984e-01       4.099028805371e+03 
       1.381432642480e-01       3.942200488330e+03 
       1.413529521827e-01       3.776278174347e+03 
       1.445626597361e-01       3.605735847548e+03 
       1.477723816663e-01       3.435698448326e+03 
       1.509821146409e-01       3.271235296149e+03 
       1.541918564975e-01       3.116775205972e+03 
       1.574016057950e-01       2.975774364441e+03 
       1.606113615395e-01       2.850386911134e+03 
       1.638211230178e-01       2.741465980391e+03 
       1.670308896949e-01       2.648644501036e+03 
       1.702406611514e-01       2.570488793346e+03 
       1.734504370451e-01       2.504701382702e+03 
       1.766602170865e-01       2.448461623321e+03 
       1.798700010242e-01       2.398692483081e+03 
       1.830797886346e-01       2.352479875087e+03 
       1.862895797160e-01       2.307368635000e+03 
       1.894993740844e-01       2.260361050648e+03 
       1.927091715704e-01       2.209826985956e+03 
       1.959189720173e-01       2.154933247488e+03 
       1.991287752793e-01       2.095636365402e+03 
       2.023385812206e-01       2.032581377640e+03 
       2.055483897141e-01       1.966954054388e+03 
       2.087582006409e-01       1.900243388386e+03 
       2.119680138895e-01       1.834075893980e+03 
       2.151778293551e-01       1.769978862316e+03 
       2.183876469391e-01       1.709285485597e+03 
       2.215974665488e-01       1.652994752435e+03 
       2.248072880967e-01       1.601743716760e+03 
       2.280171115005e-01       1.555770084771e+03 
       2.312269366823e-01       1.514967354719e+03 
       2.344367635685e-01       1.478901614340e+03 
       2.376465920897e-01       1.446892232305e+03 
       2.408564221800e-01       1.418098767499e+03 
       2.440662537771e-01       1.391576491488e+03 
       2.472760868220e-01       1.366386270152e+03 
       2.504859212586e-01       1.341656272558e+03 
       2.536957570338e-01       1.316663326670e+03 
       2.569055940972e-01       1.290876296494e+03 
       2.601154324007e-01       1.263983237135e+03 
       2.633252718986e-01       1.235909211101e+03 
       2.665351125477e-01       1.206785726002e+03 
       2.697449543065e-01       1.176922013646e+03 
       2.729547971357e-01       1.146749322170e+03 
       2.761646409978e-01       1.116757933539e+03 
       2.793744858569e-01       1.087445774393e+03 
       2.825843316788e-01       1.059260746181e+03 
       2.857941784310e-01       1.032556926260e+03 
       2.890040260823e-01       1.007574623972e+03 
       2.922138746029e-01       9.844262399193e+02 
       2.954237239642e-01       9.631035243801e+02 
       2.986335741392e-01       9.434903560857e+02 
       3.018434251015e-01       9.253730428215e+02 
       3.050532768264e-01       9.084856964742e+02 
       3.082631292897e-01       8.925283904402e+02 
       3.114729824686e-01       8.772002801008e+02 
       3.146828363411e-01       8.622203186183e+02 
       3.178926908861e-01       8.473542418555e+02 
       3.211025460832e-01       8.324254673622e+02 
       3.243124019131e-01       8.173233405168e+02 
       3.275222583570e-01       8.020100605704e+02 
       3.307321153970e-01       7.865038587694e+02 
       3.339419730157e-01       7.708797798486e+02 
       3.371518311967e-01       7.552526097937e+02 
       3.403616899239e-01       7.397594176388e+02 
       3.435715491819e-01       7.245441542114e+02 
       3.467814089559e-01       7.097446834590e+02 
       3.499912692316e-01       6.954737103773e+02 
       3.532011299954e-01       6.818160780885e+02 
       3.564109912340e-01       6.688178370106e+02 
       3.596208529345e-01       6.564973376083e+02 
       3.628307150848e-01       6.448226721365e+02 
       3.660405776728e-01       6.337413275882e+02 
       3.692504406872e-01       6.231763360847e+02 
       3.724603041169e-01       6.130363283972e+02 
       3.756701679511e-01       6.032260054307e+02 
       3.788800321796e-01       5.936553963277e+02 
       3.820898967924e-01       5.842453337010e+02 
       3.852997617798e-01       5.749336751838e+02 
       3.885096271325e-01       5.656795916779e+02 
       3.917194928415e-01       5.564613772245e+02 
       3.949293588980e-01       5.472780857235e+02 
       3.981392252937e-01       5.381457550695e+02 
       4.013490920204e-01       5.290875863966e+02 
       4.045589590701e-01       5.201422491574e+02 
       4.077688264351e-01       5.113442175984e+02 
       4.109786941082e-01       5.027302836573e+02 
       4.141885620820e-01       4.943316667197e+02 
       4.173984303497e-01       4.861714760072e+02 
       4.206082989044e-01       4.782650140358e+02 
       4.238181677397e-01       4.706209789066e+02 
       4.270280368491e-01       4.632347568716e+02 
       4.302379062265e-01       4.560975992806e+02 
       4.334477758660e-01       4.491943509474e+02 
       4.366576457617e-01       4.425002781575e+02 
       4.398675159080e-01       4.359927489070e+02 
       4.430773862994e-01       4.296462044390e+02 
       4.462872569307e-01       4.234357586386e+02 
       4.494971277967e-01       4.173392886883e+02 
       4.527069988923e-01       4.113369223251e+02 
       4.559168702127e-01       4.054150578996e+02 
       4.591267417532e-01       3.995630491853e+02 
       4.623366135091e-01       3.937774799044e+02 
       4.655464854760e-01       3.880598523816e+02 
       4.687563576496e-01       3.824139149779e+02 
       4.719662300256e-01       3.768483055982e+02 
       4.751761025999e-01       3.713736438152e+02 
       4.783859753685e-01       3.660002741146e+02 
       4.815958483275e-01       3.607379975949e+02 
       4.848057214730e-01       3.555967219936e+02 
       4.880155948015e-01       3.505801978917e+02 
       4.912254683093e-01       3.456917739605e+02 
       4.944353419929e-01       3.409295203649e+02 
       4.976452158489e-01       3.362895708326e+02 
       5.008550898740e-01       3.317648402261e+02 
       5.040649640649e-01       3.273458858547e+02 
       5.072748384185e-01       3.230229467566e+02 
       5.104847129316e-01       3.187847554741e+02 
       5.136945876014e-01       3.146226732492e+02 
       5.169044624248e-01       3.105282328431e+02 
       5.201143373990e-01       3.064951115281e+02 
       5.233242125213e-01       3.025187505545e+02 
       5.265340877889e-01       2.985976755637e+02 
       5.297439631991e-01       2.947308055055e+02 
       5.329538387494e-01       2.909200415076e+02 
       5.361637144373e-01       2.871671223503e+02 
       5.393735902602e-01       2.834747820113e+02 
       5.425834662159e-01       2.798459511560e+02 
       5.457933423018e-01       2.762816535670e+02 
       5.490032185159e-01       2.727843007115e+02 
       5.522130948557e-01       2.693544645499e+02 
       5.554229713192e-01       2.659919025139e+02 
       5.586328479041e-01       2.626952525895e+02 
       5.618427246084e-01       2.594633116481e+02 
       5.650526014301e-01       2.562940223693e+02 
       5.682624783671e-01       2.531844753791e+02 
       5.714723554176e-01       2.501325940227e+02 
       5.746822325795e-01       2.471342255297e+02 
       5.778921098511e-01       2.441874210776e+02 
       5.811019872306e-01       2.412894147195e+02 
       5.843118647160e-01       2.384374640429e+02 
       5.875217423058e-01       2.356297208656e+02 
       5.907316199981e-01       2.328642240673e+02 
       5.939414977914e-01       2.301398099715e+02 
       5.971513756839e-01       2.274558875219e+02 
       6.003612536742e-01       2.248111491320e+02 
       6.035711317605e-01       2.222061843349e+02 
       6.067810099415e-01       2.196407269695e+02 
       6.099908882156e-01       2.171154789385e+02 
       6.132007665813e-01       2.146299589741e+02 
       6.164106450372e-01       2.121849368938e+02 
       6.196205235819e-01       2.097801849553e+02 
       6.228304022141e-01       2.074155302540e+02 
       6.260402809323e-01       2.050902955862e+02 
       6.292501597353e-01       2.028040704306e+02 
       6.324600386217e-01       2.005558410985e+02 
       6.356699175903e-01       1.983441840803e+02 
       6.388797966399e-01       1.961680292829e+02 
       6.420896757691e-01       1.940257538849e+02 
       6.452995549770e-01       1.919168090512e+02 
       6.485094342622e-01       1.898391741227e+02 
       6.517193136236e-01       1.877920859242e+02 
       6.549291930601e-01       1.857749356546e+02 
       6.581390725707e-01       1.837867660197e+02 
       6.613489521541e-01       1.818269281691e+02 
       6.645588318094e-01       1.798952065968e+02 
       6.677687115355e-01       1.779910453209e+02 
       6.709785913315e-01       1.761143099289e+02 
       6.741884711962e-01       1.742644219353e+02 
       6.773983511288e-01       1.724413025300e+02 
       6.806082311282e-01       1.706449176076e+02 
       6.838181111935e-01       1.688744323623e+02 
       6.870279913238e-01       1.671302633147e+02 
       6.902378715182e-01       1.654116135008e+02 
       6.934477517758e-01       1.637181865405e+02 
       6.966576320957e-01       1.620495990942e+02 
       6.998675124771e-01       1.604053795718e+02 
       7.030773929191e-01       1.587849854795e+02 
       7.062872734208e-01       1.571874525405e+02 
       7.094971539816e-01       1.556129103009e+02 
       7.127070346005e-01       1.540602630241e+02 
       7.159169152768e-01       1.525292300620e+02 
       7.191267960097e-01       1.510192243898e+02 
       7.223366767984e-01       1.495297199140e+02 
       7.255465576423e-01       1.480603019605e+02 
       7.287564385406e-01       1.466107818874e+02 
       7.319663194925e-01       1.451806950223e+02 
       7.351762004974e-01       1.437695771781e+02 
       7.383860815546e-01       1.423776884119e+02 
       7.415959626634e-01       1.410041155445e+02 
       7.448058438231e-01       1.396490651494e+02 
       7.480157250331e-01       1.383122449898e+02 
       7.512256062927e-01       1.369933345099e+02 
       7.544354876012e-01       1.356923862730e+02 
       8.246971684340e-01       1.110626268969e+02 
       9.265623315949e-01       8.522249108558e+01 
       1.088707401691e+00       5.876841764305e+01 
