# Matter power spectrum P(k) at redshift z=1
# for k=1.045e-05 to 8.48764 h/Mpc,
# number of wavenumbers equal to 612
#    1:k (h/Mpc)              2:P (Mpc/h)^3        
       1.045004358465e-05       1.937906184148e+01 
       2.333031646003e-05       4.250169334995e+01 
       3.625588232309e-05       6.379261976693e+01 
       4.926151484748e-05       8.578611050931e+01 
       6.238256282054e-05       1.077199550384e+02 
       7.565526530539e-05       1.298690253650e+02 
       8.911707687974e-05       1.522345220615e+02 
       1.028070072767e-04       1.746168564165e+02 
       1.167659797859e-04       1.972283183240e+02 
       1.310372128073e-04       2.203868190503e+02 
       1.456666289547e-04       2.439814176748e+02 
       1.607032960497e-04       2.680819914275e+02 
       1.761999041630e-04       2.928667815519e+02 
       1.922132824965e-04       3.183805517591e+02 
       2.088049592348e-04       3.447101721942e+02 
       2.260417664219e-04       3.719882002499e+02 
       2.439964902501e-04       4.002841475451e+02 
       2.627485646742e-04       4.297403218806e+02 
       2.823848027128e-04       4.604792928643e+02 
       3.030001548299e-04       4.926371575488e+02 
       3.246984770434e-04       5.263731911832e+02 
       3.475932824573e-04       5.618390905316e+02 
       3.718084384017e-04       5.992041772613e+02 
       3.974787570252e-04       6.386757409331e+02 
       4.247504100439e-04       6.804465414595e+02 
       4.537810789379e-04       7.247320796167e+02 
       4.847397315668e-04       7.717591410559e+02 
       5.178058974855e-04       8.217670430314e+02 
       5.531683013105e-04       8.750002428500e+02 
       5.910227121702e-04       9.317056318378e+02 
       6.315688849627e-04       9.921291404404e+02 
       6.750065137884e-04       1.056505435969e+03 
       7.215301959429e-04       1.125052345794e+03 
       7.713235180257e-04       1.197960209178e+03 
       8.245525173319e-04       1.275383599930e+03 
       8.813589235833e-04       1.357427769997e+03 
       9.418537183337e-04       1.444147380605e+03 
       1.006111625261e-03       1.535532651060e+03 
       1.074167130425e-03       1.631505211763e+03 
       1.146012510269e-03       1.731927922246e+03 
       1.221598126720e-03       1.836592600722e+03 
       1.300834972303e-03       1.945238989631e+03 
       1.383599172303e-03       2.057557387542e+03 
       1.469737934874e-03       2.173186667173e+03 
       1.559076324033e-03       2.291775921393e+03 
       1.651424225675e-03       2.412938501839e+03 
       1.746582964833e-03       2.536286845368e+03 
       1.844351177716e-03       2.661443943922e+03 
       1.944529704896e-03       2.788042751355e+03 
       2.046925420592e-03       2.915735560827e+03 
       2.151354028418e-03       3.044208024713e+03 
       2.257641930146e-03       3.173157258969e+03 
       2.365627314046e-03       3.302309639316e+03 
       2.475160621195e-03       3.431427802665e+03 
       2.586104540896e-03       3.560282542189e+03 
       2.698333668320e-03       3.688679494316e+03 
       2.811733934794e-03       3.816445178626e+03 
       2.926201898116e-03       3.943427812575e+03 
       3.041643959153e-03       4.069488660213e+03 
       3.157975553037e-03       4.194517099374e+03 
       3.275120348689e-03       4.318393801480e+03 
       3.393009479076e-03       4.441045372673e+03 
       3.511580816066e-03       4.562392546376e+03 
       3.630778297517e-03       4.682364106772e+03 
       3.750551309848e-03       4.800906087674e+03 
       3.870854126296e-03       4.917964872551e+03 
       3.991645399134e-03       5.033517683379e+03 
       4.112887702883e-03       5.147497497943e+03 
       4.234547124897e-03       5.259916792921e+03 
       4.356592899374e-03       5.370723725779e+03 
       4.478997080815e-03       5.479910172223e+03 
       4.601734253050e-03       5.587472187861e+03 
       4.724781270161e-03       5.693370559266e+03 
       4.848117025885e-03       5.797627910699e+03 
       4.971722248393e-03       5.900218145853e+03 
       5.095579317586e-03       6.001141633216e+03 
       5.219672102396e-03       6.100423257295e+03 
       5.343985815788e-03       6.198043005280e+03 
       5.468506885453e-03       6.294019662435e+03 
       5.593222838389e-03       6.388338674970e+03 
       5.718122197776e-03       6.481006026754e+03 
       5.843194390744e-03       6.572071775540e+03 
       5.968429665788e-03       6.661483140572e+03 
       6.093819018741e-03       6.749295993442e+03 
       6.219354126332e-03       6.835590178740e+03 
       6.345027286494e-03       6.920393292972e+03 
       6.470831364649e-03       7.003403472143e+03 
       6.596759745336e-03       7.084876574307e+03 
       6.722806288582e-03       7.164781438193e+03 
       6.848965290503e-03       7.243163964442e+03 
       6.975231447686e-03       7.320030814944e+03 
       7.101599824952e-03       7.395392379230e+03 
       7.228065826131e-03       7.469239699280e+03 
       7.354625167555e-03       7.541624790102e+03 
       7.481273853967e-03       7.612289200835e+03 
       7.608008156622e-03       7.681704878701e+03 
       7.734824593334e-03       7.749768392074e+03 
       7.861719910302e-03       7.816294378230e+03 
       7.988691065514e-03       7.881475459102e+03 
       8.115735213591e-03       7.945226733855e+03 
       8.242849691924e-03       8.007620392893e+03 
       8.370032007988e-03       8.068665285919e+03 
       8.497279827711e-03       8.128315515124e+03 
       8.624590964808e-03       8.186648401110e+03 
       8.751963370988e-03       8.243680087266e+03 
       8.879395126956e-03       8.299428281242e+03 
       9.006884434132e-03       8.353842717353e+03 
       9.134429607028e-03       8.406977305645e+03 
       9.262029066230e-03       8.458848031613e+03 
       9.389681331919e-03       8.509495089134e+03 
       9.517385017893e-03       8.558896729268e+03 
       9.645138826050e-03       8.607083035826e+03 
       9.772941541283e-03       8.654042843108e+03 
       9.900792026762e-03       8.699818281233e+03 
       1.002868921957e-02       8.744439979143e+03 
       1.015663212664e-02       8.787911218132e+03 
       1.028461982104e-02       8.830216708361e+03 
       1.041265143846e-02       8.871380000092e+03 
       1.054072617402e-02       8.911403167267e+03 
       1.066884327926e-02       8.950333397240e+03 
       1.079700205935e-02       8.988139621910e+03 
       1.092520187054e-02       9.024871620937e+03 
       1.105344211774e-02       9.060521582850e+03 
       1.118172225228e-02       9.095114050868e+03 
       1.131004176988e-02       9.128657472398e+03 
       1.143840020866e-02       9.161154242940e+03 
       1.156679714741e-02       9.192624913609e+03 
       1.169523220388e-02       9.223084114994e+03 
       1.182370503324e-02       9.252536513119e+03 
       1.195221532664e-02       9.281003240845e+03 
       1.208076280985e-02       9.308492374554e+03 
       1.220934724206e-02       9.335010723034e+03 
       1.233796841467e-02       9.360579647575e+03 
       1.246662615021e-02       9.385196891062e+03 
       1.259532030139e-02       9.408877331566e+03 
       1.272405075012e-02       9.431646897754e+03 
       1.285281740668e-02       9.453500198779e+03 
       1.298162020888e-02       9.474455036639e+03 
       1.311045912139e-02       9.494525374522e+03 
       1.323933413499e-02       9.513717985812e+03 
       1.336824526596e-02       9.532047138096e+03 
       1.349719255553e-02       9.549515864777e+03 
       1.362617606930e-02       9.566145616023e+03 
       1.375519589679e-02       9.581937679783e+03 
       1.388425215096e-02       9.596907531094e+03 
       1.401334496781e-02       9.611053676685e+03 
       1.414247450603e-02       9.624399846983e+03 
       1.427164094666e-02       9.636950717885e+03 
       1.440084449274e-02       9.648725297462e+03 
       1.453008536914e-02       9.659722340787e+03 
       1.465936382220e-02       9.669952467255e+03 
       1.478868011964e-02       9.679433062980e+03 
       1.491803455030e-02       9.688170256034e+03 
       1.504742742402e-02       9.696172711371e+03 
       1.517685907151e-02       9.703468378156e+03 
       1.530632984425e-02       9.710041732577e+03 
       1.543584011438e-02       9.715405397252e+03 
       1.556539027473e-02       9.720559248776e+03 
       1.569498073867e-02       9.725166749991e+03 
       1.582461194022e-02       9.729001026510e+03 
       1.595428433395e-02       9.732057305789e+03 
       1.608399839510e-02       9.734290195759e+03 
       1.621375461959e-02       9.736128907405e+03 
       1.634355352408e-02       9.737279570900e+03 
       1.647339564609e-02       9.738272389535e+03 
       1.660328154410e-02       9.738250036812e+03 
       1.673321179765e-02       9.737521452775e+03 
       1.686318700753e-02       9.736196554101e+03 
       1.699320779588e-02       9.734255039711e+03 
       1.712327480645e-02       9.731756630725e+03 
       1.725338870472e-02       9.728827197281e+03 
       1.738355017815e-02       9.725106498560e+03 
       1.751375993644e-02       9.720501922880e+03 
       1.764401871169e-02       9.715991342163e+03 
       1.777432725877e-02       9.710867587458e+03 
       1.790468635550e-02       9.704538649518e+03 
       1.803509680303e-02       9.698082893019e+03 
       1.816555942610e-02       9.691088280750e+03 
       1.829607507341e-02       9.683518074880e+03 
       1.842664461792e-02       9.675818346949e+03 
       1.855726895726e-02       9.667282684640e+03 
       1.868794901408e-02       9.658286667648e+03 
       1.881868573646e-02       9.648766875770e+03 
       1.894948009832e-02       9.639122654468e+03 
       1.908033309987e-02       9.628696289803e+03 
       1.921124576803e-02       9.617930388664e+03 
       1.934221915691e-02       9.606462403788e+03 
       1.947325434832e-02       9.594694704266e+03 
       1.960435245224e-02       9.582518357412e+03 
       1.973551460733e-02       9.569993973923e+03 
       1.986674198155e-02       9.556594023851e+03 
       1.999803577261e-02       9.543129249872e+03 
       2.012939720865e-02       9.529241868497e+03 
       2.026082754878e-02       9.514881968155e+03 
       2.039232808371e-02       9.500702164354e+03 
       2.052390013641e-02       9.485717760192e+03 
       2.065554506277e-02       9.470280961348e+03 
       2.078726425227e-02       9.454346508715e+03 
       2.091905912869e-02       9.437617313995e+03 
       2.105093115085e-02       9.421036141158e+03 
       2.118288181336e-02       9.404441937002e+03 
       2.131491264740e-02       9.386929133905e+03 
       2.144702522152e-02       9.369476667837e+03 
       2.157922114246e-02       9.351627991115e+03 
       2.171150205602e-02       9.333361634009e+03 
       2.184386964794e-02       9.314768599498e+03 
       2.197632564479e-02       9.295201326284e+03 
       2.210887181492e-02       9.275938603520e+03 
       2.224150996944e-02       9.256887781246e+03 
       2.237424196320e-02       9.237088256531e+03 
       2.250706969581e-02       9.216865698843e+03 
       2.263999511273e-02       9.195792112760e+03 
       2.277302020633e-02       9.175174346998e+03 
       2.290614701706e-02       9.154499832787e+03 
       2.303937763456e-02       9.132647496668e+03 
       2.317271419890e-02       9.111544975855e+03 
       2.330615890180e-02       9.089876363192e+03 
       2.343971398792e-02       9.067859850954e+03 
       2.357338175615e-02       9.044922930246e+03 
       2.370716456100e-02       9.022363531526e+03 
       2.384106481399e-02       8.999543290919e+03 
       2.397508498508e-02       8.977102986951e+03 
       2.410922760418e-02       8.953828551229e+03 
       2.424349526269e-02       8.929883671490e+03 
       2.437789061509e-02       8.906036791281e+03 
       2.451241638055e-02       8.882610290058e+03 
       2.464707534467e-02       8.858577910436e+03 
       2.478187036123e-02       8.833556475197e+03 
       2.491680435394e-02       8.809022305462e+03 
       2.505188031836e-02       8.784286299488e+03 
       2.518710132382e-02       8.759528264334e+03 
       2.532247051540e-02       8.734465092783e+03 
       2.545799111597e-02       8.709190021354e+03 
       2.559366642839e-02       8.683777225211e+03 
       2.572949983761e-02       8.658207060926e+03 
       2.586549481303e-02       8.632404344634e+03 
       2.600165491080e-02       8.606912459689e+03 
       2.613798377629e-02       8.581036398198e+03 
       2.627448514657e-02       8.554110533875e+03 
       2.641116285305e-02       8.527750816668e+03 
       2.654802082415e-02       8.501229314966e+03 
       2.668506308812e-02       8.474726574440e+03 
       2.682229377588e-02       8.447966202231e+03 
       2.695971712407e-02       8.421108102392e+03 
       2.709733747813e-02       8.394070620022e+03 
       2.723515929550e-02       8.367031907582e+03 
       2.737318714896e-02       8.340207862856e+03 
       2.751142573009e-02       8.312875301762e+03 
       2.764987985283e-02       8.285384010835e+03 
       2.778855445722e-02       8.257576505309e+03 
       2.792745461322e-02       8.229958633829e+03 
       2.806658552475e-02       8.202265417585e+03 
       2.820595253378e-02       8.174412113786e+03 
       2.834556112471e-02       8.146535376284e+03 
       2.848541692877e-02       8.117961784839e+03 
       2.862552572872e-02       8.089864067520e+03 
       2.876589346368e-02       8.061791629516e+03 
       2.890652623411e-02       8.033827236272e+03 
       2.904743030707e-02       8.005527747195e+03 
       2.918861212164e-02       7.977115474542e+03 
       2.933007829456e-02       7.948201545236e+03 
       2.947183562612e-02       7.919920870718e+03 
       2.961389110626e-02       7.891419987431e+03 
       2.975625192100e-02       7.862631531083e+03 
       2.989892545902e-02       7.833991949605e+03 
       3.004191931860e-02       7.805380582454e+03 
       3.018524131485e-02       7.776637736033e+03 
       3.032889948722e-02       7.747253226666e+03 
       3.047290210736e-02       7.718378108350e+03 
       3.061725768729e-02       7.689463580017e+03 
       3.076197498798e-02       7.660943547815e+03 
       3.090706302827e-02       7.631987891933e+03 
       3.105253109416e-02       7.602458985747e+03 
       3.119838874865e-02       7.573690985868e+03 
       3.134464584183e-02       7.544741675802e+03 
       3.149131252163e-02       7.515100372740e+03 
       3.163839924495e-02       7.486423998838e+03 
       3.178591678931e-02       7.457398427141e+03 
       3.193387626514e-02       7.427746973950e+03 
       3.208228912856e-02       7.398543395064e+03 
       3.223116719483e-02       7.369352125170e+03 
       3.238052265243e-02       7.340125529280e+03 
       3.253036807786e-02       7.311394448546e+03 
       3.268071645114e-02       7.281826042831e+03 
       3.283158117211e-02       7.252771032528e+03 
       3.298297607755e-02       7.223665248279e+03 
       3.313491545916e-02       7.194465681329e+03 
       3.328741408251e-02       7.164612110359e+03 
       3.344048720691e-02       7.135352326129e+03 
       3.359415060641e-02       7.106198061551e+03 
       3.374842059184e-02       7.076963341958e+03 
       3.390331403411e-02       7.047730095796e+03 
       3.405884838871e-02       7.018507086648e+03 
       3.421504172162e-02       6.989221484792e+03 
       3.437191273660e-02       6.960340853967e+03 
       3.452948080409e-02       6.931317522923e+03 
       3.468776599166e-02       6.901517278168e+03 
       3.484678909628e-02       6.872332899003e+03 
       3.500657167847e-02       6.843226319225e+03 
       3.516713609840e-02       6.814061107896e+03 
       3.532850555420e-02       6.784886223243e+03 
       3.549070412254e-02       6.755793309812e+03 
       3.565375680169e-02       6.726598005445e+03 
       3.581768955726e-02       6.697700688436e+03 
       3.598252937075e-02       6.668705945386e+03 
       3.614830429120e-02       6.639813013129e+03 
       3.631504349013e-02       6.610202921212e+03 
       3.648277732005e-02       6.581584393718e+03 
       3.665153737680e-02       6.552692438617e+03 
       3.682135656602e-02       6.523547259599e+03 
       3.699226917412e-02       6.494536666807e+03 
       3.716431094406e-02       6.465118236084e+03 
       3.733751915639e-02       6.436160878159e+03 
       3.751193271595e-02       6.407525035274e+03 
       3.768759224472e-02       6.378669406077e+03 
       3.786454018137e-02       6.349772773283e+03 
       3.804282088805e-02       6.320456995045e+03 
       3.822248076511e-02       6.291789754878e+03 
       3.840356837442e-02       6.262980385187e+03 
       3.858613457205e-02       6.233985940209e+03 
       3.877023265129e-02       6.205221479305e+03 
       3.895591849676e-02       6.176156211486e+03 
       3.914325075094e-02       6.147581957774e+03 
       3.933229099402e-02       6.118334746990e+03 
       3.952310393866e-02       6.089509872350e+03 
       3.971575764086e-02       6.060668497561e+03 
       3.991032372881e-02       6.031955182654e+03 
       4.010687765142e-02       6.003005412844e+03 
       4.030549894855e-02       5.974461065575e+03 
       4.050627154541e-02       5.945704720539e+03 
       4.070928407353e-02       5.916390604199e+03 
       4.091463022134e-02       5.887532759449e+03 
       4.112240911762e-02       5.858655270320e+03 
       4.133272575146e-02       5.829875755274e+03 
       4.154569143314e-02       5.800997346796e+03 
       4.176142430051e-02       5.772087272214e+03 
       4.198004987645e-02       5.743250339553e+03 
       4.220170168357e-02       5.714253482347e+03 
       4.242652192332e-02       5.685492822203e+03 
       4.265466222754e-02       5.656256433634e+03 
       4.288628449194e-02       5.626947630447e+03 
       4.312156180218e-02       5.597813154333e+03 
       4.336067946497e-02       5.568705771047e+03 
       4.360383615878e-02       5.539480785783e+03 
       4.385124522052e-02       5.510197750883e+03 
       4.410313608808e-02       5.480828666437e+03 
       4.435975592105e-02       5.451522372684e+03 
       4.462137142655e-02       5.421971436063e+03 
       4.488827092121e-02       5.392132804701e+03 
       4.516076666643e-02       5.362400047269e+03 
       4.543919752027e-02       5.332663717310e+03 
       4.572393195796e-02       5.302679003713e+03 
       4.601537152274e-02       5.272627346201e+03 
       4.631395478061e-02       5.242479946227e+03 
       4.662016186792e-02       5.212327917183e+03 
       4.693451973833e-02       5.181779285526e+03 
       4.725760823845e-02       5.150568617235e+03 
       4.759006716930e-02       5.119963764012e+03 
       4.793260452518e-02       5.088817069496e+03 
       4.828600614492e-02       5.057403598981e+03 
       4.865114706475e-02       5.025397235775e+03 
       4.902900493043e-02       4.993429057941e+03 
       4.942067591259e-02       4.961359618918e+03 
       4.982739367910e-02       4.928727795137e+03 
       5.025055211759e-02       4.895382982133e+03 
       5.069173267895e-02       4.861956903509e+03 
       5.115273743923e-02       4.828222475973e+03 
       5.163562926573e-02       4.793553968381e+03 
       5.214278083871e-02       4.758531303976e+03 
       5.267693473961e-02       4.722738598586e+03 
       5.324127738548e-02       4.685853424060e+03 
       5.383953027310e-02       4.648602300818e+03 
       5.447606277852e-02       4.610128898246e+03 
       5.515603156334e-02       4.570158115871e+03 
       5.588555227525e-02       4.529300777237e+03 
       5.667190925559e-02       4.486470818030e+03 
       5.752380746106e-02       4.441830592868e+03 
       5.845166594430e-02       4.394338126063e+03 
       5.946794059141e-02       4.344386743296e+03 
       6.058743937351e-02       4.290246417022e+03 
       6.182754674295e-02       4.231721351670e+03 
       6.320819351446e-02       4.166582111447e+03 
       6.475129000827e-02       4.094070754849e+03 
       6.647921333425e-02       4.011381073699e+03 
       6.841192418790e-02       3.916232591688e+03 
       7.056263881041e-02       3.805984370040e+03 
       7.293295005072e-02       3.678316280474e+03 
       7.550958766922e-02       3.532387918422e+03 
       7.826529561900e-02       3.369929214507e+03 
       8.116429134032e-02       3.195140413888e+03 
       8.416970063627e-02       3.013616780516e+03 
       8.724940127907e-02       2.832785473289e+03 
       9.037859295658e-02       2.659053776630e+03 
       9.353968144815e-02       2.498156350067e+03 
       9.672087747936e-02       2.353987962415e+03 
       9.991457038474e-02       2.229006636507e+03 
       1.031159620835e-01       2.123347206445e+03 
       1.063220720655e-01       2.035781490926e+03 
       1.095310656294e-01       1.964281600673e+03 
       1.127418195905e-01       1.905665307215e+03 
       1.159536485732e-01       1.856438528349e+03 
       1.191661351074e-01       1.812955789408e+03 
       1.223790251171e-01       1.771931048178e+03 
       1.255921639856e-01       1.730411798719e+03 
       1.288054575714e-01       1.686065010914e+03 
       1.320188484846e-01       1.637719420535e+03 
       1.352323016674e-01       1.584964894283e+03 
       1.384457956348e-01       1.528058503826e+03 
       1.416593171555e-01       1.468354951954e+03 
       1.448728580223e-01       1.407204886251e+03 
       1.480864130910e-01       1.346550297192e+03 
       1.512999790887e-01       1.288073985587e+03 
       1.545135538902e-01       1.233210328626e+03 
       1.577271360774e-01       1.183130300219e+03 
       1.609407246709e-01       1.138532482985e+03 
       1.641543189667e-01       1.099759274005e+03 
       1.673679184360e-01       1.066506037475e+03 
       1.705815226636e-01       1.038265469260e+03 
       1.737951313100e-01       1.014416456828e+03 
       1.770087440880e-01       9.936492589782e+02 
       1.802223607476e-01       9.752052076630e+02 
       1.834359810666e-01       9.579243054209e+02 
       1.866496048443e-01       9.410284976083e+02 
       1.898632318976e-01       9.234898087355e+02 
       1.930768620578e-01       9.048855625495e+02 
       1.962904951689e-01       8.848032678178e+02 
       1.995041310858e-01       8.632514572949e+02 
       2.027177696732e-01       8.404930174904e+02 
       2.059314108045e-01       8.169560521847e+02 
       2.091450543613e-01       7.930888145732e+02 
       2.123587002325e-01       7.696360205510e+02 
       2.155723483137e-01       7.469622433329e+02 
       2.187859985067e-01       7.255246842028e+02 
       2.219996507192e-01       7.055564794988e+02 
       2.252133048639e-01       6.873159631155e+02 
       2.284269608589e-01       6.708849333603e+02 
       2.316406186265e-01       6.561679056727e+02 
       2.348542780934e-01       6.430383443970e+02 
       2.380679391905e-01       6.312959848332e+02 
       2.412816018521e-01       6.206643094647e+02 
       2.444952660162e-01       6.108189592042e+02 
       2.477089316238e-01       6.013822148673e+02 
       2.509225986192e-01       5.921322821367e+02 
       2.541362669493e-01       5.827608625650e+02 
       2.573499365640e-01       5.731608995536e+02 
       2.605636074153e-01       5.632525139981e+02 
       2.637772794577e-01       5.529855022560e+02 
       2.669909526481e-01       5.424254645909e+02 
       2.702046269452e-01       5.316480821464e+02 
       2.734183023097e-01       5.208074245077e+02 
       2.766319787043e-01       5.100614058479e+02 
       2.798456560933e-01       4.995251347505e+02 
       2.830593344425e-01       4.894212393823e+02 
       2.862730137196e-01       4.798425778068e+02 
       2.894866938933e-01       4.708267315322e+02 
       2.927003749340e-01       4.624574993967e+02 
       2.959140568133e-01       4.546946535791e+02 
       2.991277395041e-01       4.474921748353e+02 
       3.023414229803e-01       4.407894498906e+02 
       3.055551072170e-01       4.344916472060e+02 
       3.087687921904e-01       4.284759486144e+02 
       3.119824778775e-01       4.227024519666e+02 
       3.151961642564e-01       4.170489253050e+02 
       3.184098513061e-01       4.114417878756e+02 
       3.216235390064e-01       4.058407907858e+02 
       3.248372273378e-01       4.002090272268e+02 
       3.280509162818e-01       3.945026029304e+02 
       3.312646058203e-01       3.887380256036e+02 
       3.344782959362e-01       3.829680689639e+02 
       3.376919866130e-01       3.772237421581e+02 
       3.409056778346e-01       3.715300803213e+02 
       3.441193695858e-01       3.659666437789e+02 
       3.473330618518e-01       3.605438155769e+02 
       3.505467546183e-01       3.553001181027e+02 
       3.537604478717e-01       3.502488940228e+02 
       3.569741415987e-01       3.454344696698e+02 
       3.601878357867e-01       3.408331298759e+02 
       3.634015304233e-01       3.364507904329e+02 
       3.666152254966e-01       3.322708646733e+02 
       3.698289209953e-01       3.282567596703e+02 
       3.730426169084e-01       3.244025778102e+02 
       3.762563132250e-01       3.206490816361e+02 
       3.794700099351e-01       3.169741048714e+02 
       3.826837070285e-01       3.133556355957e+02 
       3.858974044957e-01       3.097686422145e+02 
       3.891111023274e-01       3.062201135794e+02 
       3.923248005145e-01       3.027065548561e+02 
       3.955384990485e-01       2.992072468675e+02 
       3.987521979208e-01       2.957266047399e+02 
       4.019658971233e-01       2.922874005523e+02 
       4.051795966482e-01       2.888965154448e+02 
       4.083932964878e-01       2.855506604138e+02 
       4.116069966346e-01       2.822740632557e+02 
       4.148206970816e-01       2.790733259733e+02 
       4.180343978218e-01       2.759595442095e+02 
       4.212480988484e-01       2.729334185895e+02 
       4.244618001549e-01       2.699965177651e+02 
       4.276755017350e-01       2.671432193691e+02 
       4.308892035825e-01       2.643707292203e+02 
       4.341029056915e-01       2.616746987922e+02 
       4.373166080561e-01       2.590433898310e+02 
       4.405303106709e-01       2.564902462846e+02 
       4.437440135302e-01       2.539887789810e+02 
       4.469577166289e-01       2.515394082808e+02 
       4.501714199618e-01       2.491212427411e+02 
       4.533851235238e-01       2.467545148882e+02 
       4.565988273102e-01       2.444083207006e+02 
       4.598125313161e-01       2.420889863056e+02 
       4.630262355371e-01       2.397966562997e+02 
       4.662399399686e-01       2.375332864491e+02 
       4.694536446064e-01       2.352998121272e+02 
       4.726673494461e-01       2.330912071998e+02 
       4.758810544837e-01       2.309314149933e+02 
       4.790947597152e-01       2.288001973436e+02 
       4.823084651368e-01       2.267033172586e+02 
       4.855221707445e-01       2.246496330388e+02 
       4.887358765348e-01       2.226393095561e+02 
       4.919495825040e-01       2.206742394423e+02 
       4.951632886487e-01       2.187541525423e+02 
       4.983769949654e-01       2.168768726739e+02 
       5.015907014508e-01       2.150388036549e+02 
       5.048044081018e-01       2.132361304494e+02 
       5.080181149151e-01       2.114652633459e+02 
       5.112318218876e-01       2.097260098824e+02 
       5.144455290164e-01       2.080116389667e+02 
       5.176592362986e-01       2.063240982573e+02 
       5.208729437313e-01       2.046607232278e+02 
       5.240866513118e-01       2.030200301073e+02 
       5.273003590372e-01       2.013945800183e+02 
       5.305140669051e-01       1.998002981499e+02 
       5.337277749127e-01       1.982204107187e+02 
       5.369414830576e-01       1.966616907452e+02 
       5.401551913374e-01       1.951255986744e+02 
       5.433688997496e-01       1.936143074886e+02 
       5.465826082918e-01       1.921268106717e+02 
       5.497963169619e-01       1.906621132777e+02 
       5.530100257575e-01       1.892231283761e+02 
       5.562237346765e-01       1.878067550855e+02 
       5.594374437167e-01       1.864127043472e+02 
       5.626511528761e-01       1.850410347572e+02 
       5.658648621527e-01       1.836916480156e+02 
       5.690785715444e-01       1.823643890601e+02 
       5.722922810492e-01       1.810584154596e+02 
       5.755059906654e-01       1.797724158323e+02 
       5.787197003910e-01       1.785065922083e+02 
       5.819334102242e-01       1.772559888603e+02 
       5.851471201632e-01       1.760215694712e+02 
       5.883608302063e-01       1.748025378713e+02 
       5.915745403519e-01       1.736002477920e+02 
       5.947882505981e-01       1.724141793391e+02 
       5.980019609435e-01       1.712439984281e+02 
       6.012156713864e-01       1.700890206809e+02 
       6.044293819252e-01       1.689485590899e+02 
       6.076430925584e-01       1.678227103749e+02 
       6.108568032846e-01       1.667103123989e+02 
       6.140705141023e-01       1.656124669169e+02 
       6.172842250099e-01       1.645296215888e+02 
       6.204979360062e-01       1.634607327056e+02 
       6.237116470898e-01       1.624085594959e+02 
       6.269253582593e-01       1.613709728213e+02 
       6.301390695134e-01       1.603472261670e+02 
       6.333527808508e-01       1.593366155280e+02 
       6.365664922702e-01       1.583388060585e+02 
       6.397802037704e-01       1.573551138051e+02 
       6.429939153502e-01       1.563829273823e+02 
       6.462076270084e-01       1.554234649056e+02 
       6.494213387438e-01       1.544763370904e+02 
       6.526350505553e-01       1.535409096119e+02 
       6.558487624418e-01       1.526164320555e+02 
       6.590624744022e-01       1.517023582098e+02 
       6.622761864353e-01       1.507984596773e+02 
       6.654898985401e-01       1.499050774969e+02 
       6.687036107157e-01       1.490222967590e+02 
       6.719173229609e-01       1.481503162664e+02 
       6.751310352748e-01       1.472890077466e+02 
       6.783447476564e-01       1.464379360052e+02 
       6.815584601048e-01       1.455965631240e+02 
       6.847721726189e-01       1.447645705994e+02 
       6.879858851979e-01       1.439419125540e+02 
       6.911995978409e-01       1.431287176037e+02 
       6.944133105470e-01       1.423251775054e+02 
       6.976270233152e-01       1.415313997772e+02 
       7.008407361448e-01       1.407471236881e+02 
       7.040544490349e-01       1.399719028925e+02 
       7.072681619847e-01       1.392051898125e+02 
       7.104818749934e-01       1.384466404529e+02 
       7.136955880601e-01       1.376961346608e+02 
       7.169093011841e-01       1.369537028654e+02 
       7.201230143646e-01       1.362195223612e+02 
       7.233367276009e-01       1.354936616212e+02 
       7.265504408922e-01       1.347757938711e+02 
       7.297641542378e-01       1.340656143435e+02 
       7.329778676370e-01       1.333626925548e+02 
       7.361915810891e-01       1.326667818250e+02 
       7.394052945933e-01       1.319778612134e+02 
       7.426190081490e-01       1.312960801468e+02 
       7.458327217556e-01       1.306215580653e+02 
       7.490464354124e-01       1.299544094152e+02 
       7.522601491187e-01       1.292944124274e+02 
       7.554738628738e-01       1.286412509569e+02 
       8.258715780685e-01       1.158299900633e+02 
       9.279569565420e-01       1.012106487855e+02 
       1.090478659360e+00       8.415949883991e+01 
       1.346847683298e+00       6.606048720859e+01 
       1.693534483442e+00       5.037965202679e+01 
       2.131999831852e+00       3.774697775495e+01 
       2.684028659604e+00       2.764697999955e+01 
       3.378991885513e+00       1.969946626442e+01 
       4.253898750919e+00       1.361140361948e+01 
       5.355341236731e+00       9.110958292122e+00 
       6.741975171750e+00       5.918232385305e+00 
       8.487643869401e+00       3.744602874297e+00 
