# Matter power spectrum P(k) at redshift z=2
# for k=1.05328e-05 to 7.02536 h/Mpc,
# number of wavenumbers equal to 695
#    1:k (h/Mpc)              2:P (Mpc/h)^3        
       1.053275999661e-05       9.766906174590e+00 
       2.353367978878e-05       1.812744036093e+01 
       3.658113420873e-05       2.780190416385e+01 
       4.971088695145e-05       3.741170318910e+01 
       6.295930386358e-05       4.719186284272e+01 
       7.636368325188e-05       5.686886103782e+01 
       8.996259693745e-05       6.666999231091e+01 
       1.037962466700e-04       7.650328051160e+01 
       1.179068405510e-04       8.643923484428e+01 
       1.323389941499e-04       9.658207229080e+01 
       1.471401609971e-04       1.069325642082e+02 
       1.623610970701e-04       1.175265210866e+02 
       1.780563636773e-04       1.284256691382e+02 
       1.942848727279e-04       1.396691311221e+02 
       2.111104776259e-04       1.512562010845e+02 
       2.286026118135e-04       1.632721163070e+02 
       2.468369751047e-04       1.757485791487e+02 
       2.658962651699e-04       1.887523709753e+02 
       2.858709475261e-04       2.023455910892e+02 
       3.068600518077e-04       2.165684515264e+02 
       3.289719745091e-04       2.315025371728e+02 
       3.523252583612e-04       2.472207641268e+02 
       3.770493056339e-04       2.638039214151e+02 
       4.032849667053e-04       2.813298826191e+02 
       4.311849263080e-04       2.999065763508e+02 
       4.609137886795e-04       3.196174868351e+02 
       4.926477411136e-04       3.405759031445e+02 
       5.265736562465e-04       3.628841587354e+02 
       5.628874817112e-04       3.866527272276e+02 
       6.017917683896e-04       4.119960021306e+02 
       6.434922137203e-04       4.390213408055e+02 
       6.881931529088e-04       4.678343112297e+02 
       7.360920245471e-04       4.985316494590e+02 
       7.873729679868e-04       5.311924717669e+02 
       8.421998673975e-04       5.658823667482e+02 
       9.007093182056e-04       6.026416906364e+02 
       9.630041199809e-04       6.414859256109e+02 
       1.029147955289e-03       6.824019645628e+02 
       1.099161863790e-03       7.253456843229e+02 
       1.173022954524e-03       7.702448707376e+02 
       1.250665538385e-03       8.169975197800e+02 
       1.331984558723e-03       8.654800151009e+02 
       1.416840917448e-03       9.155425572289e+02 
       1.505068096713e-03       9.670299636070e+02 
       1.596479395556e-03       1.019773141447e+03 
       1.690875136461e-03       1.073604765493e+03 
       1.788049319934e-03       1.128350547170e+03 
       1.887795373344e-03       1.183844561663e+03 
       1.989910812467e-03       1.239925926913e+03 
       2.094200780843e-03       1.296445564399e+03 
       2.200480538617e-03       1.353264556358e+03 
       2.308577036999e-03       1.410251217021e+03 
       2.418329743136e-03       1.467292731576e+03 
       2.529590882590e-03       1.524285510181e+03 
       2.642225252598e-03       1.581130544353e+03 
       2.756109736919e-03       1.637752932157e+03 
       2.871132628056e-03       1.694075423041e+03 
       2.987192838671e-03       1.750026667429e+03 
       3.104199062840e-03       1.805560438259e+03 
       3.222068930369e-03       1.860621307834e+03 
       3.340728183486e-03       1.915166726584e+03 
       3.460109894698e-03       1.969158114013e+03 
       3.580153736781e-03       2.022572122987e+03 
       3.700805310288e-03       2.075366712292e+03 
       3.822015530103e-03       2.127526406979e+03 
       3.943740069986e-03       2.179030555710e+03 
       4.065938862426e-03       2.229866557767e+03 
       4.188575650197e-03       2.280010252815e+03 
       4.311617585486e-03       2.329463291754e+03 
       4.435034872377e-03       2.378198561488e+03 
       4.558800448460e-03       2.426226247317e+03 
       4.682889701582e-03       2.473532562262e+03 
       4.807280217985e-03       2.520118264152e+03 
       4.931951558391e-03       2.565973716737e+03 
       5.056885058908e-03       2.611098398454e+03 
       5.182063653938e-03       2.655502470792e+03 
       5.307471718565e-03       2.699177754341e+03 
       5.433094928180e-03       2.742122580766e+03 
       5.558920133350e-03       2.784343957419e+03 
       5.684935248168e-03       2.825846340390e+03 
       5.811129150525e-03       2.866623969853e+03 
       5.937491592941e-03       2.906694235396e+03 
       6.064013122735e-03       2.946039809877e+03 
       6.190685010472e-03       2.984695850931e+03 
       6.317499185762e-03       3.022641835426e+03 
       6.444448179561e-03       3.059889983869e+03 
       6.571525072279e-03       3.096449382106e+03 
       6.698723447031e-03       3.132329998822e+03 
       6.826037347469e-03       3.167520163155e+03 
       6.953461239715e-03       3.202049513586e+03 
       7.080989977936e-03       3.235902575050e+03 
       7.208618773181e-03       3.269084851062e+03 
       7.336343165138e-03       3.301623052074e+03 
       7.464158996502e-03       3.333518715990e+03 
       7.592062389690e-03       3.364779201711e+03 
       7.720049725661e-03       3.395478938809e+03 
       7.848117624623e-03       3.425484529145e+03 
       7.976262928453e-03       3.454833944278e+03 
       8.104482684648e-03       3.483550966870e+03 
       8.232774131655e-03       3.511668615258e+03 
       8.361134685466e-03       3.539177039496e+03 
       8.489561927338e-03       3.566085782079e+03 
       8.618053592532e-03       3.592396418124e+03 
       8.746607559999e-03       3.618130627281e+03 
       8.875221842891e-03       3.643284885301e+03 
       9.003894579849e-03       3.667880389622e+03 
       9.132624026991e-03       3.691896413097e+03 
       9.261408550524e-03       3.715345600363e+03 
       9.390246619949e-03       3.738254698266e+03 
       9.519136801783e-03       3.760617666349e+03 
       9.648077753772e-03       3.782434272259e+03 
       9.777068219540e-03       3.803714020470e+03 
       9.906107023647e-03       3.824461861281e+03 
       1.003519306702e-02       3.844701816353e+03 
       1.016432532270e-02       3.864426336424e+03 
       1.029350283197e-02       3.883635467413e+03 
       1.042272470066e-02       3.902343113764e+03 
       1.055199009581e-02       3.920550615409e+03 
       1.068129824257e-02       3.938255529809e+03 
       1.081064842124e-02       3.955476649583e+03 
       1.094003996464e-02       3.972210133817e+03 
       1.106947225555e-02       3.988470613074e+03 
       1.119894472444e-02       4.004259850659e+03 
       1.132845684726e-02       4.019574584714e+03 
       1.145800814347e-02       4.034432906004e+03 
       1.158759817414e-02       4.048834631911e+03 
       1.171722654026e-02       4.062782389398e+03 
       1.184689288107e-02       4.076291484725e+03 
       1.197659687257e-02       4.089358760058e+03 
       1.210633822617e-02       4.101990961399e+03 
       1.223611668733e-02       4.114189631314e+03 
       1.236593203439e-02       4.125959402469e+03 
       1.249578407744e-02       4.137319854630e+03 
       1.262567265724e-02       4.148259774375e+03 
       1.275559764434e-02       4.158791865732e+03 
       1.288555893810e-02       4.168918822344e+03 
       1.301555646588e-02       4.178648021691e+03 
       1.314559018230e-02       4.187981014629e+03 
       1.327566006849e-02       4.196933149851e+03 
       1.340576613147e-02       4.205508557431e+03 
       1.353590840350e-02       4.213707915822e+03 
       1.366608694156e-02       4.221308005007e+03 
       1.379630182682e-02       4.228717844982e+03 
       1.392655316417e-02       4.235718225528e+03 
       1.405684108181e-02       4.242413415468e+03 
       1.418716573084e-02       4.248750441655e+03 
       1.431752728491e-02       4.254729012062e+03 
       1.444792593994e-02       4.260361979188e+03 
       1.457836191377e-02       4.265735651427e+03 
       1.470883544596e-02       4.270756064623e+03 
       1.483934679756e-02       4.275424061934e+03 
       1.496989625089e-02       4.279695297777e+03 
       1.510048410943e-02       4.283689919961e+03 
       1.523111069760e-02       4.287335096189e+03 
       1.536177636073e-02       4.290645965983e+03 
       1.549248146492e-02       4.293590355221e+03 
       1.562322639700e-02       4.296186617363e+03 
       1.575401156446e-02       4.298498844312e+03 
       1.588483739548e-02       4.300808602049e+03 
       1.601570433888e-02       4.302638775191e+03 
       1.614661286417e-02       4.303783239144e+03 
       1.627756346158e-02       4.304982344645e+03 
       1.640855664215e-02       4.305872363578e+03 
       1.653959293777e-02       4.306463434832e+03 
       1.667067290132e-02       4.306791697002e+03 
       1.680179710676e-02       4.306830934734e+03 
       1.693296614928e-02       4.306649450778e+03 
       1.706418064547e-02       4.306172380530e+03 
       1.719544123346e-02       4.305808309756e+03 
       1.732674857314e-02       4.304787437971e+03 
       1.745810334634e-02       4.303515708449e+03 
       1.758950625708e-02       4.301990406623e+03 
       1.772095803180e-02       4.300236085592e+03 
       1.785245941962e-02       4.298239541680e+03 
       1.798401119259e-02       4.295957425431e+03 
       1.811561414603e-02       4.293468611781e+03 
       1.824726909880e-02       4.290749634961e+03 
       1.837897689364e-02       4.287788797151e+03 
       1.851073839749e-02       4.284606729976e+03 
       1.864255450190e-02       4.281186449597e+03 
       1.877442612334e-02       4.277553199220e+03 
       1.890635420362e-02       4.273691334568e+03 
       1.903833971033e-02       4.269630066050e+03 
       1.917038363720e-02       4.265346091817e+03 
       1.930248700461e-02       4.260860357216e+03 
       1.943465086000e-02       4.256134556022e+03 
       1.956687627840e-02       4.251233598039e+03 
       1.969916436288e-02       4.246129107690e+03 
       1.983151624508e-02       4.240823800258e+03 
       1.996393308578e-02       4.235325149084e+03 
       2.009641607539e-02       4.229604997149e+03 
       2.022896643458e-02       4.223838818253e+03 
       2.036158541486e-02       4.217795478310e+03 
       2.049427429917e-02       4.211573569977e+03 
       2.062703440254e-02       4.205184326134e+03 
       2.075986707274e-02       4.198595593406e+03 
       2.089277369095e-02       4.191860508183e+03 
       2.102575567248e-02       4.184954384247e+03 
       2.115881446746e-02       4.177924007935e+03 
       2.129195156161e-02       4.170717558567e+03 
       2.142516847700e-02       4.163215545597e+03 
       2.155846677287e-02       4.155716003080e+03 
       2.169184804640e-02       4.148011560118e+03 
       2.182531393361e-02       4.140154312203e+03 
       2.195886611017e-02       4.132150251004e+03 
       2.209250629238e-02       4.123995236522e+03 
       2.222623623801e-02       4.115688752730e+03 
       2.236005774734e-02       4.107270834634e+03 
       2.249397266407e-02       4.098708140427e+03 
       2.262798287641e-02       4.090023689617e+03 
       2.276209031806e-02       4.081188546102e+03 
       2.289629696935e-02       4.072202442069e+03 
       2.303060485832e-02       4.063128054714e+03 
       2.316501606188e-02       4.053934213648e+03 
       2.329953270701e-02       4.044604609614e+03 
       2.343415697196e-02       4.035123118474e+03 
       2.356889108753e-02       4.025477878381e+03 
       2.370373733838e-02       4.015878229053e+03 
       2.383869806434e-02       4.006143888176e+03 
       2.397377566184e-02       3.996248123636e+03 
       2.410897258529e-02       3.986245710486e+03 
       2.424429134860e-02       3.976135128349e+03 
       2.437973452668e-02       3.965982898814e+03 
       2.451530475702e-02       3.955661968256e+03 
       2.465100474131e-02       3.945240438654e+03 
       2.478683724711e-02       3.934725032130e+03 
       2.492280510957e-02       3.924119204020e+03 
       2.505891123325e-02       3.913423087043e+03 
       2.519515859393e-02       3.902642208605e+03 
       2.533155024052e-02       3.891780919124e+03 
       2.546808929706e-02       3.880839258537e+03 
       2.560477896470e-02       3.869815064793e+03 
       2.574162252384e-02       3.858719246954e+03 
       2.587862333629e-02       3.847545796022e+03 
       2.601578484754e-02       3.836310338986e+03 
       2.615311058903e-02       3.825003501138e+03 
       2.629060418060e-02       3.813593963055e+03 
       2.642826933295e-02       3.802134823749e+03 
       2.656610985021e-02       3.790606629394e+03 
       2.670412963263e-02       3.779012645133e+03 
       2.684233267928e-02       3.767352054052e+03 
       2.698072309097e-02       3.755631797640e+03 
       2.711930507311e-02       3.743847868596e+03 
       2.725808293888e-02       3.732003240045e+03 
       2.739706111230e-02       3.720110225043e+03 
       2.753624413156e-02       3.708130572086e+03 
       2.767563665241e-02       3.696127299047e+03 
       2.781524345170e-02       3.684067587309e+03 
       2.795506943103e-02       3.671955418452e+03 
       2.809511962051e-02       3.659786474395e+03 
       2.823539918278e-02       3.647553909794e+03 
       2.837591341701e-02       3.635384321687e+03 
       2.851666776318e-02       3.623106804082e+03 
       2.865766780648e-02       3.610787740230e+03 
       2.879891928189e-02       3.598427362708e+03 
       2.894042807892e-02       3.586027434139e+03 
       2.908220024656e-02       3.573598557211e+03 
       2.922424199841e-02       3.561127981482e+03 
       2.936655971802e-02       3.548639345641e+03 
       2.950915996444e-02       3.536160360050e+03 
       2.965204947799e-02       3.523611409314e+03 
       2.979523518632e-02       3.510877514997e+03 
       2.993872421061e-02       3.498346131318e+03 
       3.008252387214e-02       3.485703149008e+03 
       3.022664169908e-02       3.473028346561e+03 
       3.037108543353e-02       3.460342252834e+03 
       3.051586303898e-02       3.447621071806e+03 
       3.066098270796e-02       3.434873223686e+03 
       3.080645287006e-02       3.422118867981e+03 
       3.095228220038e-02       3.409369432235e+03 
       3.109847962825e-02       3.396528601340e+03 
       3.124505434637e-02       3.383748486858e+03 
       3.139201582036e-02       3.370932735636e+03 
       3.153937379881e-02       3.358105585506e+03 
       3.168713832364e-02       3.345148534531e+03 
       3.183531974110e-02       3.332292630492e+03 
       3.198392871318e-02       3.319424183729e+03 
       3.213297622956e-02       3.306654954547e+03 
       3.228247362020e-02       3.293765657186e+03 
       3.243243256847e-02       3.280863630472e+03 
       3.258286512488e-02       3.267952291531e+03 
       3.273378372160e-02       3.255082895983e+03 
       3.288520118759e-02       3.242149688931e+03 
       3.303713076453e-02       3.229208700674e+03 
       3.318958612351e-02       3.216263280174e+03 
       3.334258138264e-02       3.203314828213e+03 
       3.349613112548e-02       3.190365381299e+03 
       3.365025042050e-02       3.177418106412e+03 
       3.380495484151e-02       3.164474155730e+03 
       3.396026048917e-02       3.151529936497e+03 
       3.411618401370e-02       3.138580981113e+03 
       3.427274263874e-02       3.125653611715e+03 
       3.442995418661e-02       3.112726460513e+03 
       3.458783710485e-02       3.099775258579e+03 
       3.474641049435e-02       3.086840871154e+03 
       3.490569413901e-02       3.073906166157e+03 
       3.506570853706e-02       3.060973748185e+03 
       3.522647493432e-02       3.048044913055e+03 
       3.538801535923e-02       3.035117057310e+03 
       3.555035266007e-02       3.022193101504e+03 
       3.571351054434e-02       3.009268248222e+03 
       3.587751362059e-02       2.996332032305e+03 
       3.604238744273e-02       2.983424170411e+03 
       3.620815855712e-02       2.970511112935e+03 
       3.637485455260e-02       2.957598567497e+03 
       3.654250411376e-02       2.944679971722e+03 
       3.671113707748e-02       2.931810201027e+03 
       3.688078449332e-02       2.918939636767e+03 
       3.705147868778e-02       2.906065316769e+03 
       3.722325333288e-02       2.893193306270e+03 
       3.739614351934e-02       2.880325843689e+03 
       3.757018583486e-02       2.867438062582e+03 
       3.774541844773e-02       2.854623076367e+03 
       3.792188119641e-02       2.841843272782e+03 
       3.809961568538e-02       2.828969776585e+03 
       3.827866538809e-02       2.816142993574e+03 
       3.845907575729e-02       2.803260464939e+03 
       3.864089434365e-02       2.790429987862e+03 
       3.882417092334e-02       2.777605792221e+03 
       3.900895763531e-02       2.764696237800e+03 
       3.919530912929e-02       2.751882455205e+03 
       3.938328272545e-02       2.739072712552e+03 
       3.957293858679e-02       2.726322502029e+03 
       3.976433990559e-02       2.713504669392e+03 
       3.995755310528e-02       2.700711750709e+03 
       4.015264805913e-02       2.687891624828e+03 
       4.034969832769e-02       2.675096248023e+03 
       4.054878141673e-02       2.662287832711e+03 
       4.074997905792e-02       2.649473380598e+03 
       4.095337751463e-02       2.636667279201e+03 
       4.115906791557e-02       2.623851100977e+03 
       4.136714661937e-02       2.611027110973e+03 
       4.157771561349e-02       2.598191682882e+03 
       4.179088295151e-02       2.585348659301e+03 
       4.200676323303e-02       2.572494554121e+03 
       4.222547813147e-02       2.559664451124e+03 
       4.244715697534e-02       2.546777107889e+03 
       4.267193738957e-02       2.533881437701e+03 
       4.289996600453e-02       2.520966814163e+03 
       4.313139924117e-02       2.508038195342e+03 
       4.336640418228e-02       2.495088401074e+03 
       4.360515954124e-02       2.482118116123e+03 
       4.384785674153e-02       2.469128888936e+03 
       4.409470112202e-02       2.456105608577e+03 
       4.434591328616e-02       2.443074065538e+03 
       4.460173061539e-02       2.429978188140e+03 
       4.486240897121e-02       2.416867494946e+03 
       4.512822461406e-02       2.403713030271e+03 
       4.539947637255e-02       2.390511348072e+03 
       4.567648810224e-02       2.377264692385e+03 
       4.595961148068e-02       2.363960352180e+03 
       4.624922919410e-02       2.350580459612e+03 
       4.654575858185e-02       2.337158542668e+03 
       4.684965581777e-02       2.323672416857e+03 
       4.716142072357e-02       2.310109828484e+03 
       4.748160232919e-02       2.296473043904e+03 
       4.781080531924e-02       2.282722237554e+03 
       4.814969753489e-02       2.268937308457e+03 
       4.849901873832e-02       2.255023162333e+03 
       4.885959089369e-02       2.240990540122e+03 
       4.923233027815e-02       2.226838245917e+03 
       4.961826181052e-02       2.212525334609e+03 
       5.001853608022e-02       2.198124573591e+03 
       5.043444967863e-02       2.183552270715e+03 
       5.086746958785e-02       2.168755202532e+03 
       5.131926257632e-02       2.153784836113e+03 
       5.179173079874e-02       2.138587164806e+03 
       5.228705511317e-02       2.123144490363e+03 
       5.280774802693e-02       2.107397122948e+03 
       5.335671868246e-02       2.091392057921e+03 
       5.393735290689e-02       2.074979848919e+03 
       5.455361207690e-02       2.058162431070e+03 
       5.521015536010e-02       2.040904743643e+03 
       5.591249068109e-02       2.023086493899e+03 
       5.666716026289e-02       2.004609967730e+03 
       5.748196624054e-02       1.985285786928e+03 
       5.836623945688e-02       1.965172061386e+03 
       5.933114784223e-02       1.943827170906e+03 
       6.039002553488e-02       1.921050147858e+03 
       6.155867295877e-02       1.896492527752e+03 
       6.285552088949e-02       1.869591760011e+03 
       6.430145718731e-02       1.839758028957e+03 
       6.591898592671e-02       1.806151843874e+03 
       6.773027829348e-02       1.767677777690e+03 
       6.975374797820e-02       1.723092496647e+03 
       7.199932954882e-02       1.671235539264e+03 
       7.446380840225e-02       1.611244719415e+03 
       7.712871328240e-02       1.543000780677e+03 
       7.996286019099e-02       1.467553057104e+03 
       8.292894173097e-02       1.386962615436e+03 
       8.599084292666e-02       1.304207948700e+03 
       8.911848834248e-02       1.222527027996e+03 
       9.228938706962e-02       1.144888678705e+03 
       9.548792702433e-02       1.073674676686e+03 
       9.870379608224e-02       1.010612481505e+03 
       1.019303980288e-01       9.563406089107e+02 
       1.051635982276e-01       9.108886048652e+02 
       1.084008374207e-01       8.735259262021e+02 
       1.116405436302e-01       8.431469171019e+02 
       1.148817557572e-01       8.182722459717e+02 
       1.181238877706e-01       7.972316864181e+02 
       1.213665828508e-01       7.783510444581e+02 
       1.246096238647e-01       7.601257584466e+02 
       1.278528786684e-01       7.412136504394e+02 
       1.310962667823e-01       7.206922333806e+02 
       1.343397391213e-01       6.980728251421e+02 
       1.375832656769e-01       6.732308423636e+02 
       1.408268280362e-01       6.465916752038e+02 
       1.440704148395e-01       6.186837881462e+02 
       1.473140190218e-01       5.903260757612e+02 
       1.505576361378e-01       5.623467208224e+02 
       1.538012633445e-01       5.355804292396e+02 
       1.570448987824e-01       5.107027220866e+02 
       1.602885411990e-01       4.881958909233e+02 
       1.635321897199e-01       4.683530134544e+02 
       1.667758437084e-01       4.512470164221e+02 
       1.700195026799e-01       4.367269209208e+02 
       1.732631662495e-01       4.245138850594e+02 
       1.765068340989e-01       4.142045947919e+02 
       1.797505059563e-01       4.052867243692e+02 
       1.829941815837e-01       3.972590044946e+02 
       1.862378607683e-01       3.896779437703e+02 
       1.894815433174e-01       3.821018200760e+02 
       1.927252290544e-01       3.741065372314e+02 
       1.959689178166e-01       3.654677415688e+02 
       1.992126094531e-01       3.560663300594e+02 
       2.024563038236e-01       3.459421547106e+02 
       2.057000007968e-01       3.352396711167e+02 
       2.089437002503e-01       3.241914453329e+02 
       2.121874020692e-01       3.130769627509e+02 
       2.154311061457e-01       3.021631159539e+02 
       2.186748123785e-01       2.916955015572e+02 
       2.219185206723e-01       2.818728629967e+02 
       2.251622309373e-01       2.727906288976e+02 
       2.284059430889e-01       2.645635422311e+02 
       2.316496570474e-01       2.572110382594e+02 
       2.348933727374e-01       2.506821382795e+02 
       2.381370900875e-01       2.449261844226e+02 
       2.413808090305e-01       2.398124855039e+02 
       2.446245295026e-01       2.351764313075e+02 
       2.478682514433e-01       2.308612146425e+02 
       2.511119747954e-01       2.267117901567e+02 
       2.543556995045e-01       2.225891766937e+02 
       2.575994255190e-01       2.183637714532e+02 
       2.608431527900e-01       2.140042342309e+02 
       2.640868812708e-01       2.094456630780e+02 
       2.673306109172e-01       2.047034111606e+02 
       2.705743416870e-01       1.998082925332e+02 
       2.738180735399e-01       1.948135445085e+02 
       2.770618064379e-01       1.897806589295e+02 
       2.803055403443e-01       1.848082996999e+02 
       2.835492752244e-01       1.799703723855e+02 
       2.867930110449e-01       1.753440446902e+02 
       2.900367477741e-01       1.709831275046e+02 
       2.932804853818e-01       1.669289120994e+02 
       2.965242238388e-01       1.631851020982e+02 
       2.997679631175e-01       1.597423487996e+02 
       3.030117031914e-01       1.565662135288e+02 
       3.062554440351e-01       1.536166940214e+02 
       3.094991856242e-01       1.508606126336e+02 
       3.127429279354e-01       1.482374548906e+02 
       3.159866709464e-01       1.457022166301e+02 
       3.192304146357e-01       1.432207069995e+02 
       3.224741589828e-01       1.407468894805e+02 
       3.257179039678e-01       1.382529661846e+02 
       3.289616495719e-01       1.357224140424e+02 
       3.322053957769e-01       1.331512983215e+02 
       3.354491425651e-01       1.305496837211e+02 
       3.386928899198e-01       1.279410567362e+02 
       3.419366378248e-01       1.253328523706e+02 
       3.451803862645e-01       1.227626386478e+02 
       3.484241352238e-01       1.202482441844e+02 
       3.516678846884e-01       1.178109144060e+02 
       3.549116346443e-01       1.154636670132e+02 
       3.581553850781e-01       1.132214949432e+02 
       3.613991359769e-01       1.110871751908e+02 
       3.646428873282e-01       1.090661851354e+02 
       3.678866391201e-01       1.071533079331e+02 
       3.711303913408e-01       1.053392858402e+02 
       3.743741439792e-01       1.036056537552e+02 
       3.776178970245e-01       1.019384975738e+02 
       3.808616504663e-01       1.003180283861e+02 
       3.841054042944e-01       9.873036643434e+01 
       3.873491584991e-01       9.716267086143e+01 
       3.905929130711e-01       9.561060323273e+01 
       3.938366680011e-01       9.406732906740e+01 
       3.970804232804e-01       9.253157824276e+01 
       4.003241789004e-01       9.100267610162e+01 
       4.035679348530e-01       8.948345430086e+01 
       4.068116911301e-01       8.797716070499e+01 
       4.100554477239e-01       8.648874059062e+01 
       4.132992046270e-01       8.502734301407e+01 
       4.165429618322e-01       8.359958753379e+01 
       4.197867193324e-01       8.221045458771e+01 
       4.230304771208e-01       8.086354891264e+01 
       4.262742351908e-01       7.956046346252e+01 
       4.295179935360e-01       7.830043002867e+01 
       4.327617521502e-01       7.708172228160e+01 
       4.360055110273e-01       7.590227656906e+01 
       4.392492701615e-01       7.475961050685e+01 
       4.424930295472e-01       7.365130626477e+01 
       4.457367891788e-01       7.257404270568e+01 
       4.489805490510e-01       7.152335533110e+01 
       4.522243091585e-01       7.049485693600e+01 
       4.554680694964e-01       6.948356681449e+01 
       4.587118300597e-01       6.848629224439e+01 
       4.619555908437e-01       6.750124186697e+01 
       4.651993518437e-01       6.652540391962e+01 
       4.684431130552e-01       6.556265763320e+01 
       4.716868744739e-01       6.461088875238e+01 
       4.749306360955e-01       6.367311787340e+01 
       4.781743979158e-01       6.274949284534e+01 
       4.814181599309e-01       6.183986909024e+01 
       4.846619221367e-01       6.094960899215e+01 
       4.879056845295e-01       6.007597638878e+01 
       4.911494471056e-01       5.922237856142e+01 
       4.943932098613e-01       5.839032849427e+01 
       4.976369727932e-01       5.758059078809e+01 
       5.008807358977e-01       5.679274775956e+01 
       5.041244991715e-01       5.602536356893e+01 
       5.073682626115e-01       5.527644524897e+01 
       5.106120262143e-01       5.454379923005e+01 
       5.138557899770e-01       5.382573933514e+01 
       5.170995538964e-01       5.312098659698e+01 
       5.203433179697e-01       5.242784621532e+01 
       5.235870821940e-01       5.174874302818e+01 
       5.268308465665e-01       5.107884226840e+01 
       5.300746110844e-01       5.041829611999e+01 
       5.333183757452e-01       4.976660944939e+01 
       5.365621405461e-01       4.912344720129e+01 
       5.398059054847e-01       4.848909856043e+01 
       5.430496705585e-01       4.786400334729e+01 
       5.462934357650e-01       4.724861501901e+01 
       5.495372011020e-01       4.664645060228e+01 
       5.527809665671e-01       4.605547134949e+01 
       5.560247321580e-01       4.547545105623e+01 
       5.592684978727e-01       4.490640351355e+01 
       5.625122637088e-01       4.434792028090e+01 
       5.657560296644e-01       4.379995692927e+01 
       5.689997957373e-01       4.326252939223e+01 
       5.722435619257e-01       4.273572095530e+01 
       5.754873282274e-01       4.221932827711e+01 
       5.787310946407e-01       4.171281480816e+01 
       5.819748611635e-01       4.121526279661e+01 
       5.852186277943e-01       4.072563734596e+01 
       5.884623945310e-01       4.024337296775e+01 
       5.917061613720e-01       3.976808581700e+01 
       5.949499283155e-01       3.930040148631e+01 
       5.981936953600e-01       3.884006254439e+01 
       6.014374625037e-01       3.838696795407e+01 
       6.046812297451e-01       3.794099123357e+01 
       6.079249970825e-01       3.750157039440e+01 
       6.111687645145e-01       3.706851791229e+01 
       6.144125320395e-01       3.664227072300e+01 
       6.176562996562e-01       3.622235353197e+01 
       6.209000673629e-01       3.580798836820e+01 
       6.241438351584e-01       3.540115030264e+01 
       6.273876030413e-01       3.500134325870e+01 
       6.306313710101e-01       3.460859580897e+01 
       6.338751390636e-01       3.422248008122e+01 
       6.371189072006e-01       3.384253488786e+01 
       6.403626754196e-01       3.346843830574e+01 
       6.436064437194e-01       3.310014387065e+01 
       6.468502120990e-01       3.273769678281e+01 
       6.500939805569e-01       3.238106554842e+01 
       6.533377490922e-01       3.203012998524e+01 
       6.565815177036e-01       3.168528335958e+01 
       6.598252863900e-01       3.134488208641e+01 
       6.630690551503e-01       3.100915799552e+01 
       6.663128239834e-01       3.067796499336e+01 
       6.695565928882e-01       3.035132185540e+01 
       6.728003618638e-01       3.002937573684e+01 
       6.760441309091e-01       2.971236423989e+01 
       6.792879000231e-01       2.940020402854e+01 
       6.825316692048e-01       2.909275090086e+01 
       6.857754384533e-01       2.878922180149e+01 
       6.890192077675e-01       2.849036579147e+01 
       6.922629771467e-01       2.819555707499e+01 
       6.955067465898e-01       2.790486225214e+01 
       6.987505160960e-01       2.761844531000e+01 
       7.019942856643e-01       2.733639656667e+01 
       7.052380552941e-01       2.705876332997e+01 
       7.084818249843e-01       2.678534051942e+01 
       7.117255947342e-01       2.651583830310e+01 
       7.149693645429e-01       2.624996992675e+01 
       7.182131344097e-01       2.598760009657e+01 
       7.214569043338e-01       2.572872803438e+01 
       7.247006743144e-01       2.547342125473e+01 
       7.279444443507e-01       2.522226768537e+01 
       7.311882144420e-01       2.497429715111e+01 
       7.344319845875e-01       2.472985090204e+01 
       7.376757547867e-01       2.448864764066e+01 
       7.409195250386e-01       2.425050499784e+01 
       7.441632953428e-01       2.401533213132e+01 
       7.474070656984e-01       2.378273064143e+01 
       7.506508361047e-01       2.355367756867e+01 
       7.538946065613e-01       2.332788664074e+01 
       7.571383770673e-01       2.310532848130e+01 
       7.603821476222e-01       2.288586990895e+01 
       7.796595745671e-01       2.163847321958e+01 
       7.992250723754e-01       2.046829009442e+01 
       8.190928089834e-01       1.936828908035e+01 
       8.392784049912e-01       1.833295266018e+01 
       8.597987122046e-01       1.735804464742e+01 
       8.806715891991e-01       1.643896413951e+01 
       9.019156814411e-01       1.557189177127e+01 
       9.235502123440e-01       1.475328063543e+01 
       9.455947904359e-01       1.397954606806e+01 
       9.680692366406e-01       1.324766432307e+01 
       9.909934345397e-01       1.255500947262e+01 
       1.014387205429e+00       1.189921492886e+01 
       1.038270208999e+00       1.127785529778e+01 
       1.062661869566e+00       1.068912097782e+01 
       1.087581327000e+00       1.013079621775e+01 
       1.113047410749e+00       9.601009132784e+00 
       1.139078634841e+00       9.098754023489e+00 
       1.165693211215e+00       8.622313943589e+00 
       1.192909078498e+00       8.170327127406e+00 
       1.220743943109e+00       7.741418656794e+00 
       1.249215329605e+00       7.334493907631e+00 
       1.278340637265e+00       6.948395826450e+00 
       1.308137200168e+00       6.581926463761e+00 
       1.338622348320e+00       6.234142412431e+00 
       1.369813467828e+00       5.904199730587e+00 
       1.401728058491e+00       5.591181119858e+00 
       1.434383787668e+00       5.294389302104e+00 
       1.467798539664e+00       5.012754416676e+00 
       1.501990460250e+00       4.745690583211e+00 
       1.536977996280e+00       4.492481965426e+00 
       1.572779930569e+00       4.252263849222e+00 
       1.609415412407e+00       4.024596320481e+00 
       1.646903984216e+00       3.808744700620e+00 
       1.685265604870e+00       3.604149770677e+00 
       1.724520670264e+00       3.410244331193e+00 
       1.764690031659e+00       3.226474640155e+00 
       1.805795012319e+00       3.052311105166e+00 
       1.847857422853e+00       2.887330730307e+00 
       1.890899575652e+00       2.731005798071e+00 
       1.934944298722e+00       2.582898945699e+00 
       1.980014949151e+00       2.442692973686e+00 
       2.026135426408e+00       2.309866527635e+00 
       2.073330185611e+00       2.184059239363e+00 
       2.121624250877e+00       2.064918993486e+00 
       2.171043228834e+00       1.952110990782e+00 
       2.221613322342e+00       1.845342906777e+00 
       2.273361344480e+00       1.744274356323e+00 
       2.326314732812e+00       1.648608605353e+00 
       2.380501563967e+00       1.558067163321e+00 
       2.435950568540e+00       1.472386998922e+00 
       2.492691146338e+00       1.391340226522e+00 
       2.550753381972e+00       1.314587650003e+00 
       2.610168060810e+00       1.242011768595e+00 
       2.670966685303e+00       1.173348283953e+00 
       2.733181491686e+00       1.108391131368e+00 
       2.796845467074e+00       1.046985627324e+00 
       2.861992366949e+00       9.888820010897e-01 
       2.928656733060e+00       9.339463079455e-01 
       2.996873911736e+00       8.819905244079e-01 
       3.066680072628e+00       8.328673246062e-01 
       3.138112227888e+00       7.864293344808e-01 
       3.211208251788e+00       7.425134366873e-01 
       3.286006900809e+00       7.010160965317e-01 
       3.362547834184e+00       6.617925164347e-01 
       3.440871634929e+00       6.247170300504e-01 
       3.521019831361e+00       5.896826213003e-01 
       3.603034919113e+00       5.565726166415e-01 
       3.686960383671e+00       5.252801816877e-01 
       3.772840723427e+00       4.957306114138e-01 
       3.860721473275e+00       4.678034751233e-01 
       3.950649228750e+00       4.414231386862e-01 
       4.042671670739e+00       4.165036640168e-01 
       4.136837590759e+00       3.929689355865e-01 
       4.233196916827e+00       3.707386817278e-01 
       4.331800739934e+00       3.497454916627e-01 
       4.432701341131e+00       3.299208414745e-01 
       4.535952219253e+00       3.112016829584e-01 
       4.641608119282e+00       2.935211418852e-01 
       4.749725061374e+00       2.768341066234e-01 
       4.860360370565e+00       2.610799605312e-01 
       4.973572707158e+00       2.462069907045e-01 
       5.089422097834e+00       2.321719085501e-01 
       5.207969967472e+00       2.189209463797e-01 
       5.329279171723e+00       2.064131757672e-01 
       5.453414030332e+00       1.946152239732e-01 
       5.580440361244e+00       1.834693276333e-01 
       5.710425515502e+00       1.729626792352e-01 
       5.843438412954e+00       1.630448991364e-01 
       5.979549578800e+00       1.536869876062e-01 
       6.118831180981e+00       1.448635016707e-01 
       6.261357068447e+00       1.365359124076e-01 
       6.407202810309e+00       1.286812407759e-01 
       6.556445735911e+00       1.212702955560e-01 
       6.709164975827e+00       1.142805380020e-01 
       6.865441503819e+00       1.076890644537e-01 
       7.025358179772e+00       1.014706432787e-01 
