# Matter power spectrum P(k) at redshift z=1
# for k=1.045e-05 to 8.48764 h/Mpc,
# number of wavenumbers equal to 612
#    1:k (h/Mpc)              2:P (Mpc/h)^3        
       1.045004358465e-05       1.935677049560e+01 
       2.333031646003e-05       4.191232582009e+01 
       3.625588232309e-05       6.404681838335e+01 
       4.926151484748e-05       8.600897841380e+01 
       6.238256282054e-05       1.079388078854e+02 
       7.565526530539e-05       1.299403031293e+02 
       8.911707687974e-05       1.521017979308e+02 
       1.028070072767e-04       1.745042713466e+02 
       1.167659797859e-04       1.972255847000e+02 
       1.310372128073e-04       2.203430330452e+02 
       1.456666289547e-04       2.439351020824e+02 
       1.607032960497e-04       2.680704453425e+02 
       1.761999041630e-04       2.928561088159e+02 
       1.922132824965e-04       3.183713182075e+02 
       2.088049592348e-04       3.447112432792e+02 
       2.260417664219e-04       3.719777609193e+02 
       2.439964902501e-04       4.002804316549e+02 
       2.627485646742e-04       4.297374851428e+02 
       2.823848027128e-04       4.604768006969e+02 
       3.030001548299e-04       4.926368745000e+02 
       3.246984770434e-04       5.263677364744e+02 
       3.475932824573e-04       5.618317745209e+02 
       3.718084384017e-04       5.992044022081e+02 
       3.974787570252e-04       6.386744817121e+02 
       4.247504100439e-04       6.804443926409e+02 
       4.537810789379e-04       7.247296053970e+02 
       4.847397315668e-04       7.717575976783e+02 
       5.178058974855e-04       8.217659221548e+02 
       5.531683013105e-04       8.749992450809e+02 
       5.910227121702e-04       9.317051533856e+02 
       6.315688849627e-04       9.921286245591e+02 
       6.750065137884e-04       1.056505085271e+03 
       7.215301959429e-04       1.125052168757e+03 
       7.713235180257e-04       1.197960443311e+03 
       8.245525173319e-04       1.275383615719e+03 
       8.813589235833e-04       1.357428888098e+03 
       9.418537183337e-04       1.444148365053e+03 
       1.006111625261e-03       1.535532412060e+03 
       1.074167130425e-03       1.631505791102e+03 
       1.146012510269e-03       1.731927146470e+03 
       1.221598126720e-03       1.836592029968e+03 
       1.300834972303e-03       1.945239300495e+03 
       1.383599172303e-03       2.057554464553e+03 
       1.469737934874e-03       2.173187334001e+03 
       1.559076324033e-03       2.291776675264e+03 
       1.651424225675e-03       2.412938818116e+03 
       1.746582964833e-03       2.536287688409e+03 
       1.844351177716e-03       2.661444055553e+03 
       1.944529704896e-03       2.788042902823e+03 
       2.046925420592e-03       2.915738737772e+03 
       2.151354028418e-03       3.044209220073e+03 
       2.257641930146e-03       3.173157076559e+03 
       2.365627314046e-03       3.302311304310e+03 
       2.475160621195e-03       3.431425915405e+03 
       2.586104540896e-03       3.560280628469e+03 
       2.698333668320e-03       3.688678459276e+03 
       2.811733934794e-03       3.816444655844e+03 
       2.926201898116e-03       3.943426601531e+03 
       3.041643959153e-03       4.069487967427e+03 
       3.157975553037e-03       4.194510657731e+03 
       3.275120348689e-03       4.318392765720e+03 
       3.393009479076e-03       4.441044369570e+03 
       3.511580816066e-03       4.562389172439e+03 
       3.630778297517e-03       4.682360567279e+03 
       3.750551309848e-03       4.800902224994e+03 
       3.870854126296e-03       4.917965922063e+03 
       3.991645399134e-03       5.033510974252e+03 
       4.112887702883e-03       5.147504299104e+03 
       4.234547124897e-03       5.259916427782e+03 
       4.356592899374e-03       5.370725287209e+03 
       4.478997080815e-03       5.479912416537e+03 
       4.601734253050e-03       5.587463934916e+03 
       4.724781270161e-03       5.693368937813e+03 
       4.848117025885e-03       5.797619951956e+03 
       4.971722248393e-03       5.900213607793e+03 
       5.095579317586e-03       6.001146755952e+03 
       5.219672102396e-03       6.100422033255e+03 
       5.343985815788e-03       6.198039077013e+03 
       5.468506885453e-03       6.294003551106e+03 
       5.593222838389e-03       6.388323244593e+03 
       5.718122197776e-03       6.481002087881e+03 
       5.843194390744e-03       6.572050920885e+03 
       5.968429665788e-03       6.661479080603e+03 
       6.093819018741e-03       6.749288173393e+03 
       6.219354126332e-03       6.835559108608e+03 
       6.345027286494e-03       6.920285877068e+03 
       6.470831364649e-03       7.003312173842e+03 
       6.596759745336e-03       7.084738620111e+03 
       6.722806288582e-03       7.164610664349e+03 
       6.848965290503e-03       7.242916973593e+03 
       6.975231447686e-03       7.319744108859e+03 
       7.101599824952e-03       7.395069781489e+03 
       7.228065826131e-03       7.468963186195e+03 
       7.354625167555e-03       7.541427577476e+03 
       7.481273853967e-03       7.612244552271e+03 
       7.608008156622e-03       7.681658391510e+03 
       7.734824593334e-03       7.749947781150e+03 
       7.861719910302e-03       7.816539165143e+03 
       7.988691065514e-03       7.881723132485e+03 
       8.115735213591e-03       7.945509328813e+03 
       8.242849691924e-03       8.007911466802e+03 
       8.370032007988e-03       8.068948974345e+03 
       8.497279827711e-03       8.128675866573e+03 
       8.624590964808e-03       8.187032812721e+03 
       8.751963370988e-03       8.244070474949e+03 
       8.879395126956e-03       8.299798497687e+03 
       9.006884434132e-03       8.354240244023e+03 
       9.134429607028e-03       8.407377566524e+03 
       9.262029066230e-03       8.459278265257e+03 
       9.389681331919e-03       8.509918047936e+03 
       9.517385017893e-03       8.559338164971e+03 
       9.645138826050e-03       8.607553050869e+03 
       9.772941541283e-03       8.654253089302e+03 
       9.900792026762e-03       8.700325799083e+03 
       1.002868921957e-02       8.744902800045e+03 
       1.015663212664e-02       8.788348253083e+03 
       1.028461982104e-02       8.830626914812e+03 
       1.041265143846e-02       8.871780597234e+03 
       1.054072617402e-02       8.911836496525e+03 
       1.066884327926e-02       8.950435015284e+03 
       1.079700205935e-02       8.988557780679e+03 
       1.092520187054e-02       9.025277305336e+03 
       1.105344211774e-02       9.060890896029e+03 
       1.118172225228e-02       9.095199517334e+03 
       1.131004176988e-02       9.128993129484e+03 
       1.143840020866e-02       9.161241520125e+03 
       1.156679714741e-02       9.192961473289e+03 
       1.169523220388e-02       9.223424316107e+03 
       1.182370503324e-02       9.252923462785e+03 
       1.195221532664e-02       9.281382770155e+03 
       1.208076280985e-02       9.308872007678e+03 
       1.220934724206e-02       9.335388603274e+03 
       1.233796841467e-02       9.360955213553e+03 
       1.246662615021e-02       9.385576416358e+03 
       1.259532030139e-02       9.409262051134e+03 
       1.272405075012e-02       9.431976855804e+03 
       1.285281740668e-02       9.453883033356e+03 
       1.298162020888e-02       9.474844759161e+03 
       1.311045912139e-02       9.494911147079e+03 
       1.323933413499e-02       9.514062075782e+03 
       1.336824526596e-02       9.532372391991e+03 
       1.349719255553e-02       9.549914686997e+03 
       1.362617606930e-02       9.566540825274e+03 
       1.375519589679e-02       9.582291893435e+03 
       1.388425215096e-02       9.597252076749e+03 
       1.401334496781e-02       9.611388517916e+03 
       1.414247450603e-02       9.624806127206e+03 
       1.427164094666e-02       9.637363472147e+03 
       1.440084449274e-02       9.649139508006e+03 
       1.453008536914e-02       9.660129199808e+03 
       1.465936382220e-02       9.670049889328e+03 
       1.478868011964e-02       9.679847681823e+03 
       1.491803455030e-02       9.688580976548e+03 
       1.504742742402e-02       9.696583295530e+03 
       1.517685907151e-02       9.703589391843e+03 
       1.530632984425e-02       9.710413274174e+03 
       1.543584011438e-02       9.716278064089e+03 
       1.556539027473e-02       9.721434295381e+03 
       1.569498073867e-02       9.725911538790e+03 
       1.582461194022e-02       9.729710973918e+03 
       1.595428433395e-02       9.732840259854e+03 
       1.608399839510e-02       9.735295854932e+03 
       1.621375461959e-02       9.737115338613e+03 
       1.634355352408e-02       9.738278298314e+03 
       1.647339564609e-02       9.738767950352e+03 
       1.660328154410e-02       9.738683711259e+03 
       1.673321179765e-02       9.737737388043e+03 
       1.686318700753e-02       9.736657550043e+03 
       1.699320779588e-02       9.734702855622e+03 
       1.712327480645e-02       9.732052514791e+03 
       1.725338870472e-02       9.728950835314e+03 
       1.738355017815e-02       9.725513816142e+03 
       1.751375993644e-02       9.721316791086e+03 
       1.764401871169e-02       9.716524030278e+03 
       1.777432725877e-02       9.710961759031e+03 
       1.790468635550e-02       9.705035934841e+03 
       1.803509680303e-02       9.698897438273e+03 
       1.816555942610e-02       9.691697440565e+03 
       1.829607507341e-02       9.684250757682e+03 
       1.842664461792e-02       9.676495808525e+03 
       1.855726895726e-02       9.668083998538e+03 
       1.868794901408e-02       9.659168198394e+03 
       1.881868573646e-02       9.649729951216e+03 
       1.894948009832e-02       9.639806608247e+03 
       1.908033309987e-02       9.629157583584e+03 
       1.921124576803e-02       9.618502099822e+03 
       1.934221915691e-02       9.607200639549e+03 
       1.947325434832e-02       9.595480141682e+03 
       1.960435245224e-02       9.583289401219e+03 
       1.973551460733e-02       9.570524926116e+03 
       1.986674198155e-02       9.557464025262e+03 
       1.999803577261e-02       9.543979654708e+03 
       2.012939720865e-02       9.530195853247e+03 
       2.026082754878e-02       9.515808820253e+03 
       2.039232808371e-02       9.501226418336e+03 
       2.052390013641e-02       9.486029716464e+03 
       2.065554506277e-02       9.470632618591e+03 
       2.078726425227e-02       9.454660528385e+03 
       2.091905912869e-02       9.438426691537e+03 
       2.105093115085e-02       9.421886303089e+03 
       2.118288181336e-02       9.404849647693e+03 
       2.131491264740e-02       9.387664471284e+03 
       2.144702522152e-02       9.370085399180e+03 
       2.157922114246e-02       9.351970409660e+03 
       2.171150205602e-02       9.333722937345e+03 
       2.184386964794e-02       9.315011505480e+03 
       2.197632564479e-02       9.296183935653e+03 
       2.210887181492e-02       9.276814092451e+03 
       2.224150996944e-02       9.257220005129e+03 
       2.237424196320e-02       9.237258325937e+03 
       2.250706969581e-02       9.217173972924e+03 
       2.263999511273e-02       9.196604472690e+03 
       2.277302020633e-02       9.175856189321e+03 
       2.290614701706e-02       9.154925432726e+03 
       2.303937763456e-02       9.133723309046e+03 
       2.317271419890e-02       9.112015784017e+03 
       2.330615890180e-02       9.090098821360e+03 
       2.343971398792e-02       9.068041685190e+03 
       2.357338175615e-02       9.045903970270e+03 
       2.370716456100e-02       9.023213678371e+03 
       2.384106481399e-02       9.000414766215e+03 
       2.397508498508e-02       8.977349294369e+03 
       2.410922760418e-02       8.954140360860e+03 
       2.424349526269e-02       8.930614579130e+03 
       2.437789061509e-02       8.906908622845e+03 
       2.451241638055e-02       8.883008825149e+03 
       2.464707534467e-02       8.858910343025e+03 
       2.478187036123e-02       8.834479964024e+03 
       2.491680435394e-02       8.809997811164e+03 
       2.505188031836e-02       8.785269341032e+03 
       2.518710132382e-02       8.760385893605e+03 
       2.532247051540e-02       8.735290426623e+03 
       2.545799111597e-02       8.710051252786e+03 
       2.559366642839e-02       8.684723475183e+03 
       2.572949983761e-02       8.659055856335e+03 
       2.586549481303e-02       8.633384669674e+03 
       2.600165491080e-02       8.607467122360e+03 
       2.613798377629e-02       8.581295570645e+03 
       2.627448514657e-02       8.555116582901e+03 
       2.641116285305e-02       8.528740048021e+03 
       2.654802082415e-02       8.502307696319e+03 
       2.668506308812e-02       8.475675255042e+03 
       2.682229377588e-02       8.448817977978e+03 
       2.695971712407e-02       8.421912370456e+03 
       2.709733747813e-02       8.394996017570e+03 
       2.723515929550e-02       8.367833593121e+03 
       2.737318714896e-02       8.340530415291e+03 
       2.751142573009e-02       8.313163587548e+03 
       2.764987985283e-02       8.285682826401e+03 
       2.778855445722e-02       8.258189442015e+03 
       2.792745461322e-02       8.230521615813e+03 
       2.806658552475e-02       8.202753300525e+03 
       2.820595253378e-02       8.174886577706e+03 
       2.834556112471e-02       8.146873895870e+03 
       2.848541692877e-02       8.118810112419e+03 
       2.862552572872e-02       8.090671602198e+03 
       2.876589346368e-02       8.062540604425e+03 
       2.890652623411e-02       8.034199134387e+03 
       2.904743030707e-02       8.005890774822e+03 
       2.918861212164e-02       7.977465486757e+03 
       2.933007829456e-02       7.949083742870e+03 
       2.947183562612e-02       7.920418009673e+03 
       2.961389110626e-02       7.891863666383e+03 
       2.975625192100e-02       7.863171461897e+03 
       2.989892545902e-02       7.834502847989e+03 
       3.004191931860e-02       7.805718506297e+03 
       3.018524131485e-02       7.776923370328e+03 
       3.032889948722e-02       7.748083506513e+03 
       3.047290210736e-02       7.719178220130e+03 
       3.061725768729e-02       7.690332519694e+03 
       3.076197498798e-02       7.661280774551e+03 
       3.090706302827e-02       7.632299670444e+03 
       3.105253109416e-02       7.603248399101e+03 
       3.119838874865e-02       7.574246850553e+03 
       3.134464584183e-02       7.545154994182e+03 
       3.149131252163e-02       7.516090715745e+03 
       3.163839924495e-02       7.486883641478e+03 
       3.178591678931e-02       7.457714568877e+03 
       3.193387626514e-02       7.428572456884e+03 
       3.208228912856e-02       7.399365158136e+03 
       3.223116719483e-02       7.370176469341e+03 
       3.238052265243e-02       7.340971577325e+03 
       3.253036807786e-02       7.311726461731e+03 
       3.268071645114e-02       7.282470431100e+03 
       3.283158117211e-02       7.253247058669e+03 
       3.298297607755e-02       7.224050158708e+03 
       3.313491545916e-02       7.194754089467e+03 
       3.328741408251e-02       7.165489447207e+03 
       3.344048720691e-02       7.136244299402e+03 
       3.359415060641e-02       7.107001680425e+03 
       3.374842059184e-02       7.077745046008e+03 
       3.390331403411e-02       7.048549792810e+03 
       3.405884838871e-02       7.019314510304e+03 
       3.421504172162e-02       6.990040245063e+03 
       3.437191273660e-02       6.960826510858e+03 
       3.452948080409e-02       6.931591202680e+03 
       3.468776599166e-02       6.902388906340e+03 
       3.484678909628e-02       6.873207406559e+03 
       3.500657167847e-02       6.843990748094e+03 
       3.516713609840e-02       6.814837807484e+03 
       3.532850555420e-02       6.785692867696e+03 
       3.549070412254e-02       6.756532249256e+03 
       3.565375680169e-02       6.727401591282e+03 
       3.581768955726e-02       6.698285805434e+03 
       3.598252937075e-02       6.669187787683e+03 
       3.614830429120e-02       6.640096707463e+03 
       3.631504349013e-02       6.611042734815e+03 
       3.648277732005e-02       6.581975656297e+03 
       3.665153737680e-02       6.552939552981e+03 
       3.682135656602e-02       6.523903780954e+03 
       3.699226917412e-02       6.494923448787e+03 
       3.716431094406e-02       6.465915467945e+03 
       3.733751915639e-02       6.436966665088e+03 
       3.751193271595e-02       6.407994481971e+03 
       3.768759224472e-02       6.379034691199e+03 
       3.786454018137e-02       6.350088455723e+03 
       3.804282088805e-02       6.321191020787e+03 
       3.822248076511e-02       6.292281451526e+03 
       3.840356837442e-02       6.263392303130e+03 
       3.858613457205e-02       6.234546438972e+03 
       3.877023265129e-02       6.205656872290e+03 
       3.895591849676e-02       6.176797818815e+03 
       3.914325075094e-02       6.147936858038e+03 
       3.933229099402e-02       6.119072152691e+03 
       3.952310393866e-02       6.090246673341e+03 
       3.971575764086e-02       6.061407418347e+03 
       3.991032372881e-02       6.032563079014e+03 
       4.010687765142e-02       6.003755050585e+03 
       4.030549894855e-02       5.974914754670e+03 
       4.050627154541e-02       5.946050585181e+03 
       4.070928407353e-02       5.917208367248e+03 
       4.091463022134e-02       5.888393194547e+03 
       4.112240911762e-02       5.859497836477e+03 
       4.133272575146e-02       5.830600559959e+03 
       4.154569143314e-02       5.801722989035e+03 
       4.176142430051e-02       5.772788766524e+03 
       4.198004987645e-02       5.743829013925e+03 
       4.220170168357e-02       5.714872853836e+03 
       4.242652192332e-02       5.685851413134e+03 
       4.265466222754e-02       5.656826649831e+03 
       4.288628449194e-02       5.627741785905e+03 
       4.312156180218e-02       5.598611733443e+03 
       4.336067946497e-02       5.569401074327e+03 
       4.360383615878e-02       5.540191794152e+03 
       4.385124522052e-02       5.510856606035e+03 
       4.410313608808e-02       5.481523909743e+03 
       4.435975592105e-02       5.452076290587e+03 
       4.462137142655e-02       5.422519467335e+03 
       4.488827092121e-02       5.392878260800e+03 
       4.516076666643e-02       5.363154393212e+03 
       4.543919752027e-02       5.333313343878e+03 
       4.572393195796e-02       5.303350037958e+03 
       4.601537152274e-02       5.273253038000e+03 
       4.631395478061e-02       5.243023621689e+03 
       4.662016186792e-02       5.212630433551e+03 
       4.693451973833e-02       5.182058716070e+03 
       4.725760823845e-02       5.151299588380e+03 
       4.759006716930e-02       5.120340879084e+03 
       4.793260452518e-02       5.089184498136e+03 
       4.828600614492e-02       5.057752194010e+03 
       4.865114706475e-02       5.026052972715e+03 
       4.902900493043e-02       4.994072800547e+03 
       4.942067591259e-02       4.961790077093e+03 
       4.982739367910e-02       4.929026405544e+03 
       5.025055211759e-02       4.895994568096e+03 
       5.069173267895e-02       4.862457127105e+03 
       5.115273743923e-02       4.828515651501e+03 
       5.163562926573e-02       4.794007449328e+03 
       5.214278083871e-02       4.758897081258e+03 
       5.267693473961e-02       4.723091536785e+03 
       5.324127738548e-02       4.686460800540e+03 
       5.383953027310e-02       4.648973762315e+03 
       5.447606277852e-02       4.610471584283e+03 
       5.515603156334e-02       4.570771343770e+03 
       5.588555227525e-02       4.529648997734e+03 
       5.667190925559e-02       4.486908277770e+03 
       5.752380746106e-02       4.442104857635e+03 
       5.845166594430e-02       4.394928713682e+03 
       5.946794059141e-02       4.344683883397e+03 
       6.058743937351e-02       4.290718299871e+03 
       6.182754674295e-02       4.232038366137e+03 
       6.320819351446e-02       4.167260134608e+03 
       6.475129000827e-02       4.094640444724e+03 
       6.647921333425e-02       4.012020976821e+03 
       6.841192418790e-02       3.916811852335e+03 
       7.056263881041e-02       3.806427583486e+03 
       7.293295005072e-02       3.678667815053e+03 
       7.550958766922e-02       3.532820997839e+03 
       7.826529561900e-02       3.370454382046e+03 
       8.116429134032e-02       3.195555879973e+03 
       8.416970063627e-02       3.014062916553e+03 
       8.724940127907e-02       2.833056205224e+03 
       9.037859295658e-02       2.659252313433e+03 
       9.353968144815e-02       2.498351578289e+03 
       9.672087747936e-02       2.354324408289e+03 
       9.991457038474e-02       2.229193351308e+03 
       1.031159620835e-01       2.123508330544e+03 
       1.063220720655e-01       2.035978927641e+03 
       1.095310656294e-01       1.964441758532e+03 
       1.127418195905e-01       1.905860903036e+03 
       1.159536485732e-01       1.856647802752e+03 
       1.191661351074e-01       1.813238457444e+03 
       1.223790251171e-01       1.772219562557e+03 
       1.255921639856e-01       1.730650141375e+03 
       1.288054575714e-01       1.686383610567e+03 
       1.320188484846e-01       1.638029312552e+03 
       1.352323016674e-01       1.585177624781e+03 
       1.384457956348e-01       1.528359538102e+03 
       1.416593171555e-01       1.468567306851e+03 
       1.448728580223e-01       1.407447414722e+03 
       1.480864130910e-01       1.346755854169e+03 
       1.512999790887e-01       1.288227768401e+03 
       1.545135538902e-01       1.233344065592e+03 
       1.577271360774e-01       1.183245881869e+03 
       1.609407246709e-01       1.138677351474e+03 
       1.641543189667e-01       1.099856052781e+03 
       1.673679184360e-01       1.066630041522e+03 
       1.705815226636e-01       1.038434743003e+03 
       1.737951313100e-01       1.014475883921e+03 
       1.770087440880e-01       9.937883397965e+02 
       1.802223607476e-01       9.753006143312e+02 
       1.834359810666e-01       9.580292337068e+02 
       1.866496048443e-01       9.411091652924e+02 
       1.898632318976e-01       9.236293676939e+02 
       1.930768620578e-01       9.049978952957e+02 
       1.962904951689e-01       8.849147963162e+02 
       1.995041310858e-01       8.633860685857e+02 
       2.027177696732e-01       8.406316380987e+02 
       2.059314108045e-01       8.170864403144e+02 
       2.091450543613e-01       7.932984351771e+02 
       2.123587002325e-01       7.698041727751e+02 
       2.155723483137e-01       7.471158002816e+02 
       2.187859985067e-01       7.256456621346e+02 
       2.219996507192e-01       7.056933545321e+02 
       2.252133048639e-01       6.874627204751e+02 
       2.284269608589e-01       6.710017172226e+02 
       2.316406186265e-01       6.562922618481e+02 
       2.348542780934e-01       6.431706088014e+02 
       2.380679391905e-01       6.314518963260e+02 
       2.412816018521e-01       6.208260075210e+02 
       2.444952660162e-01       6.109621464301e+02 
       2.477089316238e-01       6.015479276401e+02 
       2.509225986192e-01       5.922763954786e+02 
       2.541362669493e-01       5.829118181092e+02 
       2.573499365640e-01       5.733166746465e+02 
       2.605636074153e-01       5.633858356081e+02 
       2.637772794577e-01       5.531181054362e+02 
       2.669909526481e-01       5.425566708045e+02 
       2.702046269452e-01       5.317827934937e+02 
       2.734183023097e-01       5.209368971150e+02 
       2.766319787043e-01       5.101879393909e+02 
       2.798456560933e-01       4.996778774519e+02 
       2.830593344425e-01       4.895634598074e+02 
       2.862730137196e-01       4.799721725930e+02 
       2.894866938933e-01       4.709690239879e+02 
       2.927003749340e-01       4.625925822632e+02 
       2.959140568133e-01       4.548273124939e+02 
       2.991277395041e-01       4.476249600985e+02 
       3.023414229803e-01       4.409123208182e+02 
       3.055551072170e-01       4.345997968691e+02 
       3.087687921904e-01       4.286007089505e+02 
       3.119824778775e-01       4.228130205038e+02 
       3.151961642564e-01       4.171655892835e+02 
       3.184098513061e-01       4.115693142647e+02 
       3.216235390064e-01       4.059677671286e+02 
       3.248372273378e-01       4.003217825886e+02 
       3.280509162818e-01       3.946167640532e+02 
       3.312646058203e-01       3.888610875319e+02 
       3.344782959362e-01       3.830887363231e+02 
       3.376919866130e-01       3.773328846885e+02 
       3.409056778346e-01       3.716473404973e+02 
       3.441193695858e-01       3.660720406117e+02 
       3.473330618518e-01       3.606454241431e+02 
       3.505467546183e-01       3.553979808134e+02 
       3.537604478717e-01       3.503520844405e+02 
       3.569741415987e-01       3.455256867874e+02 
       3.601878357867e-01       3.409234187374e+02 
       3.634015304233e-01       3.365418339310e+02 
       3.666152254966e-01       3.323598502776e+02 
       3.698289209953e-01       3.283533053177e+02 
       3.730426169084e-01       3.244878446819e+02 
       3.762563132250e-01       3.207310328477e+02 
       3.794700099351e-01       3.170557650482e+02 
       3.826837070285e-01       3.134374198568e+02 
       3.858974044957e-01       3.098595520455e+02 
       3.891111023274e-01       3.063142923511e+02 
       3.923248005145e-01       3.027873182133e+02 
       3.955384990485e-01       2.992923795034e+02 
       3.987521979208e-01       2.958189046922e+02 
       4.019658971233e-01       2.923751997112e+02 
       4.051795966482e-01       2.889769600061e+02 
       4.083932964878e-01       2.856300592636e+02 
       4.116069966346e-01       2.823504932039e+02 
       4.148206970816e-01       2.791474460766e+02 
       4.180343978218e-01       2.760328511040e+02 
       4.212480988484e-01       2.730051518785e+02 
       4.244618001549e-01       2.700669980337e+02 
       4.276755017350e-01       2.672097125585e+02 
       4.308892035825e-01       2.644386452041e+02 
       4.341029056915e-01       2.617417822585e+02 
       4.373166080561e-01       2.591173611893e+02 
       4.405303106709e-01       2.565590356674e+02 
       4.437440135302e-01       2.540600930568e+02 
       4.469577166289e-01       2.516074937067e+02 
       4.501714199618e-01       2.491974183253e+02 
       4.533851235238e-01       2.468198748881e+02 
       4.565988273102e-01       2.444725059455e+02 
       4.598125313161e-01       2.421520695249e+02 
       4.630262355371e-01       2.398588904356e+02 
       4.662399399686e-01       2.375943165947e+02 
       4.694536446064e-01       2.353611264387e+02 
       4.726673494461e-01       2.331587818453e+02 
       4.758810544837e-01       2.309898469180e+02 
       4.790947597152e-01       2.288561871087e+02 
       4.823084651368e-01       2.267596739106e+02 
       4.855221707445e-01       2.247058365701e+02 
       4.887358765348e-01       2.226954226008e+02 
       4.919495825040e-01       2.207300021430e+02 
       4.951632886487e-01       2.188093886800e+02 
       4.983769949654e-01       2.169313948501e+02 
       5.015907014508e-01       2.150925433963e+02 
       5.048044081018e-01       2.132889876677e+02 
       5.080181149151e-01       2.115192504228e+02 
       5.112318218876e-01       2.097766863871e+02 
       5.144455290164e-01       2.080636911517e+02 
       5.176592362986e-01       2.063758378956e+02 
       5.208729437313e-01       2.047112707562e+02 
       5.240866513118e-01       2.030699927590e+02 
       5.273003590372e-01       2.014494597259e+02 
       5.305140669051e-01       1.998488194236e+02 
       5.337277749127e-01       1.982682818359e+02 
       5.369414830576e-01       1.967098678833e+02 
       5.401551913374e-01       1.951732859802e+02 
       5.433688997496e-01       1.936606982734e+02 
       5.465826082918e-01       1.921719686115e+02 
       5.497963169619e-01       1.907078780782e+02 
       5.530100257575e-01       1.892677957071e+02 
       5.562237346765e-01       1.878506740337e+02 
       5.594374437167e-01       1.864560507828e+02 
       5.626511528761e-01       1.850841550028e+02 
       5.658648621527e-01       1.837345390918e+02 
       5.690785715444e-01       1.824070151671e+02 
       5.722922810492e-01       1.811007147633e+02 
       5.755059906654e-01       1.798142705664e+02 
       5.787197003910e-01       1.785461259487e+02 
       5.819334102242e-01       1.772951352985e+02 
       5.851471201632e-01       1.760603116788e+02 
       5.883608302063e-01       1.748415813915e+02 
       5.915745403519e-01       1.736390077692e+02 
       5.947882505981e-01       1.724525529393e+02 
       5.980019609435e-01       1.712818377594e+02 
       6.012156713864e-01       1.701262829907e+02 
       6.044293819252e-01       1.689852381117e+02 
       6.076430925584e-01       1.678582714820e+02 
       6.108568032846e-01       1.667455027516e+02 
       6.140705141023e-01       1.656472842151e+02 
       6.172842250099e-01       1.645641036118e+02 
       6.204979360062e-01       1.634962901772e+02 
       6.237116470898e-01       1.624436234411e+02 
       6.269253582593e-01       1.614055511893e+02 
       6.301390695134e-01       1.603811687341e+02 
       6.333527808508e-01       1.593701347911e+02 
       6.365664922702e-01       1.583719824006e+02 
       6.397802037704e-01       1.573866507688e+02 
       6.429939153502e-01       1.564141937783e+02 
       6.462076270084e-01       1.554545301753e+02 
       6.494213387438e-01       1.545070482583e+02 
       6.526350505553e-01       1.535711905015e+02 
       6.558487624418e-01       1.526462368049e+02 
       6.590624744022e-01       1.517317721352e+02 
       6.622761864353e-01       1.508275841651e+02 
       6.654898985401e-01       1.499339243260e+02 
       6.687036107157e-01       1.490509298989e+02 
       6.719173229609e-01       1.481786875557e+02 
       6.751310352748e-01       1.473170230761e+02 
       6.783447476564e-01       1.464655550099e+02 
       6.815584601048e-01       1.456237565976e+02 
       6.847721726189e-01       1.447914297059e+02 
       6.879858851979e-01       1.439683995096e+02 
       6.911995978409e-01       1.431549744751e+02 
       6.944133105470e-01       1.423512551937e+02 
       6.976270233152e-01       1.415572569008e+02 
       7.008407361448e-01       1.407726539029e+02 
       7.040544490349e-01       1.399972090448e+02 
       7.072681619847e-01       1.392300941970e+02 
       7.104818749934e-01       1.384712660078e+02 
       7.136955880601e-01       1.377204969584e+02 
       7.169093011841e-01       1.369778782331e+02 
       7.201230143646e-01       1.362435003054e+02 
       7.233367276009e-01       1.355173650880e+02 
       7.265504408922e-01       1.347992172545e+02 
       7.297641542378e-01       1.340887071018e+02 
       7.329778676370e-01       1.333854488865e+02 
       7.361915810891e-01       1.326892509407e+02 
       7.394052945933e-01       1.320000999660e+02 
       7.426190081490e-01       1.313181041853e+02 
       7.458327217556e-01       1.306434169246e+02 
       7.490464354124e-01       1.299760336860e+02 
       7.522601491187e-01       1.293157689531e+02 
       7.554738628738e-01       1.286623198522e+02 
       8.258715780685e-01       1.158466920268e+02 
       9.279569565420e-01       1.012221972515e+02 
       1.090478659360e+00       8.416501906846e+01 
       1.346847683298e+00       6.606058623923e+01 
       1.693534483442e+00       5.037598004981e+01 
       2.131999831852e+00       3.774095266547e+01 
       2.684028659604e+00       2.763999782700e+01 
       3.378991885513e+00       1.969263005304e+01 
       4.253898750919e+00       1.360545294601e+01 
       5.355341236731e+00       9.106243029557e+00 
       6.741975171750e+00       5.914775738117e+00 
       8.487643869401e+00       3.742226166017e+00 
