# Matter power spectrum P(k) at redshift z=1
# for k=1.04437e-05 to 8.47366 h/Mpc,
# number of wavenumbers equal to 612
#    1:k (h/Mpc)              2:P (Mpc/h)^3        
       1.044373177903e-05       2.196531669886e+01 
       2.330927604903e-05       4.158633375159e+01 
       3.621997333865e-05       6.372693460802e+01 
       4.921047778906e-05       8.603805654864e+01 
       6.231601551152e-05       1.079905057247e+02 
       7.557269794060e-05       1.300939041069e+02 
       8.901784518625e-05       1.522800587920e+02 
       1.026903236755e-04       1.746166527371e+02 
       1.166309024082e-04       1.973437415186e+02 
       1.308826321835e-04       2.204621794890e+02 
       1.454912521628e-04       2.440418405442e+02 
       1.605056280722e-04       2.682076415180e+02 
       1.759782261780e-04       2.929956653196e+02 
       1.919656267993e-04       3.184967135807e+02 
       2.085290804757e-04       3.448424453430e+02 
       2.257351088475e-04       3.721091862771e+02 
       2.436561506599e-04       4.004024376170e+02 
       2.623712508693e-04       4.298544742547e+02 
       2.819667873218e-04       4.605857979217e+02 
       3.025372245862e-04       4.927387262469e+02 
       3.241858778616e-04       5.264561912576e+02 
       3.470256610625e-04       5.619076015826e+02 
       3.711797818235e-04       5.992576297032e+02 
       3.967823320131e-04       6.387045701534e+02 
       4.239787054162e-04       6.804441195369e+02 
       4.529257550406e-04       7.246958600364e+02 
       4.837915823589e-04       7.716821426845e+02 
       5.167548321797e-04       8.216437982338e+02 
       5.520033538042e-04       8.748243628450e+02 
       5.897320873923e-04       9.314684296771e+02 
       6.301400513409e-04       9.918203681928e+02 
       6.734263498083e-04       1.056115767952e+03 
       7.197851957643e-04       1.124571248734e+03 
       7.694000560484e-04       1.197375807236e+03 
       8.224371645858e-04       1.274682253464e+03 
       8.790388005590e-04       1.356593047042e+03 
       9.393168607785e-04       1.443159950062e+03 
       1.003347333412e-03       1.534370148963e+03 
       1.071166270046e-03       1.630140657800e+03 
       1.142767736947e-03       1.730329708199e+03 
       1.218104013123e-03       1.834722920856e+03 
       1.297088030040e-03       1.943055365045e+03 
       1.379597773116e-03       2.055013484831e+03 
       1.465482147216e-03       2.170229702341e+03 
       1.554567688694e-03       2.288348579596e+03 
       1.646665496857e-03       2.408982340474e+03 
       1.741577841598e-03       2.531742589288e+03 
       1.839104046123e-03       2.656251444230e+03 
       1.939045405158e-03       2.782143903298e+03 
       2.041209047508e-03       2.909070085445e+03 
       2.145410768168e-03       3.036720330300e+03 
       2.251476932713e-03       3.164791426508e+03 
       2.359245598051e-03       3.293014999260e+03 
       2.468567006640e-03       3.421150434645e+03 
       2.579303604901e-03       3.548977683342e+03 
       2.691329719073e-03       3.676302787192e+03 
       2.804530999458e-03       3.802953244489e+03 
       2.918803721038e-03       3.928777765563e+03 
       3.034054007417e-03       4.053645687665e+03 
       3.150197027005e-03       4.177443258951e+03 
       3.267156195714e-03       4.300060132852e+03 
       3.384862409045e-03       4.421420069659e+03 
       3.503253317780e-03       4.541449740158e+03 
       3.622272655202e-03       4.660078375400e+03 
       3.741869619321e-03       4.777254193763e+03 
       3.861998310469e-03       4.892933355432e+03 
       3.982617222655e-03       5.007086195565e+03 
       4.103688785824e-03       5.119654095366e+03 
       4.225178955423e-03       5.230648378906e+03 
       4.347056845410e-03       5.340014305220e+03 
       4.469294400732e-03       5.447754335851e+03 
       4.591866105418e-03       5.553849674613e+03 
       4.714748722622e-03       5.658274882882e+03 
       4.837921063216e-03       5.761040182320e+03 
       4.961363779812e-03       5.862142547768e+03 
       5.085059183374e-03       5.961578549491e+03 
       5.208991079894e-03       6.059360564290e+03 
       5.333144624820e-03       6.155484993097e+03 
       5.457506193240e-03       6.249947646997e+03 
       5.582063263989e-03       6.342777497462e+03 
       5.706804316112e-03       6.433942839753e+03 
       5.831718736247e-03       6.523512229398e+03 
       5.956796735702e-03       6.611443594270e+03 
       6.082029276119e-03       6.697756504929e+03 
       6.207408002756e-03       6.782495924883e+03 
       6.332925184544e-03       6.865653892032e+03 
       6.458573660149e-03       6.947208384868e+03 
       6.584346789399e-03       7.027225843986e+03 
       6.710238409469e-03       7.105701578542e+03 
       6.836242795317e-03       7.182634329304e+03 
       6.962354623925e-03       7.258073141043e+03 
       7.088568941917e-03       7.332016245690e+03 
       7.214881136221e-03       7.404446446381e+03 
       7.341286907449e-03       7.475416735622e+03 
       7.467782245706e-03       7.544952642041e+03 
       7.594363408599e-03       7.613033866879e+03 
       7.721026901212e-03       7.679699921492e+03 
       7.847769457842e-03       7.744957476612e+03 
       7.974588025348e-03       7.808840761963e+03 
       8.101479747930e-03       7.871346463234e+03 
       8.228441953207e-03       7.932493245471e+03 
       8.355472139485e-03       7.992288753004e+03 
       8.482567964073e-03       8.050773884071e+03 
       8.609727232581e-03       8.107943806054e+03 
       8.736947889087e-03       8.163832682631e+03 
       8.864228007095e-03       8.218445556196e+03 
       8.991565781234e-03       8.271773517356e+03 
       9.118959519597e-03       8.323870221202e+03 
       9.246407636696e-03       8.374718426768e+03 
       9.373908646961e-03       8.424351762300e+03 
       9.501461158736e-03       8.472772908816e+03 
       9.629063868741e-03       8.520001800407e+03 
       9.756715556949e-03       8.566032924379e+03 
       9.884415081846e-03       8.610909083110e+03 
       1.001216137605e-02       8.654622812188e+03 
       1.013995344226e-02       8.697184801616e+03 
       1.026779034945e-02       8.738633014111e+03 
       1.039567122945e-02       8.778951900494e+03 
       1.052359527365e-02       8.818154562287e+03 
       1.065156173003e-02       8.856256189570e+03 
       1.077956990033e-02       8.893270003181e+03 
       1.090761913753e-02       8.929224747396e+03 
       1.103570884337e-02       8.964119625695e+03 
       1.116383846614e-02       8.997952903519e+03 
       1.129200749860e-02       9.030747681027e+03 
       1.142021547607e-02       9.062510364741e+03 
       1.154846197458e-02       9.093271289252e+03 
       1.167674660921e-02       9.122999982045e+03 
       1.180506903257e-02       9.151761375106e+03 
       1.193342893331e-02       9.179573746113e+03 
       1.206182603478e-02       9.206392794127e+03 
       1.219026009379e-02       9.232250911882e+03 
       1.231873089943e-02       9.257178845837e+03 
       1.244723827200e-02       9.281165736025e+03 
       1.257578206201e-02       9.304247853662e+03 
       1.270436214921e-02       9.326419464574e+03 
       1.283297844177e-02       9.347698388089e+03 
       1.296163087546e-02       9.368097758836e+03 
       1.309031941289e-02       9.387632651524e+03 
       1.321904404286e-02       9.406315654408e+03 
       1.334780477969e-02       9.424124803385e+03 
       1.347660166266e-02       9.441118393590e+03 
       1.360543475546e-02       9.457290841867e+03 
       1.373430414573e-02       9.472641685678e+03 
       1.386320994454e-02       9.487194930130e+03 
       1.399215228605e-02       9.500943696662e+03 
       1.412113132712e-02       9.513906254128e+03 
       1.425014724695e-02       9.526084837848e+03 
       1.437920024678e-02       9.537503795481e+03 
       1.450829054966e-02       9.548175545390e+03 
       1.463741840014e-02       9.558081200919e+03 
       1.476658406415e-02       9.567252196615e+03 
       1.489578782874e-02       9.575693328429e+03 
       1.502503000195e-02       9.583411202958e+03 
       1.515431091271e-02       9.590413587055e+03 
       1.528363091071e-02       9.596713173479e+03 
       1.541299036631e-02       9.602308650568e+03 
       1.554238967050e-02       9.607214104443e+03 
       1.567182923490e-02       9.611446357650e+03 
       1.580130949166e-02       9.615032424912e+03 
       1.593083089358e-02       9.617930684910e+03 
       1.606039391403e-02       9.620197045200e+03 
       1.618999904709e-02       9.621786610616e+03 
       1.631964680757e-02       9.622794541498e+03 
       1.644933773112e-02       9.623153100090e+03 
       1.657907237430e-02       9.622906335904e+03 
       1.670885131477e-02       9.622044525101e+03 
       1.683867515137e-02       9.620595548445e+03 
       1.696854450431e-02       9.618577652591e+03 
       1.709846001535e-02       9.615950200896e+03 
       1.722842234799e-02       9.612756697471e+03 
       1.735843218768e-02       9.609005006495e+03 
       1.748849024205e-02       9.604699203024e+03 
       1.761859724115e-02       9.599860089078e+03 
       1.774875393773e-02       9.594462614162e+03 
       1.787896110751e-02       9.588505881167e+03 
       1.800921954946e-02       9.582080605537e+03 
       1.813953008614e-02       9.575117180838e+03 
       1.826989356401e-02       9.567656700859e+03 
       1.840031085378e-02       9.559672713143e+03 
       1.853078285078e-02       9.551207060250e+03 
       1.866131047532e-02       9.542261239515e+03 
       1.879189467311e-02       9.532805290058e+03 
       1.892253641567e-02       9.522900059956e+03 
       1.905323670074e-02       9.512543444702e+03 
       1.918399655274e-02       9.501699449151e+03 
       1.931481702324e-02       9.490409251794e+03 
       1.944569919147e-02       9.478696005571e+03 
       1.957664416474e-02       9.466526782269e+03 
       1.970765307907e-02       9.453959450752e+03 
       1.983872709964e-02       9.440949315800e+03 
       1.996986742140e-02       9.427543563890e+03 
       2.010107526963e-02       9.413727902154e+03 
       2.023235190053e-02       9.399502222190e+03 
       2.036369860188e-02       9.384894600589e+03 
       2.049511669362e-02       9.369893180930e+03 
       2.062660752855e-02       9.354521151311e+03 
       2.075817249303e-02       9.338776821175e+03 
       2.088981300761e-02       9.322669457576e+03 
       2.102153052786e-02       9.306191021505e+03 
       2.115332654505e-02       9.289369364046e+03 
       2.128520258694e-02       9.272194671099e+03 
       2.141716021860e-02       9.254680303352e+03 
       2.154920104321e-02       9.236821188880e+03 
       2.168132670293e-02       9.218641754100e+03 
       2.181353887980e-02       9.200153099411e+03 
       2.194583929658e-02       9.181332182468e+03 
       2.207822971775e-02       9.162204152584e+03 
       2.221071195046e-02       9.142777567835e+03 
       2.234328784549e-02       9.123065328126e+03 
       2.247595929832e-02       9.103037745144e+03 
       2.260872825016e-02       9.082732112845e+03 
       2.274159668906e-02       9.062156409143e+03 
       2.287456665102e-02       9.041305507061e+03 
       2.300764022116e-02       9.020193400950e+03 
       2.314081953489e-02       8.998805178222e+03 
       2.327410677919e-02       8.977161241630e+03 
       2.340750419386e-02       8.955277139539e+03 
       2.354101407282e-02       8.933137552463e+03 
       2.367463876549e-02       8.910760153306e+03 
       2.380838067815e-02       8.888153801790e+03 
       2.394224227544e-02       8.865299184764e+03 
       2.407622608180e-02       8.842236612071e+03 
       2.421033468303e-02       8.818951305277e+03 
       2.434457072787e-02       8.795463331600e+03 
       2.447893692961e-02       8.771755823091e+03 
       2.461343606785e-02       8.747844199627e+03 
       2.474807099017e-02       8.723730967670e+03 
       2.488284461397e-02       8.699437288734e+03 
       2.501775992833e-02       8.674938417924e+03 
       2.515281999593e-02       8.650259585785e+03 
       2.528802795504e-02       8.625407632654e+03 
       2.542338702155e-02       8.600379817931e+03 
       2.555890049113e-02       8.575178453405e+03 
       2.569457174141e-02       8.549801610722e+03 
       2.583040423424e-02       8.524277556625e+03 
       2.596640151804e-02       8.498594546972e+03 
       2.610256723024e-02       8.472760587430e+03 
       2.623890509977e-02       8.446784947076e+03 
       2.637541894967e-02       8.420671543343e+03 
       2.651211269979e-02       8.394407630647e+03 
       2.664899036956e-02       8.367996401592e+03 
       2.678605608087e-02       8.341482424682e+03 
       2.692331406106e-02       8.314814680333e+03 
       2.706076864602e-02       8.288038354498e+03 
       2.719842428338e-02       8.261142038730e+03 
       2.733628553587e-02       8.234144919340e+03 
       2.747435708469e-02       8.207020117204e+03 
       2.761264373316e-02       8.179797776936e+03 
       2.775115041037e-02       8.152466735622e+03 
       2.788988217504e-02       8.125038739188e+03 
       2.802884421952e-02       8.097508065055e+03 
       2.816804187389e-02       8.069894299341e+03 
       2.830748061029e-02       8.042194575507e+03 
       2.844716604739e-02       8.014404368142e+03 
       2.858710395498e-02       7.986524267074e+03 
       2.872730025884e-02       7.958578045253e+03 
       2.886776104571e-02       7.930552451625e+03 
       2.900849256850e-02       7.902461325700e+03 
       2.914950125174e-02       7.874300488173e+03 
       2.929079369716e-02       7.846072494310e+03 
       2.943237668961e-02       7.817783318933e+03 
       2.957425720311e-02       7.789422702682e+03 
       2.971644240725e-02       7.761026855496e+03 
       2.985893967380e-02       7.732568362753e+03 
       3.000175658358e-02       7.704047709726e+03 
       3.014490093370e-02       7.675492004525e+03 
       3.028838074505e-02       7.646892152260e+03 
       3.043220427012e-02       7.618248886824e+03 
       3.057638000114e-02       7.589564345728e+03 
       3.072091667867e-02       7.560846263513e+03 
       3.086582330044e-02       7.532088531858e+03 
       3.101110913069e-02       7.503288915434e+03 
       3.115678370990e-02       7.474484030810e+03 
       3.130285686491e-02       7.445629233480e+03 
       3.144933871959e-02       7.416757362156e+03 
       3.159623970596e-02       7.387874999679e+03 
       3.174357057585e-02       7.358955921411e+03 
       3.189134241305e-02       7.330026753109e+03 
       3.203956664613e-02       7.301079465524e+03 
       3.218825506183e-02       7.272116572447e+03 
       3.233741981911e-02       7.243134820375e+03 
       3.248707346385e-02       7.214140162792e+03 
       3.263722894438e-02       7.185152834916e+03 
       3.278789962764e-02       7.156151648038e+03 
       3.293909931633e-02       7.127138936295e+03 
       3.309084226679e-02       7.098122118237e+03 
       3.324314320788e-02       7.069111550848e+03 
       3.339601736080e-02       7.040093929446e+03 
       3.354948046004e-02       7.011078615613e+03 
       3.370354877532e-02       6.982055435880e+03 
       3.385823913482e-02       6.953043906399e+03 
       3.401356894961e-02       6.924043163455e+03 
       3.416955623944e-02       6.895046024988e+03 
       3.432621966000e-02       6.866048554679e+03 
       3.448357853164e-02       6.837064206408e+03 
       3.464165286981e-02       6.808088259327e+03 
       3.480046341713e-02       6.779116384391e+03 
       3.496003167748e-02       6.750160324392e+03 
       3.512037995195e-02       6.721208693882e+03 
       3.528153137701e-02       6.692275926451e+03 
       3.544350996498e-02       6.663349419957e+03 
       3.560634064689e-02       6.634445109646e+03 
       3.577004931807e-02       6.605549264134e+03 
       3.593466288655e-02       6.576674168589e+03 
       3.610020932449e-02       6.547805640325e+03 
       3.626671772294e-02       6.518947485767e+03 
       3.643421835010e-02       6.490123230882e+03 
       3.660274271347e-02       6.461296219440e+03 
       3.677232362602e-02       6.432491034431e+03 
       3.694299527692e-02       6.403702720288e+03 
       3.711479330703e-02       6.374927045852e+03 
       3.728775488961e-02       6.346162089887e+03 
       3.746191881667e-02       6.317423249390e+03 
       3.763732559147e-02       6.288691907555e+03 
       3.781401752768e-02       6.259968387122e+03 
       3.799203885571e-02       6.231268213794e+03 
       3.817143583699e-02       6.202575158834e+03 
       3.835225688674e-02       6.173895521673e+03 
       3.853455270617e-02       6.145225536858e+03 
       3.871837642481e-02       6.116565838880e+03 
       3.890378375402e-02       6.087917271535e+03 
       3.909083315280e-02       6.059271016608e+03 
       3.927958600685e-02       6.030634822427e+03 
       3.947010682245e-02       6.002005059755e+03 
       3.966246343644e-02       5.973378364834e+03 
       3.985672724402e-02       5.944753077086e+03 
       4.005297344610e-02       5.916130247547e+03 
       4.025128131841e-02       5.887499166575e+03 
       4.045173450437e-02       5.858866043146e+03 
       4.065442133470e-02       5.830230590420e+03 
       4.085943517620e-02       5.801580040022e+03 
       4.106687481340e-02       5.772925854085e+03 
       4.127684486649e-02       5.744251307317e+03 
       4.148945624986e-02       5.715562252983e+03 
       4.170482667596e-02       5.686848187204e+03 
       4.192308120988e-02       5.658115067625e+03 
       4.214435288092e-02       5.629351040325e+03 
       4.236878335811e-02       5.600557083083e+03 
       4.259652369772e-02       5.571728785404e+03 
       4.282773517230e-02       5.542853209302e+03 
       4.306259019159e-02       5.513941809688e+03 
       4.330127332796e-02       5.484968887793e+03 
       4.354398246051e-02       5.455946644364e+03 
       4.379093005442e-02       5.426864003443e+03 
       4.404234459494e-02       5.397709051219e+03 
       4.429847219857e-02       5.368484190770e+03 
       4.455957842772e-02       5.339162988320e+03 
       4.482595034003e-02       5.309767336705e+03 
       4.509789880893e-02       5.280269624874e+03 
       4.537576115858e-02       5.250663858207e+03 
       4.565990416469e-02       5.220937408728e+03 
       4.595072748235e-02       5.191078132708e+03 
       4.624866757410e-02       5.161085815836e+03 
       4.655420222597e-02       5.130936721138e+03 
       4.686785575741e-02       5.100624212716e+03 
       4.719020505321e-02       5.070125746109e+03 
       4.752188657294e-02       5.039436317263e+03 
       4.786360452786e-02       5.008517232171e+03 
       4.821614045798e-02       4.977370692119e+03 
       4.858036449574e-02       4.945958913517e+03 
       4.895724867030e-02       4.914266719807e+03 
       4.934788269206e-02       4.882255222347e+03 
       4.975349276556e-02       4.849903531857e+03 
       5.017546411647e-02       4.817171962498e+03 
       5.061536809470e-02       4.784012365576e+03 
       5.107499493909e-02       4.750388743556e+03 
       5.155639357474e-02       4.716243647280e+03 
       5.206192017583e-02       4.681510219933e+03 
       5.259429768121e-02       4.646115043371e+03 
       5.315668901376e-02       4.609965154869e+03 
       5.375278743296e-02       4.572954050160e+03 
       5.438692822797e-02       4.534950493378e+03 
       5.506422676549e-02       4.495799011780e+03 
       5.579074855481e-02       4.455291884081e+03 
       5.657371705701e-02       4.413178051686e+03 
       5.742176355151e-02       4.369128593939e+03 
       5.834521870770e-02       4.322717549004e+03 
       5.935643425043e-02       4.273377800094e+03 
       6.047009938112e-02       4.220394757714e+03 
       6.170347117656e-02       4.162752130240e+03 
       6.307635956409e-02       4.099137120625e+03 
       6.461059040788e-02       4.027837371296e+03 
       6.632854231659e-02       3.946637921165e+03 
       6.825032862011e-02       3.852947660904e+03 
       7.038952468941e-02       3.744013827135e+03 
       7.274828207117e-02       3.617544814443e+03 
       7.531397161699e-02       3.472589769164e+03 
       7.805986058196e-02       3.310417624549e+03 
       8.095041121249e-02       3.134879852803e+03 
       8.394870119461e-02       2.951979826383e+03 
       8.702237710994e-02       2.768832328170e+03 
       9.014635550028e-02       2.592426662513e+03 
       9.330279004634e-02       2.428674816648e+03 
       9.647969975338e-02       2.281806706131e+03 
       9.966934070826e-02       2.154170708632e+03 
       1.028668270596e-01       2.046315507997e+03 
       1.060691223257e-01       1.957232495245e+03 
       1.092743568048e-01       1.884706061880e+03 
       1.124813856850e-01       1.825648122317e+03 
       1.156895103225e-01       1.776477862614e+03 
       1.188983051416e-01       1.733449068672e+03 
       1.221075111280e-01       1.692984751211e+03 
       1.253169706603e-01       1.651984502061e+03 
       1.285265877700e-01       1.608077605831e+03 
       1.317363039568e-01       1.559797744951e+03 
       1.349460834879e-01       1.506642489650e+03 
       1.381559044675e-01       1.449013604434e+03 
       1.413657534140e-01       1.388053750070e+03 
       1.445756219677e-01       1.325408680271e+03 
       1.477855048910e-01       1.262953087367e+03 
       1.509953988538e-01       1.202545403820e+03 
       1.542053016953e-01       1.145818911539e+03 
       1.574152119755e-01       1.094029489893e+03 
       1.606251287009e-01       1.047975028000e+03 
       1.638350511588e-01       1.007967995501e+03 
       1.670449788144e-01       9.738710685250e+02 
       1.702549112486e-01       9.451497818511e+02 
       1.734648481192e-01       9.209721525259e+02 
       1.766747891369e-01       9.002967705194e+02 
       1.798847340501e-01       8.819929992370e+02 
       1.830946826356e-01       8.649979431632e+02 
       1.863046346915e-01       8.484127413248e+02 
       1.895145900340e-01       8.311259430212e+02 
       1.927245484936e-01       8.125366852465e+02 
       1.959345099137e-01       7.923392648548e+02 
       1.991444741485e-01       7.705251892453e+02 
       2.023544410622e-01       7.473348404384e+02 
       2.055644105278e-01       7.232047183450e+02 
       2.087743824264e-01       6.986865410268e+02 
       2.119843566465e-01       6.743723924092e+02 
       2.151943330832e-01       6.508264913313e+02 
       2.184043116381e-01       6.285326937974e+02 
       2.216142922184e-01       6.078564716456e+02 
       2.248242747367e-01       5.890273060461e+02 
       2.280342591106e-01       5.721347055850e+02 
       2.312442452623e-01       5.571355980834e+02 
       2.344542331182e-01       5.438730484839e+02 
       2.376642226089e-01       5.320992401206e+02 
       2.408742136685e-01       5.215039463620e+02 
       2.440842062347e-01       5.117441093045e+02 
       2.472942002486e-01       5.024737335226e+02 
       2.505041956540e-01       4.933758074295e+02 
       2.537141923979e-01       4.841831651421e+02 
       2.569241904297e-01       4.747001438678e+02 
       2.601341897015e-01       4.648129785510e+02 
       2.633441901676e-01       4.544922625842e+02 
       2.665541917848e-01       4.437871879492e+02 
       2.697641945115e-01       4.328106773956e+02 
       2.729741983085e-01       4.217205593563e+02 
       2.761842031383e-01       4.106975515119e+02 
       2.793942089649e-01       3.999246369886e+02 
       2.826042157543e-01       3.895658383034e+02 
       2.858142234739e-01       3.797515754411e+02 
       2.890242320924e-01       3.705702612204e+02 
       2.922342415802e-01       3.620633709852e+02 
       2.954442519086e-01       3.542269734262e+02 
       2.986542630505e-01       3.470166004916e+02 
       3.018642749798e-01       3.403559336964e+02 
       3.050742876715e-01       3.341462453740e+02 
       3.082843011016e-01       3.282774303383e+02 
       3.114943152472e-01       3.226382526224e+02 
       3.147043300863e-01       3.171270403107e+02 
       3.179143455977e-01       3.116574123963e+02 
       3.211243617613e-01       3.061652494522e+02 
       3.243343785576e-01       3.006104483480e+02 
       3.275443959678e-01       2.949777475421e+02 
       3.307544139741e-01       2.892754802299e+02 
       3.339644325590e-01       2.835313690065e+02 
       3.371744517061e-01       2.777866794624e+02 
       3.403844713994e-01       2.720919749569e+02 
       3.435944916234e-01       2.665005561115e+02 
       3.468045123634e-01       2.610611507331e+02 
       3.500145336051e-01       2.558162025522e+02 
       3.532245553348e-01       2.507969953117e+02 
       3.564345775392e-01       2.460208790672e+02 
       3.596446002056e-01       2.414914439143e+02 
       3.628546233216e-01       2.371996471819e+02 
       3.660646468753e-01       2.331262566758e+02 
       3.692746708554e-01       2.292406940109e+02 
       3.724846952507e-01       2.255111784275e+02 
       3.756947200505e-01       2.219042470960e+02 
       3.789047452446e-01       2.183830333774e+02 
       3.821147708228e-01       2.149200966068e+02 
       3.853247967757e-01       2.114939199219e+02 
       3.885348230939e-01       2.080883039552e+02 
       3.917448497683e-01       2.046971188508e+02 
       3.949548767902e-01       2.013194631393e+02 
       3.981649041512e-01       1.979607839380e+02 
       4.013749318432e-01       1.946312453992e+02 
       4.045849598582e-01       1.913429250652e+02 
       4.077949881885e-01       1.881095605600e+02 
       4.110050168268e-01       1.849439709764e+02 
       4.142150457659e-01       1.818573718630e+02 
       4.174250749987e-01       1.788583514017e+02 
       4.206351045186e-01       1.759523602688e+02 
       4.238451343190e-01       1.731417961422e+02 
       4.270551643935e-01       1.704256116406e+02 
       4.302651947360e-01       1.678004138800e+02 
       4.334752253405e-01       1.652601257288e+02 
       4.366852562012e-01       1.627971611815e+02 
       4.398952873125e-01       1.604027143440e+02 
       4.431053186690e-01       1.580676055465e+02 
       4.463153502652e-01       1.557829340372e+02 
       4.495253820961e-01       1.535403434335e+02 
       4.527354141566e-01       1.513329288196e+02 
       4.559454464419e-01       1.491552087589e+02 
       4.591554789473e-01       1.470038038872e+02 
       4.623655116681e-01       1.448767976236e+02 
       4.655755445999e-01       1.427745478443e+02 
       4.687855777383e-01       1.406987641815e+02 
       4.719956110791e-01       1.386524161959e+02 
       4.752056446181e-01       1.366391706381e+02 
       4.784156783515e-01       1.346630863494e+02 
       4.816257122752e-01       1.327278546027e+02 
       4.848357463856e-01       1.308367002455e+02 
       4.880457806788e-01       1.289915752107e+02 
       4.912558151513e-01       1.271933792916e+02 
       4.944658497996e-01       1.254418963602e+02 
       4.976758846203e-01       1.237354176623e+02 
       5.008859196100e-01       1.220712018009e+02 
       5.040959547656e-01       1.204460750139e+02 
       5.073059900838e-01       1.188560885490e+02 
       5.105160255616e-01       1.172975094843e+02 
       5.137260611959e-01       1.157667951230e+02 
       5.169360969839e-01       1.142607621136e+02 
       5.201461329228e-01       1.127772628329e+02 
       5.233561690096e-01       1.113146882858e+02 
       5.265662052417e-01       1.098723727904e+02 
       5.297762416165e-01       1.084501817595e+02 
       5.329862781314e-01       1.070484442334e+02 
       5.361963147838e-01       1.056681395296e+02 
       5.394063515712e-01       1.043101792404e+02 
       5.426163884914e-01       1.029753274585e+02 
       5.458264255419e-01       1.016645730246e+02 
       5.490364627204e-01       1.003784859000e+02 
       5.522465000247e-01       9.911693247944e+01 
       5.554565374526e-01       9.788025844578e+01 
       5.586665750020e-01       9.666788508910e+01 
       5.618766126708e-01       9.547916602931e+01 
       5.650866504569e-01       9.431352199214e+01 
       5.682966883583e-01       9.316970437131e+01 
       5.715067263732e-01       9.204692677676e+01 
       5.747167644996e-01       9.094407352863e+01 
       5.779268027356e-01       8.986008984498e+01 
       5.811368410794e-01       8.879398438587e+01 
       5.843468795292e-01       8.774493376515e+01 
       5.875569180833e-01       8.671208376254e+01 
       5.907669567400e-01       8.569487219540e+01 
       5.939769954977e-01       8.469280400228e+01 
       5.971870343546e-01       8.370555003481e+01 
       6.003970733091e-01       8.273276497093e+01 
       6.036071123599e-01       8.177456133784e+01 
       6.068171515052e-01       8.083091413442e+01 
       6.100271907436e-01       7.990200561885e+01 
       6.132372300736e-01       7.898779297561e+01 
       6.164472694938e-01       7.808831513010e+01 
       6.196573090028e-01       7.720377918601e+01 
       6.228673485993e-01       7.633395623320e+01 
       6.260773882818e-01       7.547872417989e+01 
       6.292874280490e-01       7.463767133535e+01 
       6.324974678997e-01       7.381069374313e+01 
       6.357075078326e-01       7.299707969015e+01 
       6.389175478464e-01       7.219652728394e+01 
       6.421275879400e-01       7.140850788778e+01 
       6.453376281120e-01       7.063257368091e+01 
       6.485476683615e-01       6.986830109255e+01 
       6.517577086871e-01       6.911528105762e+01 
       6.549677490879e-01       6.837325379868e+01 
       6.581777895627e-01       6.764191793665e+01 
       6.613878301103e-01       6.692095916569e+01 
       6.645978707298e-01       6.621031787191e+01 
       6.678079114202e-01       6.550984629589e+01 
       6.710179521803e-01       6.481934322015e+01 
       6.742279930092e-01       6.413883492058e+01 
       6.774380339060e-01       6.346829148007e+01 
       6.806480748696e-01       6.280735756927e+01 
       6.838581158991e-01       6.215613922938e+01 
       6.870681569936e-01       6.151445764231e+01 
       6.902781981522e-01       6.088223662124e+01 
       6.934882393739e-01       6.025927018799e+01 
       6.966982806580e-01       5.964536709059e+01 
       6.999083220035e-01       5.904044108729e+01 
       7.031183634097e-01       5.844428770886e+01 
       7.063284048756e-01       5.785666705811e+01 
       7.095384464005e-01       5.727740341290e+01 
       7.127484879835e-01       5.670619519358e+01 
       7.159585296239e-01       5.614291848113e+01 
       7.191685713210e-01       5.558738956285e+01 
       7.223786130739e-01       5.503938954745e+01 
       7.255886548819e-01       5.449880232955e+01 
       7.287986967443e-01       5.396547628137e+01 
       7.320087386603e-01       5.343937202422e+01 
       7.352187806293e-01       5.292025550578e+01 
       7.384288226506e-01       5.240809539920e+01 
       7.416388647235e-01       5.190279143951e+01 
       7.448489068473e-01       5.140429909962e+01 
       7.480589490214e-01       5.091242193900e+01 
       7.512689912451e-01       5.042719735785e+01 
       7.544790335177e-01       4.994843916272e+01 
       8.247464020034e-01       4.088634991161e+01 
       9.266207651272e-01       3.137801993365e+01 
       1.088781564011e+00       2.164202805395e+01 
       1.344642259170e+00       1.320140468776e+01 
       1.690745305064e+00       7.648056899913e+00 
       2.128488139546e+00       4.378654494448e+00 
       2.679607699468e+00       2.486623350715e+00 
       3.373426226453e+00       1.401700406913e+00 
       4.246892001294e+00       7.848915495947e-01 
       5.346520261575e+00       4.368604384286e-01 
       6.730870221969e+00       2.417927989136e-01 
       8.473663565925e+00       1.331574121248e-01 
