# Matter power spectrum P(k) at redshift z=4
# for k=1.04437e-05 to 8.47366 h/Mpc,
# number of wavenumbers equal to 612
#    1:k (h/Mpc)              2:P (Mpc/h)^3        
       1.044373177903e-05       3.368196264850e+00 
       2.330927604903e-05       7.290922494192e+00 
       3.621997333865e-05       1.114044330943e+01 
       4.921047778906e-05       1.495999336253e+01 
       6.231601551152e-05       1.877390928040e+01 
       7.557269794060e-05       2.260026838838e+01 
       8.901784518625e-05       2.645442505441e+01 
       1.026903236755e-04       3.035045509733e+01 
       1.166309024082e-04       3.430189269568e+01 
       1.308826321835e-04       3.832217390279e+01 
       1.454912521628e-04       4.242494236480e+01 
       1.605056280722e-04       4.662428539200e+01 
       1.759782261780e-04       5.093493416460e+01 
       1.919656267993e-04       5.537244533807e+01 
       2.085290804757e-04       5.995337448344e+01 
       2.257351088475e-04       6.469544693924e+01 
       2.436561506599e-04       6.961772892374e+01 
       2.623712508693e-04       7.474079961680e+01 
       2.819667873218e-04       8.008692407061e+01 
       3.025372245862e-04       8.568022251433e+01 
       3.241858778616e-04       9.154683306218e+01 
       3.470256610625e-04       9.771505745150e+01 
       3.711797818235e-04       1.042154806653e+02 
       3.967823320131e-04       1.110810485294e+02 
       4.239787054162e-04       1.183470834262e+02 
       4.529257550406e-04       1.260512143859e+02 
       4.837915823589e-04       1.342331915327e+02 
       5.167548321797e-04       1.429345526055e+02 
       5.520033538042e-04       1.521981054939e+02 
       5.897320873923e-04       1.620671944921e+02 
       6.301400513409e-04       1.725847247293e+02 
       6.734263498083e-04       1.837919331527e+02 
       7.197851957643e-04       1.957269216155e+02 
       7.694000560484e-04       2.084229993720e+02 
       8.224371645858e-04       2.219069226444e+02 
       8.790388005590e-04       2.361971558371e+02 
       9.393168607785e-04       2.513023191724e+02 
       1.003347333412e-03       2.672199917822e+02 
       1.071166270046e-03       2.839360284432e+02 
       1.142767736947e-03       3.014245019311e+02 
       1.218104013123e-03       3.196483140951e+02 
       1.297088030040e-03       3.385604274499e+02 
       1.379597773116e-03       3.581047245745e+02 
       1.465482147216e-03       3.782187540505e+02 
       1.554567688694e-03       3.988387901313e+02 
       1.646665496857e-03       4.198974890156e+02 
       1.741577841598e-03       4.413274895942e+02 
       1.839104046123e-03       4.630629526725e+02 
       1.939045405158e-03       4.850407542917e+02 
       2.041209047508e-03       5.072013351387e+02 
       2.145410768168e-03       5.294892298645e+02 
       2.251476932713e-03       5.518533132114e+02 
       2.359245598051e-03       5.742469825910e+02 
       2.468567006640e-03       5.966279377503e+02 
       2.579303604901e-03       6.189581488648e+02 
       2.691329719073e-03       6.412036503565e+02 
       2.804530999458e-03       6.633342778355e+02 
       2.918803721038e-03       6.853232598069e+02 
       3.034054007417e-03       7.071472717895e+02 
       3.150197027005e-03       7.287857723043e+02 
       3.267156195714e-03       7.502210743119e+02 
       3.384862409045e-03       7.714377989917e+02 
       3.503253317780e-03       7.924229022873e+02 
       3.622272655202e-03       8.131650347411e+02 
       3.741869619321e-03       8.336548550713e+02 
       3.861998310469e-03       8.538842674003e+02 
       3.982617222655e-03       8.738466483391e+02 
       4.103688785824e-03       8.935363402197e+02 
       4.225178955423e-03       9.129491755807e+02 
       4.347056845410e-03       9.320811831790e+02 
       4.469294400732e-03       9.509297931198e+02 
       4.591866105418e-03       9.694926284544e+02 
       4.714748722622e-03       9.877682869264e+02 
       4.837921063216e-03       1.005755771025e+03 
       4.961363779812e-03       1.023454515097e+03 
       5.085059183374e-03       1.040864308084e+03 
       5.208991079894e-03       1.057985501842e+03 
       5.333144624820e-03       1.074818434462e+03 
       5.457506193240e-03       1.091364561621e+03 
       5.582063263989e-03       1.107624584092e+03 
       5.706804316112e-03       1.123599994064e+03 
       5.831718736247e-03       1.139292701262e+03 
       5.956796735702e-03       1.154703648600e+03 
       6.082029276119e-03       1.169835967979e+03 
       6.207408002756e-03       1.184690868618e+03 
       6.332925184544e-03       1.199270265047e+03 
       6.458573660149e-03       1.213576480827e+03 
       6.584346789399e-03       1.227612331214e+03 
       6.710238409469e-03       1.241379494647e+03 
       6.836242795317e-03       1.254878707697e+03 
       6.962354623925e-03       1.268110407982e+03 
       7.088568941917e-03       1.281076532202e+03 
       7.214881136221e-03       1.293780992331e+03 
       7.341286907449e-03       1.306225675285e+03 
       7.467782245706e-03       1.318413952707e+03 
       7.594363408599e-03       1.330348927691e+03 
       7.721026901212e-03       1.342033099331e+03 
       7.847769457842e-03       1.353468555274e+03 
       7.974588025348e-03       1.364659575997e+03 
       8.101479747930e-03       1.375608252812e+03 
       8.228441953207e-03       1.386316884426e+03 
       8.355472139485e-03       1.396789462274e+03 
       8.482567964073e-03       1.407028480725e+03 
       8.609727232581e-03       1.417036900934e+03 
       8.736947889087e-03       1.426817027741e+03 
       8.864228007095e-03       1.436371747065e+03 
       8.991565781234e-03       1.445704442248e+03 
       9.118959519597e-03       1.454817405171e+03 
       9.246407636696e-03       1.463713753486e+03 
       9.373908646961e-03       1.472396024462e+03 
       9.501461158736e-03       1.480867139323e+03 
       9.629063868741e-03       1.489128818510e+03 
       9.756715556949e-03       1.497189213143e+03 
       9.884415081846e-03       1.505045253290e+03 
       1.001216137605e-02       1.512696556378e+03 
       1.013995344226e-02       1.520150847387e+03 
       1.026779034945e-02       1.527408422077e+03 
       1.039567122945e-02       1.534473242530e+03 
       1.052359527365e-02       1.541346458600e+03 
       1.065156173003e-02       1.548030334208e+03 
       1.077956990033e-02       1.554527791977e+03 
       1.090761913753e-02       1.560840141532e+03 
       1.103570884337e-02       1.566969442427e+03 
       1.116383846614e-02       1.572918093588e+03 
       1.129200749860e-02       1.578687898785e+03 
       1.142021547607e-02       1.584280242262e+03 
       1.154846197458e-02       1.589697184378e+03 
       1.167674660921e-02       1.594940902216e+03 
       1.180506903257e-02       1.600012401173e+03 
       1.193342893331e-02       1.604913782566e+03 
       1.206182603478e-02       1.609647165129e+03 
       1.219026009379e-02       1.614212946319e+03 
       1.231873089943e-02       1.618614102592e+03 
       1.244723827200e-02       1.622851134097e+03 
       1.257578206201e-02       1.626927361428e+03 
       1.270436214921e-02       1.630843263619e+03 
       1.283297844177e-02       1.634601243340e+03 
       1.296163087546e-02       1.638202841783e+03 
       1.309031941289e-02       1.641649890552e+03 
       1.321904404286e-02       1.644944842687e+03 
       1.334780477969e-02       1.648088895183e+03 
       1.347660166266e-02       1.651084248664e+03 
       1.360543475546e-02       1.653933194488e+03 
       1.373430414573e-02       1.656636929009e+03 
       1.386320994454e-02       1.659198330191e+03 
       1.399215228605e-02       1.661618393655e+03 
       1.412113132712e-02       1.663899533847e+03 
       1.425014724695e-02       1.666044216912e+03 
       1.437920024678e-02       1.668053862517e+03 
       1.450829054966e-02       1.669930744314e+03 
       1.463741840014e-02       1.671676316624e+03 
       1.476658406415e-02       1.673292619608e+03 
       1.489578782874e-02       1.674781627393e+03 
       1.502503000195e-02       1.676144899786e+03 
       1.515431091271e-02       1.677384659459e+03 
       1.528363091071e-02       1.678502515443e+03 
       1.541299036631e-02       1.679499687959e+03 
       1.554238967050e-02       1.680378101308e+03 
       1.567182923490e-02       1.681139101836e+03 
       1.580130949166e-02       1.681784481705e+03 
       1.593083089358e-02       1.682314749861e+03 
       1.606039391403e-02       1.682731475483e+03 
       1.618999904709e-02       1.683036458744e+03 
       1.631964680757e-02       1.683230210877e+03 
       1.644933773112e-02       1.683314956571e+03 
       1.657907237430e-02       1.683291737061e+03 
       1.670885131477e-02       1.683161300712e+03 
       1.683867515137e-02       1.682927860878e+03 
       1.696854450431e-02       1.682588122009e+03 
       1.709846001535e-02       1.682146659460e+03 
       1.722842234799e-02       1.681604528298e+03 
       1.735843218768e-02       1.680962857194e+03 
       1.748849024205e-02       1.680222598615e+03 
       1.761859724115e-02       1.679387312915e+03 
       1.774875393773e-02       1.678456242864e+03 
       1.787896110751e-02       1.677430932795e+03 
       1.800921954946e-02       1.676313884817e+03 
       1.813953008614e-02       1.675106037574e+03 
       1.826989356401e-02       1.673810134791e+03 
       1.840031085378e-02       1.672425545271e+03 
       1.853078285078e-02       1.670954658641e+03 
       1.866131047532e-02       1.669399539546e+03 
       1.879189467311e-02       1.667761167331e+03 
       1.892253641567e-02       1.666038681020e+03 
       1.905323670074e-02       1.664237670814e+03 
       1.918399655274e-02       1.662355197483e+03 
       1.931481702324e-02       1.660393900905e+03 
       1.944569919147e-02       1.658357214205e+03 
       1.957664416474e-02       1.656242776855e+03 
       1.970765307907e-02       1.654057654755e+03 
       1.983872709964e-02       1.651794268650e+03 
       1.996986742140e-02       1.649458793867e+03 
       2.010107526963e-02       1.647053240804e+03 
       2.023235190053e-02       1.644576226011e+03 
       2.036369860188e-02       1.642030397392e+03 
       2.049511669362e-02       1.639418014194e+03 
       2.062660752855e-02       1.636735143552e+03 
       2.075817249303e-02       1.633990051548e+03 
       2.088981300761e-02       1.631177100533e+03 
       2.102153052786e-02       1.628306029270e+03 
       2.115332654505e-02       1.625369757182e+03 
       2.128520258694e-02       1.622373409829e+03 
       2.141716021860e-02       1.619315390134e+03 
       2.154920104321e-02       1.616202241661e+03 
       2.168132670293e-02       1.613029540497e+03 
       2.181353887980e-02       1.609800933970e+03 
       2.194583929658e-02       1.606517259224e+03 
       2.207822971775e-02       1.603180292542e+03 
       2.221071195046e-02       1.599790453081e+03 
       2.234328784549e-02       1.596346656304e+03 
       2.247595929832e-02       1.592855275721e+03 
       2.260872825016e-02       1.589309064072e+03 
       2.274159668906e-02       1.585716366143e+03 
       2.287456665102e-02       1.582077014446e+03 
       2.300764022116e-02       1.578389310035e+03 
       2.314081953489e-02       1.574654728703e+03 
       2.327410677919e-02       1.570869800271e+03 
       2.340750419386e-02       1.567049370073e+03 
       2.354101407282e-02       1.563191534634e+03 
       2.367463876549e-02       1.559276514212e+03 
       2.380838067815e-02       1.555327968686e+03 
       2.394224227544e-02       1.551338925405e+03 
       2.407622608180e-02       1.547310170072e+03 
       2.421033468303e-02       1.543239631548e+03 
       2.434457072787e-02       1.539133187761e+03 
       2.447893692961e-02       1.534989413887e+03 
       2.461343606785e-02       1.530814369089e+03 
       2.474807099017e-02       1.526600212003e+03 
       2.488284461397e-02       1.522350829553e+03 
       2.501775992833e-02       1.518076040274e+03 
       2.515281999593e-02       1.513762648986e+03 
       2.528802795504e-02       1.509419347562e+03 
       2.542338702155e-02       1.505044571317e+03 
       2.555890049113e-02       1.500637835603e+03 
       2.569457174141e-02       1.496205822725e+03 
       2.583040423424e-02       1.491746735199e+03 
       2.596640151804e-02       1.487256617309e+03 
       2.610256723024e-02       1.482742603462e+03 
       2.623890509977e-02       1.478199544346e+03 
       2.637541894967e-02       1.473634411483e+03 
       2.651211269979e-02       1.469043559257e+03 
       2.664899036956e-02       1.464428489852e+03 
       2.678605608087e-02       1.459789612098e+03 
       2.692331406106e-02       1.455129691143e+03 
       2.706076864602e-02       1.450448940821e+03 
       2.719842428338e-02       1.445749304391e+03 
       2.733628553587e-02       1.441025365939e+03 
       2.747435708469e-02       1.436289036462e+03 
       2.761264373316e-02       1.431521220001e+03 
       2.775115041037e-02       1.426744053615e+03 
       2.788988217504e-02       1.421949621092e+03 
       2.802884421952e-02       1.417137541643e+03 
       2.816804187389e-02       1.412308792508e+03 
       2.830748061029e-02       1.407463434438e+03 
       2.844716604739e-02       1.402605017082e+03 
       2.858710395498e-02       1.397733329507e+03 
       2.872730025884e-02       1.392848290205e+03 
       2.886776104571e-02       1.387943179964e+03 
       2.900849256850e-02       1.383030400065e+03 
       2.914950125174e-02       1.378107239325e+03 
       2.929079369716e-02       1.373169444720e+03 
       2.943237668961e-02       1.368226666149e+03 
       2.957425720311e-02       1.363266234382e+03 
       2.971644240725e-02       1.358297209317e+03 
       2.985893967380e-02       1.353320257942e+03 
       3.000175658358e-02       1.348332461472e+03 
       3.014490093370e-02       1.343337993740e+03 
       3.028838074505e-02       1.338338052446e+03 
       3.043220427012e-02       1.333325938217e+03 
       3.057638000114e-02       1.328308365236e+03 
       3.072091667867e-02       1.323286801630e+03 
       3.086582330044e-02       1.318255880735e+03 
       3.101110913069e-02       1.313220768659e+03 
       3.115678370990e-02       1.308180826666e+03 
       3.130285686491e-02       1.303136960649e+03 
       3.144933871959e-02       1.298085267273e+03 
       3.159623970596e-02       1.293031416912e+03 
       3.174357057585e-02       1.287975824437e+03 
       3.189134241305e-02       1.282912972945e+03 
       3.203956664613e-02       1.277852642069e+03 
       3.218825506183e-02       1.272782267847e+03 
       3.233741981911e-02       1.267714777212e+03 
       3.248707346385e-02       1.262644241266e+03 
       3.263722894438e-02       1.257573784015e+03 
       3.278789962764e-02       1.252496355013e+03 
       3.293909931633e-02       1.247424761792e+03 
       3.309084226679e-02       1.242348702444e+03 
       3.324314320788e-02       1.237274131950e+03 
       3.339601736080e-02       1.232198726997e+03 
       3.354948046004e-02       1.227120483321e+03 
       3.370354877532e-02       1.222045662757e+03 
       3.385823913482e-02       1.216969802135e+03 
       3.401356894961e-02       1.211897994157e+03 
       3.416955623944e-02       1.206823470293e+03 
       3.432621966000e-02       1.201751241820e+03 
       3.448357853164e-02       1.196679527681e+03 
       3.464165286981e-02       1.191611732559e+03 
       3.480046341713e-02       1.186543430744e+03 
       3.496003167748e-02       1.181473959822e+03 
       3.512037995195e-02       1.176411351619e+03 
       3.528153137701e-02       1.171349583684e+03 
       3.544350996498e-02       1.166289654020e+03 
       3.560634064689e-02       1.161231808244e+03 
       3.577004931807e-02       1.156175469934e+03 
       3.593466288655e-02       1.151121910049e+03 
       3.610020932449e-02       1.146074252035e+03 
       3.626671772294e-02       1.141025410136e+03 
       3.643421835010e-02       1.135980452885e+03 
       3.660274271347e-02       1.130939132552e+03 
       3.677232362602e-02       1.125900013444e+03 
       3.694299527692e-02       1.120861668903e+03 
       3.711479330703e-02       1.115826792287e+03 
       3.728775488961e-02       1.110797180311e+03 
       3.746191881667e-02       1.105765444928e+03 
       3.763732559147e-02       1.100738500466e+03 
       3.781401752768e-02       1.095711778124e+03 
       3.799203885571e-02       1.090690881351e+03 
       3.817143583699e-02       1.085667056823e+03 
       3.835225688674e-02       1.080652068288e+03 
       3.853455270617e-02       1.075635279037e+03 
       3.871837642481e-02       1.070621480518e+03 
       3.890378375402e-02       1.065606980366e+03 
       3.909083315280e-02       1.060597277694e+03 
       3.927958600685e-02       1.055585198338e+03 
       3.947010682245e-02       1.050578567894e+03 
       3.966246343644e-02       1.045566306118e+03 
       3.985672724402e-02       1.040557500597e+03 
       4.005297344610e-02       1.035549132321e+03 
       4.025128131841e-02       1.030539774267e+03 
       4.045173450437e-02       1.025530615914e+03 
       4.065442133470e-02       1.020519644548e+03 
       4.085943517620e-02       1.015507401079e+03 
       4.106687481340e-02       1.010492020423e+03 
       4.127684486649e-02       1.005474953451e+03 
       4.148945624986e-02       1.000454339197e+03 
       4.170482667596e-02       9.954278450950e+02 
       4.192308120988e-02       9.904015637437e+02 
       4.214435288092e-02       9.853689949016e+02 
       4.236878335811e-02       9.803304968215e+02 
       4.259652369772e-02       9.752857486114e+02 
       4.282773517230e-02       9.702329753997e+02 
       4.306259019159e-02       9.651719569209e+02 
       4.330127332796e-02       9.601035685594e+02 
       4.354398246051e-02       9.550257427160e+02 
       4.379093005442e-02       9.499362894261e+02 
       4.404234459494e-02       9.448342994654e+02 
       4.429847219857e-02       9.397197269439e+02 
       4.455957842772e-02       9.345891396563e+02 
       4.482595034003e-02       9.294445416362e+02 
       4.509789880893e-02       9.242833162372e+02 
       4.537576115858e-02       9.191015444362e+02 
       4.565990416469e-02       9.139017904643e+02 
       4.595072748235e-02       9.086727960425e+02 
       4.624866757410e-02       9.034259346089e+02 
       4.655420222597e-02       8.981506686316e+02 
       4.686785575741e-02       8.928456041631e+02 
       4.719020505321e-02       8.875103058451e+02 
       4.752188657294e-02       8.821357658430e+02 
       4.786360452786e-02       8.767283986627e+02 
       4.821614045798e-02       8.712766057051e+02 
       4.858036449574e-02       8.657808531798e+02 
       4.895724867030e-02       8.602352693078e+02 
       4.934788269206e-02       8.546300317869e+02 
       4.975349276556e-02       8.489706011909e+02 
       5.017546411647e-02       8.432420864916e+02 
       5.061536809470e-02       8.374403559440e+02 
       5.107499493909e-02       8.315560814171e+02 
       5.155639357474e-02       8.255800896426e+02 
       5.206192017583e-02       8.194995775810e+02 
       5.259429768121e-02       8.133069761317e+02 
       5.315668901376e-02       8.069792187726e+02 
       5.375278743296e-02       8.005027397083e+02 
       5.438692822797e-02       7.938539886430e+02 
       5.506422676549e-02       7.869998912826e+02 
       5.579074855481e-02       7.799125463369e+02 
       5.657371705701e-02       7.725403205911e+02 
       5.742176355151e-02       7.648328058178e+02 
       5.834521870770e-02       7.567106566186e+02 
       5.935643425043e-02       7.480763380689e+02 
       6.047009938112e-02       7.388013493546e+02 
       6.170347117656e-02       7.287147599854e+02 
       6.307635956409e-02       7.175789910322e+02 
       6.461059040788e-02       7.050980313071e+02 
       6.632854231659e-02       6.908846819118e+02 
       6.825032862011e-02       6.744860801329e+02 
       7.038952468941e-02       6.554169507313e+02 
       7.274828207117e-02       6.332777047576e+02 
       7.531397161699e-02       6.079018872825e+02 
       7.805986058196e-02       5.795111124720e+02 
       8.095041121249e-02       5.487800130702e+02 
       8.394870119461e-02       5.167599410185e+02 
       8.702237710994e-02       4.846951802455e+02 
       9.014635550028e-02       4.538114079177e+02 
       9.330279004634e-02       4.251431383567e+02 
       9.647969975338e-02       3.994311483718e+02 
       9.966934070826e-02       3.770868809688e+02 
       1.028668270596e-01       3.582059555511e+02 
       1.060691223257e-01       3.426122943528e+02 
       1.092743568048e-01       3.299174528226e+02 
       1.124813856850e-01       3.195808339447e+02 
       1.156895103225e-01       3.109754543627e+02 
       1.188983051416e-01       3.034445305030e+02 
       1.221075111280e-01       2.963621544195e+02 
       1.253169706603e-01       2.891850618770e+02 
       1.285265877700e-01       2.814985103602e+02 
       1.317363039568e-01       2.730463285971e+02 
       1.349460834879e-01       2.637399180654e+02 
       1.381559044675e-01       2.536504660333e+02 
       1.413657534140e-01       2.429775890194e+02 
       1.445756219677e-01       2.320090860906e+02 
       1.477855048910e-01       2.210737422457e+02 
       1.509953988538e-01       2.104971039956e+02 
       1.542053016953e-01       2.005650803452e+02 
       1.574152119755e-01       1.914975042857e+02 
       1.606251287009e-01       1.834339683477e+02 
       1.638350511588e-01       1.764295723988e+02 
       1.670449788144e-01       1.704597444663e+02 
       1.702549112486e-01       1.654315819249e+02 
       1.734648481192e-01       1.611988070009e+02 
       1.766747891369e-01       1.575797194766e+02 
       1.798847340501e-01       1.543759097426e+02 
       1.830946826356e-01       1.514008033111e+02 
       1.863046346915e-01       1.484955098637e+02 
       1.895145900340e-01       1.454689996067e+02 
       1.927245484936e-01       1.422159150567e+02 
       1.959345099137e-01       1.386824978639e+02 
       1.991444741485e-01       1.348667622069e+02 
       2.023544410622e-01       1.308101551592e+02 
       2.055644105278e-01       1.265883084597e+02 
       2.087743824264e-01       1.222976309023e+02 
       2.119843566465e-01       1.180417252012e+02 
       2.151943330832e-01       1.139196342441e+02 
       2.184043116381e-01       1.100163109590e+02 
       2.216142922184e-01       1.063961365737e+02 
       2.248242747367e-01       1.030994457769e+02 
       2.280342591106e-01       1.001420961244e+02 
       2.312442452623e-01       9.751691482161e+01 
       2.344542331182e-01       9.519597717323e+01 
       2.376642226089e-01       9.313589013595e+01 
       2.408742136685e-01       9.128200217212e+01 
       2.440842062347e-01       8.957426125940e+01 
       2.472942002486e-01       8.795192552876e+01 
       2.505041956540e-01       8.635940058592e+01 
       2.537141923979e-01       8.475001566839e+01 
       2.569241904297e-01       8.308962172651e+01 
       2.601341897015e-01       8.135844366230e+01 
       2.633441901676e-01       7.955148463633e+01 
       2.665541917848e-01       7.767752549796e+01 
       2.697641945115e-01       7.575610430697e+01 
       2.729741983085e-01       7.381504393782e+01 
       2.761842031383e-01       7.188588054105e+01 
       2.793942089649e-01       7.000046883024e+01 
       2.826042157543e-01       6.818754709002e+01 
       2.858142234739e-01       6.646969734458e+01 
       2.890242320924e-01       6.486248081369e+01 
       2.922342415802e-01       6.337327486236e+01 
       2.954442519086e-01       6.200131294068e+01 
       2.986542630505e-01       6.073890217510e+01 
       3.018642749798e-01       5.957271427557e+01 
       3.050742876715e-01       5.848549373890e+01 
       3.082843011016e-01       5.745813661097e+01 
       3.114943152472e-01       5.647093950016e+01 
       3.147043300863e-01       5.550629296865e+01 
       3.179143455977e-01       5.454910333842e+01 
       3.211243617613e-01       5.358774987033e+01 
       3.243343785576e-01       5.261554822126e+01 
       3.275443959678e-01       5.162975505518e+01 
       3.307544139741e-01       5.063173491768e+01 
       3.339644325590e-01       4.962628770644e+01 
       3.371744517061e-01       4.862074838520e+01 
       3.403844713994e-01       4.762395613537e+01 
       3.435944916234e-01       4.664509125441e+01 
       3.468045123634e-01       4.569281214574e+01 
       3.500145336051e-01       4.477462813744e+01 
       3.532245553348e-01       4.389588893659e+01 
       3.564345775392e-01       4.305959138727e+01 
       3.596446002056e-01       4.226656384201e+01 
       3.628546233216e-01       4.151514874498e+01 
       3.660646468753e-01       4.080181453871e+01 
       3.692746708554e-01       4.012164485351e+01 
       3.724846952507e-01       3.946873297503e+01 
       3.756947200505e-01       3.883729077994e+01 
       3.789047452446e-01       3.822086938807e+01 
       3.821147708228e-01       3.761493739904e+01 
       3.853247967757e-01       3.701542609113e+01 
       3.885348230939e-01       3.641962003760e+01 
       3.917448497683e-01       3.582620052240e+01 
       3.949548767902e-01       3.523506708063e+01 
       3.981649041512e-01       3.464717941759e+01 
       4.013749318432e-01       3.406431099898e+01 
       4.045849598582e-01       3.348856262530e+01 
       4.077949881885e-01       3.292236856568e+01 
       4.110050168268e-01       3.236802069874e+01 
       4.142150457659e-01       3.182760321186e+01 
       4.174250749987e-01       3.130243593760e+01 
       4.206351045186e-01       3.079364665107e+01 
       4.238451343190e-01       3.030154112750e+01 
       4.270551643935e-01       2.982622648847e+01 
       4.302651947360e-01       2.936680338857e+01 
       4.334752253405e-01       2.892229145110e+01 
       4.366852562012e-01       2.849131563231e+01 
       4.398952873125e-01       2.807233952824e+01 
       4.431053186690e-01       2.766372130462e+01 
       4.463153502652e-01       2.726389101680e+01 
       4.495253820961e-01       2.687134428662e+01 
       4.527354141566e-01       2.648490289676e+01 
       4.559454464419e-01       2.610363527699e+01 
       4.591554789473e-01       2.572693030131e+01 
       4.623655116681e-01       2.535450621925e+01 
       4.655755445999e-01       2.498642899303e+01 
       4.687855777383e-01       2.462300760735e+01 
       4.719956110791e-01       2.426476198366e+01 
       4.752056446181e-01       2.391237182057e+01 
       4.784156783515e-01       2.356650614728e+01 
       4.816257122752e-01       2.322781718064e+01 
       4.848357463856e-01       2.289684941824e+01 
       4.880457806788e-01       2.257395155256e+01 
       4.912558151513e-01       2.225925446772e+01 
       4.944658497996e-01       2.195270385999e+01 
       4.976758846203e-01       2.165400613188e+01 
       5.008859196100e-01       2.136269773858e+01 
       5.040959547656e-01       2.107820046102e+01 
       5.073059900838e-01       2.079985254218e+01 
       5.105160255616e-01       2.052699749371e+01 
       5.137260611959e-01       2.025901734822e+01 
       5.169360969839e-01       1.999538945044e+01 
       5.201461329228e-01       1.973571416841e+01 
       5.233561690096e-01       1.947971791492e+01 
       5.265662052417e-01       1.922726607662e+01 
       5.297762416165e-01       1.897833805377e+01 
       5.329862781314e-01       1.873301525691e+01 
       5.361963147838e-01       1.849142530009e+01 
       5.394063515712e-01       1.825373691649e+01 
       5.426163884914e-01       1.802010922312e+01 
       5.458264255419e-01       1.779067684792e+01 
       5.490364627204e-01       1.756553885998e+01 
       5.522465000247e-01       1.734473464347e+01 
       5.554565374526e-01       1.712824866171e+01 
       5.586665750020e-01       1.691602651020e+01 
       5.618766126708e-01       1.670797092517e+01 
       5.650866504569e-01       1.650392278751e+01 
       5.682966883583e-01       1.630372492195e+01 
       5.715067263732e-01       1.610720781770e+01 
       5.747167644996e-01       1.591416883278e+01 
       5.779268027356e-01       1.572444553866e+01 
       5.811368410794e-01       1.553785040702e+01 
       5.843468795292e-01       1.535423305520e+01 
       5.875569180833e-01       1.517345377911e+01 
       5.907669567400e-01       1.499539850085e+01 
       5.939769954977e-01       1.481998141721e+01 
       5.971870343546e-01       1.464716604842e+01 
       6.003970733091e-01       1.447691390781e+01 
       6.036071123599e-01       1.430919423066e+01 
       6.068171515052e-01       1.414402977939e+01 
       6.100271907436e-01       1.398143775296e+01 
       6.132372300736e-01       1.382144172004e+01 
       6.164472694938e-01       1.366401746319e+01 
       6.196573090028e-01       1.350919432606e+01 
       6.228673485993e-01       1.335694525611e+01 
       6.260773882818e-01       1.320725419920e+01 
       6.292874280490e-01       1.306005204803e+01 
       6.324974678997e-01       1.291529508088e+01 
       6.357075078326e-01       1.277290144399e+01 
       6.389175478464e-01       1.263277763358e+01 
       6.421275879400e-01       1.249485094173e+01 
       6.453376281120e-01       1.235904089829e+01 
       6.485476683615e-01       1.222527013565e+01 
       6.517577086871e-01       1.209347392369e+01 
       6.549677490879e-01       1.196359541830e+01 
       6.581777895627e-01       1.183557969254e+01 
       6.613878301103e-01       1.170939856370e+01 
       6.645978707298e-01       1.158502052295e+01 
       6.678079114202e-01       1.146241870736e+01 
       6.710179521803e-01       1.134158123837e+01 
       6.742279930092e-01       1.122247390026e+01 
       6.774380339060e-01       1.110509713076e+01 
       6.806480748696e-01       1.098942646668e+01 
       6.838581158991e-01       1.087545110950e+01 
       6.870681569936e-01       1.076314916878e+01 
       6.902781981522e-01       1.065248226976e+01 
       6.934882393739e-01       1.054344856373e+01 
       6.966982806580e-01       1.043601062559e+01 
       6.999083220035e-01       1.033013385674e+01 
       7.031183634097e-01       1.022579154418e+01 
       7.063284048756e-01       1.012294486145e+01 
       7.095384464005e-01       1.002155346086e+01 
       7.127484879835e-01       9.921581829344e+00 
       7.159585296239e-01       9.823002297772e+00 
       7.191685713210e-01       9.725770843887e+00 
       7.223786130739e-01       9.629866171864e+00 
       7.255886548819e-01       9.535255792279e+00 
       7.287986967443e-01       9.441924573789e+00 
       7.320087386603e-01       9.349839615959e+00 
       7.352187806293e-01       9.258987329619e+00 
       7.384288226506e-01       9.169350557759e+00 
       7.416388647235e-01       9.080926294091e+00 
       7.448489068473e-01       8.993667833204e+00 
       7.480589490214e-01       8.907590514803e+00 
       7.512689912451e-01       8.822661971285e+00 
       7.544790335177e-01       8.738868353816e+00 
       8.247464020034e-01       7.152893598264e+00 
       9.266207651272e-01       5.488879078304e+00 
       1.088781564011e+00       3.785276216687e+00 
       1.344642259170e+00       2.308513491126e+00 
       1.690745305064e+00       1.337074736980e+00 
       2.128488139546e+00       7.652852117758e-01 
       2.679607699468e+00       4.344322063054e-01 
       3.373426226453e+00       2.447996782117e-01 
       4.246892001294e+00       1.370189757631e-01 
       5.346520261575e+00       7.622397130665e-02 
       6.730870221969e+00       4.216704236813e-02 
       8.473663565925e+00       2.320743875724e-02 
