# Matter power spectrum P(k) at redshift z=4
# for k=1.04437e-05 to 8.47306 h/Mpc,
# number of wavenumbers equal to 612
#    1:k (h/Mpc)              2:P (Mpc/h)^3        
       1.044373177903e-05       3.920729000334e+00 
       2.330863537068e-05       7.069051612296e+00 
       3.621868663117e-05       1.108845041259e+01 
       4.920853451248e-05       1.499245627494e+01 
       6.231339980672e-05       1.878886196290e+01 
       7.556938842102e-05       2.261352454269e+01 
       8.901381464780e-05       2.644706857459e+01 
       1.026855387201e-04       3.035133377174e+01 
       1.166253229746e-04       3.428325005395e+01 
       1.308762109776e-04       3.829276691401e+01 
       1.454839339779e-04       4.238437605794e+01 
       1.604973489896e-04       4.659132462728e+01 
       1.759689126343e-04       5.089725473931e+01 
       1.919551945090e-04       5.532391601679e+01 
       2.085174331949e-04       5.990425979987e+01 
       2.257221369641e-04       6.464433317649e+01 
       2.436417296000e-04       6.956379811543e+01 
       2.623552393076e-04       7.468309532435e+01 
       2.819490251928e-04       8.002840495113e+01 
       3.025175308975e-04       8.561974977490e+01 
       3.241640483247e-04       9.148301441556e+01 
       3.470014655728e-04       9.765111695181e+01 
       3.711529618447e-04       1.041502671754e+02 
       3.967525979545e-04       1.110138139819e+02 
       4.239457341305e-04       1.182803211225e+02 
       4.528891876214e-04       1.259863553519e+02 
       4.837510224735e-04       1.341700344063e+02 
       5.167098452353e-04       1.428756400200e+02 
       5.519534672995e-04       1.521445868633e+02 
       5.896767928497e-04       1.620222447726e+02 
       6.300788082150e-04       1.725498332954e+02 
       6.733585917181e-04       1.837702209785e+02 
       7.197103392683e-04       1.957236557355e+02 
       7.693175119673e-04       2.084417028416e+02 
       8.223463515743e-04       2.219542644391e+02 
       8.789391602777e-04       2.362794791129e+02 
       9.392078736640e-04       2.514274949445e+02 
       1.003228533781e-03       2.673963357906e+02 
       1.071037259171e-03       2.841734707569e+02 
       1.142628192868e-03       3.017332233821e+02 
       1.217953696304e-03       3.200393860888e+02 
       1.296926784502e-03       3.390452047894e+02 
       1.379425523210e-03       3.586949365088e+02 
       1.465298890741e-03       3.789252637256e+02 
       1.554373487338e-03       3.996723842327e+02 
       1.646460465116e-03       4.208683815760e+02 
       1.741362135232e-03       4.424443255786e+02 
       1.838877851048e-03       4.643335405556e+02 
       1.938808927383e-03       4.864713612925e+02 
       2.040962504488e-03       5.087966192349e+02 
       2.145154381719e-03       5.312535453225e+02 
       2.251210923456e-03       5.537893201955e+02 
       2.358970181254e-03       5.763563363550e+02 
       2.468282389267e-03       5.989118485010e+02 
       2.579009983657e-03       6.214175189517e+02 
       2.691027279241e-03       6.438391436128e+02 
       2.804219914343e-03       6.661464807415e+02 
       2.918484151863e-03       6.883129775281e+02 
       3.033726103536e-03       7.103154974069e+02 
       3.149860926338e-03       7.321341855744e+02 
       3.266812025326e-03       7.537498922330e+02 
       3.384510285802e-03       7.751481398877e+02 
       3.502893349042e-03       7.963166247922e+02 
       3.621904939533e-03       8.172428286116e+02 
       3.741494247176e-03       8.379173768369e+02 
       3.861615364856e-03       8.583312546224e+02 
       3.982226779769e-03       8.784801081146e+02 
       4.103290915627e-03       8.983531943476e+02 
       4.224773722193e-03       9.179518748971e+02 
       4.346644308240e-03       9.372669572645e+02 
       4.468874613990e-03       9.563003773679e+02 
       4.591439119167e-03       9.750461784591e+02 
       4.714314583002e-03       9.935018857380e+02 
       4.837479812791e-03       1.011668308883e+03 
       4.960915457882e-03       1.029543779107e+03 
       5.084603826267e-03       1.047129896584e+03 
       5.208528721218e-03       1.064426617790e+03 
       5.332675295699e-03       1.081433188542e+03 
       5.457029922526e-03       1.098149561236e+03 
       5.581580078455e-03       1.114580509272e+03 
       5.706314240622e-03       1.130720799108e+03 
       5.831221793918e-03       1.146581518326e+03 
       5.956292948043e-03       1.162155729410e+03 
       6.081518663161e-03       1.177447554292e+03 
       6.206890583171e-03       1.192462097583e+03 
       6.332400975749e-03       1.207200821143e+03 
       6.458042678406e-03       1.221659740517e+03 
       6.583809049900e-03       1.235848741691e+03 
       6.709693926418e-03       1.249767626153e+03 
       6.835691582006e-03       1.263415397925e+03 
       6.961796692795e-03       1.276801717582e+03 
       7.088004304625e-03       1.289925083191e+03 
       7.214309803691e-03       1.302782825752e+03 
       7.340708889925e-03       1.315383421766e+03 
       7.467197552800e-03       1.327731495970e+03 
       7.593772049333e-03       1.339823121484e+03 
       7.720428884055e-03       1.351665121398e+03 
       7.847164790751e-03       1.363258384995e+03 
       7.973976715797e-03       1.374608727875e+03 
       8.100861802942e-03       1.385713359523e+03 
       8.227817379383e-03       1.396578103143e+03 
       8.354840943028e-03       1.407202819106e+03 
       8.481930150815e-03       1.417595869514e+03 
       8.609082808003e-03       1.427753903546e+03 
       8.736296858337e-03       1.437682863773e+03 
       8.863570375013e-03       1.447385739034e+03 
       8.990901552363e-03       1.456859979436e+03 
       9.118288698205e-03       1.466113957074e+03 
       9.245730226786e-03       1.475145748067e+03 
       9.373224652288e-03       1.483961129990e+03 
       9.500770582819e-03       1.492559982949e+03 
       9.628366714874e-03       1.500947308297e+03 
       9.756011828214e-03       1.509123651639e+03 
       9.883704781122e-03       1.517095841965e+03 
       1.001144450602e-02       1.524857314571e+03 
       1.013923000543e-02       1.532415865018e+03 
       1.026706034814e-02       1.539776841990e+03 
       1.039493466583e-02       1.546935831565e+03 
       1.052285214971e-02       1.553899300790e+03 
       1.065081204760e-02       1.560668922762e+03 
       1.077881366112e-02       1.567245437295e+03 
       1.090685634309e-02       1.573635413022e+03 
       1.103493949510e-02       1.579835787372e+03 
       1.116306256533e-02       1.585851692163e+03 
       1.129122504642e-02       1.591687461155e+03 
       1.141942647354e-02       1.597340500135e+03 
       1.154766642261e-02       1.602816116504e+03 
       1.167594450861e-02       1.608115143501e+03 
       1.180426038402e-02       1.613240552444e+03 
       1.193261373739e-02       1.618194233306e+03 
       1.206100429197e-02       1.622977636614e+03 
       1.218943180446e-02       1.627591462310e+03 
       1.231789606385e-02       1.632041433468e+03 
       1.244639689035e-02       1.636328274794e+03 
       1.257493413436e-02       1.640451905653e+03 
       1.270350767555e-02       1.644415724222e+03 
       1.283211742200e-02       1.648222892278e+03 
       1.296076330937e-02       1.651872999856e+03 
       1.308944530021e-02       1.655367979978e+03 
       1.321816338322e-02       1.658712752116e+03 
       1.334691757263e-02       1.661904882173e+03 
       1.347570790765e-02       1.664949006398e+03 
       1.360453445188e-02       1.667845814112e+03 
       1.373339729287e-02       1.670598103407e+03 
       1.386229654162e-02       1.673207244671e+03 
       1.399123233221e-02       1.675673515385e+03 
       1.412020482142e-02       1.678000934684e+03 
       1.424921418835e-02       1.680189359621e+03 
       1.437826063419e-02       1.682243457870e+03 
       1.450734438190e-02       1.684161160009e+03 
       1.463646567596e-02       1.685946552737e+03 
       1.476562478220e-02       1.687599838453e+03 
       1.489482198761e-02       1.689123767455e+03 
       1.502405760016e-02       1.690520739437e+03 
       1.515333194869e-02       1.691790685126e+03 
       1.528264538281e-02       1.692936922863e+03 
       1.541199827281e-02       1.693958640923e+03 
       1.554139100960e-02       1.694859922036e+03 
       1.567082400472e-02       1.695641858143e+03 
       1.580029769025e-02       1.696304299321e+03 
       1.592981251888e-02       1.696850527870e+03 
       1.605936896395e-02       1.697280624934e+03 
       1.618896751942e-02       1.697601349223e+03 
       1.631860870005e-02       1.697807256436e+03 
       1.644829304137e-02       1.697904338619e+03 
       1.657802109990e-02       1.697886673789e+03 
       1.670779345319e-02       1.697770564525e+03 
       1.683761070000e-02       1.697544881698e+03 
       1.696747346046e-02       1.697215430827e+03 
       1.709738237625e-02       1.696785528782e+03 
       1.722733811078e-02       1.696251794528e+03 
       1.735734134941e-02       1.695614277349e+03 
       1.748739279968e-02       1.694880987945e+03 
       1.761749319155e-02       1.694050091224e+03 
       1.774764327769e-02       1.693124122821e+03 
       1.787784383371e-02       1.692098488954e+03 
       1.800809565850e-02       1.690989136136e+03 
       1.813839957452e-02       1.689784477403e+03 
       1.826875642813e-02       1.688490451566e+03 
       1.839916708995e-02       1.687106091065e+03 
       1.852963245520e-02       1.685637091473e+03 
       1.866015344411e-02       1.684080813570e+03 
       1.879073100227e-02       1.682436758692e+03 
       1.892136610109e-02       1.680708077336e+03 
       1.905205973821e-02       1.678901840515e+03 
       1.918281293795e-02       1.677013022944e+03 
       1.931362675178e-02       1.675043538256e+03 
       1.944450225878e-02       1.672996001059e+03 
       1.957544056618e-02       1.670872334729e+03 
       1.970644280986e-02       1.668673752052e+03 
       1.983751015490e-02       1.666398420587e+03 
       1.996864379612e-02       1.664050517593e+03 
       2.009984495868e-02       1.661630785193e+03 
       2.023111489866e-02       1.659141211822e+03 
       2.036245490369e-02       1.656583274763e+03 
       2.049386629360e-02       1.653953135602e+03 
       2.062535042105e-02       1.651254984856e+03 
       2.075690867226e-02       1.648494031700e+03 
       2.088854246766e-02       1.645667229227e+03 
       2.102025326266e-02       1.642777097470e+03 
       2.115204254839e-02       1.639823333794e+03 
       2.128391185246e-02       1.636808552940e+03 
       2.141586273978e-02       1.633733060284e+03 
       2.154789681340e-02       1.630597505245e+03 
       2.168001571532e-02       1.627405120718e+03 
       2.181222112739e-02       1.624155797443e+03 
       2.194451477223e-02       1.620849654128e+03 
       2.207689841415e-02       1.617488717325e+03 
       2.220937386012e-02       1.614075033109e+03 
       2.234194296075e-02       1.610608172587e+03 
       2.247460761135e-02       1.607089626941e+03 
       2.260736975293e-02       1.603522898137e+03 
       2.274023137336e-02       1.599902929100e+03 
       2.287319450845e-02       1.596234630201e+03 
       2.300626124311e-02       1.592520300912e+03 
       2.313943371256e-02       1.588758473846e+03 
       2.327271410359e-02       1.584950764918e+03 
       2.340610465576e-02       1.581100092461e+03 
       2.353960766279e-02       1.577203389036e+03 
       2.367322547388e-02       1.573265151371e+03 
       2.380696049508e-02       1.569287188229e+03 
       2.394081519080e-02       1.565265455158e+03 
       2.407479208525e-02       1.561206058703e+03 
       2.420889376398e-02       1.557106871851e+03 
       2.434312287547e-02       1.552970523391e+03 
       2.447748213279e-02       1.548795489316e+03 
       2.461197431524e-02       1.544585243913e+03 
       2.474660227016e-02       1.540339252857e+03 
       2.488136891466e-02       1.536058887899e+03 
       2.501627723756e-02       1.531746578827e+03 
       2.515133030123e-02       1.527400133870e+03 
       2.528653124364e-02       1.523021144426e+03 
       2.542188328041e-02       1.518612808933e+03 
       2.555738970688e-02       1.514172928849e+03 
       2.569305390036e-02       1.509704866935e+03 
       2.582887932238e-02       1.505207789578e+03 
       2.596486952102e-02       1.500682620018e+03 
       2.610102813336e-02       1.496130818276e+03 
       2.623735888800e-02       1.491553318996e+03 
       2.637386560760e-02       1.486949238129e+03 
       2.651055221165e-02       1.482321301819e+03 
       2.664742271918e-02       1.477667936017e+03 
       2.678448125170e-02       1.472992973129e+03 
       2.692173203615e-02       1.468295446470e+03 
       2.705917940801e-02       1.463575919294e+03 
       2.719682781448e-02       1.458835467838e+03 
       2.733468181785e-02       1.454073885523e+03 
       2.747274609888e-02       1.449293832368e+03 
       2.761102546042e-02       1.444493964661e+03 
       2.774952483110e-02       1.439675815690e+03 
       2.788824926915e-02       1.434840432437e+03 
       2.802720396640e-02       1.429987946622e+03 
       2.816639425243e-02       1.425119046176e+03 
       2.830582559887e-02       1.420234191856e+03 
       2.844550362381e-02       1.415334135872e+03 
       2.858543409651e-02       1.410419811550e+03 
       2.872562294215e-02       1.405491242281e+03 
       2.886607624688e-02       1.400549687164e+03 
       2.900680026301e-02       1.395595025366e+03 
       2.914780141443e-02       1.390628447591e+03 
       2.928908630222e-02       1.385649799096e+03 
       2.943066171057e-02       1.380660732177e+03 
       2.957253461281e-02       1.375660945349e+03 
       2.971471217781e-02       1.370650734267e+03 
       2.985720177661e-02       1.365631295933e+03 
       3.000001098928e-02       1.360602395439e+03 
       3.014314761216e-02       1.355565656852e+03 
       3.028661966532e-02       1.350520304228e+03 
       3.043043540043e-02       1.345467699540e+03 
       3.057460330886e-02       1.340407796582e+03 
       3.071913213029e-02       1.335341413356e+03 
       3.086403086154e-02       1.330268468499e+03 
       3.100930876590e-02       1.325190193225e+03 
       3.115497538288e-02       1.320106741385e+03 
       3.130104053831e-02       1.315017683539e+03 
       3.144751435504e-02       1.309924868167e+03 
       3.159440726399e-02       1.304827029945e+03 
       3.174173001588e-02       1.299725842584e+03 
       3.188949369336e-02       1.294621466672e+03 
       3.203770972381e-02       1.289513820055e+03 
       3.218638989273e-02       1.284402917042e+03 
       3.233554635779e-02       1.279291347491e+03 
       3.248519166358e-02       1.274176475900e+03 
       3.263533875702e-02       1.269060035770e+03 
       3.278600100365e-02       1.263942739744e+03 
       3.293719220470e-02       1.258823487851e+03 
       3.308892661497e-02       1.253704449587e+03 
       3.324121896173e-02       1.248584559056e+03 
       3.339408446455e-02       1.243464065190e+03 
       3.354753885620e-02       1.238343848701e+03 
       3.370159840461e-02       1.233223788117e+03 
       3.385627993613e-02       1.228104178694e+03 
       3.401160085989e-02       1.222986415541e+03 
       3.416757919367e-02       1.217867533027e+03 
       3.432423359106e-02       1.212750686084e+03 
       3.448158337027e-02       1.207635180214e+03 
       3.463964854446e-02       1.202521297151e+03 
       3.479844985392e-02       1.197409062607e+03 
       3.495800880009e-02       1.192297829952e+03 
       3.511834768149e-02       1.187189519187e+03 
       3.527948963194e-02       1.182081986109e+03 
       3.544145866097e-02       1.176978682993e+03 
       3.560427969670e-02       1.171875733471e+03 
       3.576797863144e-02       1.166776375108e+03 
       3.593258237003e-02       1.161679213792e+03 
       3.609811888132e-02       1.156583819376e+03 
       3.626461725287e-02       1.151492112857e+03 
       3.643210774925e-02       1.146402493544e+03 
       3.660062187413e-02       1.141315834505e+03 
       3.677019243648e-02       1.136230925198e+03 
       3.694085362129e-02       1.131149589307e+03 
       3.711264106499e-02       1.126069546980e+03 
       3.728559193620e-02       1.120992896540e+03 
       3.745974502206e-02       1.115918702479e+03 
       3.763514082071e-02       1.110847749882e+03 
       3.781182164042e-02       1.105778169722e+03 
       3.798983170592e-02       1.100711074572e+03 
       3.816921727262e-02       1.095646331057e+03 
       3.835002674943e-02       1.090583721598e+03 
       3.853231083085e-02       1.085522910430e+03 
       3.871612263935e-02       1.080463705236e+03 
       3.890151787882e-02       1.075405837372e+03 
       3.908855500032e-02       1.070349874394e+03 
       3.927729538116e-02       1.065294465792e+03 
       3.946780351872e-02       1.060240085413e+03 
       3.966014724038e-02       1.055187017878e+03 
       3.985439793126e-02       1.050133439532e+03 
       4.005063078161e-02       1.045079566985e+03 
       4.024892505572e-02       1.040025797773e+03 
       4.044936438488e-02       1.034971432848e+03 
       4.065203708680e-02       1.029915008899e+03 
       4.085703651443e-02       1.024857621761e+03 
       4.106446143743e-02       1.019796884859e+03 
       4.127441646009e-02       1.014735184989e+03 
       4.148701247972e-02       1.009670549187e+03 
       4.170236719040e-02       1.004601803393e+03 
       4.192060563749e-02       9.995287505242e+02 
       4.214186082903e-02       9.944499772068e+02 
       4.236627441106e-02       9.893660410583e+02 
       4.259399741506e-02       9.842769835344e+02 
       4.282519108669e-02       9.791789674569e+02 
       4.306002780655e-02       9.740732368525e+02 
       4.329869211537e-02       9.689584677938e+02 
       4.354138185778e-02       9.638347618005e+02 
       4.378830946139e-02       9.587001237628e+02 
       4.403970337039e-02       9.535530410398e+02 
       4.429580965633e-02       9.483922164464e+02 
       4.455689383229e-02       9.432177460774e+02 
       4.482324290168e-02       9.380258613324e+02 
       4.509516767813e-02       9.328175489681e+02 
       4.537300541973e-02       9.275891644199e+02 
       4.565712282897e-02       9.223414745769e+02 
       4.594791947965e-02       9.170693918918e+02 
       4.624583174372e-02       9.117735157754e+02 
       4.655133730601e-02       9.064506202181e+02 
       4.686496037257e-02       9.010983101165e+02 
       4.718727770071e-02       8.957133776175e+02 
       4.751892560617e-02       8.902935904512e+02 
       4.786060813742e-02       8.848356181106e+02 
       4.821310664949e-02       8.793356119619e+02 
       4.857729106385e-02       8.737895122816e+02 
       4.895413316805e-02       8.681930309785e+02 
       4.934472239468e-02       8.625412157766e+02 
       4.975028462729e-02       8.568288270522e+02 
       5.017220471915e-02       8.510492764203e+02 
       5.061205358594e-02       8.451953972489e+02 
       5.107162095769e-02       8.392590376561e+02 
       5.155295516037e-02       8.332283471214e+02 
       5.205841165891e-02       8.270961174335e+02 
       5.259071254830e-02       8.208456916535e+02 
       5.315301974228e-02       8.144633733023e+02 
       5.374902528760e-02       8.079280991132e+02 
       5.438306300969e-02       8.012186732770e+02 
       5.506024650216e-02       7.943055317229e+02 
       5.578663912166e-02       7.871542155832e+02 
       5.656946171544e-02       7.797180424996e+02 
       5.741734239937e-02       7.719409202864e+02 
       5.834060804680e-02       7.637468355951e+02 
       5.935160590653e-02       7.550377857444e+02 
       6.046502007103e-02       7.456813528236e+02 
       6.169810212738e-02       7.355041626454e+02 
       6.307065677134e-02       7.242735001281e+02 
       6.460450616647e-02       7.116842596906e+02 
       6.632202886582e-02       6.973481098533e+02 
       6.824334458876e-02       6.808052740981e+02 
       7.038204395568e-02       6.615702905173e+02 
       7.274030241192e-02       6.392363821283e+02 
       7.530551842112e-02       6.136352662293e+02 
       7.805098197746e-02       5.849899691937e+02 
       8.094116617333e-02       5.539797051880e+02 
       8.393914687626e-02       5.216655590410e+02 
       8.701256083966e-02       4.893030647490e+02 
       9.013631243252e-02       4.581296271899e+02 
       9.329254444556e-02       4.291898922748e+02 
       9.646926758059e-02       4.032321306456e+02 
       9.965873214466e-02       3.806727942143e+02 
       1.028560484758e-01       3.616094664286e+02 
       1.060581776607e-01       3.458639963813e+02 
       1.092632484769e-01       3.330457709508e+02 
       1.124701151725e-01       3.226093333187e+02 
       1.156780785267e-01       3.139217460607e+02 
       1.188867126117e-01       3.063207458553e+02 
       1.220957581984e-01       2.991737838421e+02 
       1.253050575347e-01       2.919328182589e+02 
       1.285145145727e-01       2.841784356040e+02 
       1.317240707641e-01       2.756506065979e+02 
       1.349336903463e-01       2.662605546744e+02 
       1.381433514058e-01       2.560789298453e+02 
       1.413530404504e-01       2.453073091691e+02 
       1.445627491134e-01       2.342363600709e+02 
       1.477724721534e-01       2.231977060875e+02 
       1.509822062375e-01       2.125201854150e+02 
       1.541919492038e-01       2.024926597785e+02 
       1.574016996109e-01       1.933375171672e+02 
       1.606114564650e-01       1.851959739193e+02 
       1.638212190529e-01       1.781238013938e+02 
       1.670309868395e-01       1.720965037534e+02 
       1.702407594056e-01       1.670202893846e+02 
       1.734505364089e-01       1.627475967367e+02 
       1.766603175599e-01       1.590948395372e+02 
       1.798701026071e-01       1.558616067203e+02 
       1.830798913270e-01       1.528600366896e+02 
       1.862896835180e-01       1.499312752516e+02 
       1.894994789960e-01       1.468786743278e+02 
       1.927092775915e-01       1.435955082540e+02 
       1.959190791479e-01       1.400278927558e+02 
       1.991288835195e-01       1.361738407456e+02 
       2.023386905703e-01       1.320760287596e+02 
       2.055485001733e-01       1.278114407373e+02 
       2.087583122097e-01       1.234777255659e+02 
       2.119681265678e-01       1.191797009632e+02 
       2.151779431429e-01       1.150168610198e+02 
       2.183877618364e-01       1.110754573546e+02 
       2.215975825556e-01       1.074199926829e+02 
       2.248074052131e-01       1.040911916811e+02 
       2.280172297264e-01       1.011050818366e+02 
       2.312270560177e-01       9.845391934864e+01 
       2.344368840134e-01       9.611017478745e+01 
       2.376467136441e-01       9.402992034839e+01 
       2.408565448439e-01       9.215818606351e+01 
       2.440663775505e-01       9.043434261389e+01 
       2.472762117049e-01       8.879712826410e+01 
       2.504860472511e-01       8.719038101588e+01 
       2.536958841358e-01       8.556687775604e+01 
       2.569057223087e-01       8.389177926605e+01 
       2.601155617216e-01       8.214511109704e+01 
       2.633254023291e-01       8.032160057161e+01 
       2.665352440877e-01       7.842978255839e+01 
       2.697450869560e-01       7.648975166462e+01 
       2.729549308947e-01       7.452948701189e+01 
       2.761647758663e-01       7.258087326134e+01 
       2.793746218349e-01       7.067633259490e+01 
       2.825844687663e-01       6.884492268875e+01 
       2.857943166280e-01       6.710983468907e+01 
       2.890041653888e-01       6.548667845520e+01 
       2.922140150189e-01       6.398291094369e+01 
       2.954238654897e-01       6.259779212717e+01 
       2.986337167741e-01       6.132356057091e+01 
       3.018435688460e-01       6.014658378574e+01 
       3.050534216803e-01       5.904949144280e+01 
       3.082632752532e-01       5.801277282378e+01 
       3.114731295416e-01       5.701672575539e+01 
       3.146829845236e-01       5.604324728729e+01 
       3.178928401780e-01       5.507716493027e+01 
       3.211026964847e-01       5.410693412257e+01 
       3.243125534240e-01       5.312556815535e+01 
       3.275224109774e-01       5.213033057214e+01 
       3.307322691269e-01       5.112270114743e+01 
       3.339421278551e-01       5.010745852609e+01 
       3.371519871456e-01       4.909207089089e+01 
       3.403618469822e-01       4.808542111506e+01 
       3.435717073497e-01       4.709700622222e+01 
       3.467815682332e-01       4.613539792155e+01 
       3.499914296185e-01       4.520820704746e+01 
       3.532012914917e-01       4.432091986016e+01 
       3.564111538398e-01       4.347667050672e+01 
       3.596210166498e-01       4.267608665152e+01 
       3.628308799096e-01       4.191757873871e+01 
       3.660407436071e-01       4.119777622901e+01 
       3.692506077310e-01       4.051120012870e+01 
       3.724604722701e-01       3.985228438538e+01 
       3.756703372139e-01       3.921506946371e+01 
       3.788802025518e-01       3.859300188865e+01 
       3.820900682741e-01       3.798125665645e+01 
       3.852999343710e-01       3.737593156665e+01 
       3.885098008331e-01       3.677422732547e+01 
       3.917196676516e-01       3.617502977070e+01 
       3.949295348177e-01       3.557815668346e+01 
       3.981394023228e-01       3.498458504599e+01 
       4.013492701590e-01       3.439608941744e+01 
       4.045591383181e-01       3.381487480351e+01 
       4.077690067927e-01       3.324333332578e+01 
       4.109788755753e-01       3.268377319627e+01 
       4.141887446586e-01       3.213818031021e+01 
       4.173986140357e-01       3.160807909491e+01 
       4.206084836999e-01       3.109445138079e+01 
       4.238183536447e-01       3.059768546939e+01 
       4.270282238636e-01       3.011767611962e+01 
       4.302380943505e-01       2.965375222204e+01 
       4.334479650994e-01       2.920487573001e+01 
       4.366578361046e-01       2.876966703948e+01 
       4.398677073604e-01       2.834658852777e+01 
       4.430775788613e-01       2.793399706730e+01 
       4.462874506021e-01       2.753032913887e+01 
       4.494973225775e-01       2.713407781079e+01 
       4.527071947826e-01       2.674401773887e+01 
       4.559170672125e-01       2.635921783377e+01 
       4.591269398624e-01       2.597901115359e+01 
       4.623368127279e-01       2.560312231307e+01 
       4.655466858043e-01       2.523159631414e+01 
       4.687565590873e-01       2.486473198823e+01 
       4.719664325728e-01       2.450305078988e+01 
       4.751763062566e-01       2.414722865875e+01 
       4.783861801346e-01       2.379797976673e+01 
       4.815960542031e-01       2.345593456081e+01 
       4.848059284582e-01       2.312168482809e+01 
       4.880158028961e-01       2.279558025222e+01 
       4.912256775134e-01       2.247780049669e+01 
       4.944355523065e-01       2.216826048061e+01 
       4.976454272720e-01       2.186668797281e+01 
       5.008553024065e-01       2.157260249758e+01 
       5.040651777069e-01       2.128541918527e+01 
       5.072750531700e-01       2.100445807045e+01 
       5.104849287926e-01       2.072905096794e+01 
       5.136948045718e-01       2.045855915026e+01 
       5.169046805047e-01       2.019243612826e+01 
       5.201145565884e-01       1.993028903789e+01 
       5.233244328202e-01       1.967183094894e+01 
       5.265343091972e-01       1.941696543582e+01 
       5.297441857169e-01       1.916562350429e+01 
       5.329540623767e-01       1.891790278430e+01 
       5.361639391741e-01       1.867395491533e+01 
       5.393738161065e-01       1.843394587540e+01 
       5.425836931716e-01       1.819804311356e+01 
       5.457935703671e-01       1.796638779300e+01 
       5.490034476906e-01       1.773906889318e+01 
       5.522133251399e-01       1.751613192888e+01 
       5.554232027128e-01       1.729757479144e+01 
       5.586330804072e-01       1.708331300359e+01 
       5.618429582210e-01       1.687323981402e+01 
       5.650528361522e-01       1.666724873130e+01 
       5.682627141987e-01       1.646511944063e+01 
       5.714725923587e-01       1.626671353432e+01 
       5.746824706301e-01       1.607182146831e+01 
       5.778923490112e-01       1.588026038285e+01 
       5.811022275001e-01       1.569187176511e+01 
       5.843121060950e-01       1.550647648532e+01 
       5.875219847942e-01       1.532396096611e+01 
       5.907318635960e-01       1.514420362555e+01 
       5.939417424988e-01       1.496711843761e+01 
       5.971516215008e-01       1.479264354150e+01 
       6.003615006005e-01       1.462073195491e+01 
       6.035713797964e-01       1.445137798015e+01 
       6.067812590868e-01       1.428462951345e+01 
       6.099911384704e-01       1.412046774596e+01 
       6.132010179456e-01       1.395888732330e+01 
       6.164108975110e-01       1.379993989582e+01 
       6.196207771652e-01       1.364362402466e+01 
       6.228306569068e-01       1.348989213568e+01 
       6.260405367345e-01       1.333874301974e+01 
       6.292504166469e-01       1.319012790636e+01 
       6.324602966428e-01       1.304396693251e+01 
       6.356701767209e-01       1.290019393711e+01 
       6.388800568799e-01       1.275871542619e+01 
       6.420899371187e-01       1.261946192274e+01 
       6.452998174360e-01       1.248234459058e+01 
       6.485096978307e-01       1.234728031630e+01 
       6.517195783016e-01       1.221420826267e+01 
       6.549294588476e-01       1.208307219636e+01 
       6.581393394676e-01       1.195382003142e+01 
       6.613492201605e-01       1.182642113396e+01 
       6.645591009253e-01       1.170084619974e+01 
       6.677689817609e-01       1.157705286881e+01 
       6.709788626663e-01       1.145502048452e+01 
       6.741887436405e-01       1.133475787277e+01 
       6.773986246826e-01       1.121624985435e+01 
       6.806085057914e-01       1.109945323399e+01 
       6.838183869663e-01       1.098436987608e+01 
       6.870282682061e-01       1.087097107970e+01 
       6.902381495099e-01       1.075923334683e+01 
       6.934480308770e-01       1.064914681830e+01 
       6.966579123064e-01       1.054066181420e+01 
       6.998677937972e-01       1.043375814488e+01 
       7.030776753487e-01       1.032840096285e+01 
       7.062875569599e-01       1.022455997666e+01 
       7.094974386301e-01       1.012218518188e+01 
       7.127073203585e-01       1.002124386668e+01 
       7.159172021443e-01       9.921700332135e+00 
       7.191270839866e-01       9.823527040759e+00 
       7.223369658849e-01       9.726682008686e+00 
       7.255468478382e-01       9.631149181819e+00 
       7.287567298460e-01       9.536904677773e+00 
       7.319666119074e-01       9.443924538837e+00 
       7.351764940218e-01       9.352185217090e+00 
       7.383863761885e-01       9.261673740814e+00 
       7.415962584067e-01       9.172374517125e+00 
       7.448061406759e-01       9.084278109137e+00 
       7.480160229953e-01       8.997354895184e+00 
       7.512259053644e-01       8.911603487791e+00 
       7.544357877825e-01       8.826995283238e+00 
       8.246975078306e-01       7.225565936498e+00 
       9.265627344269e-01       5.545224157864e+00 
       1.088707912980e+00       3.824741121323e+00 
       1.344546583756e+00       2.333078103982e+00 
       1.690624308790e+00       1.351644773519e+00 
       2.128335800224e+00       7.738445712013e-01 
       2.679415915562e+00       4.394656643493e-01 
       3.373184784819e+00       2.477269770225e-01 
       4.246588044287e+00       1.387174742200e-01 
       5.346137602374e+00       7.720919277290e-02 
       6.730388482577e+00       4.273447167836e-02 
       8.473057091963e+00       2.353480520065e-02 
