# Matter power spectrum P(k) at redshift z=4
# for k=1.04437e-05 to 8.47366 h/Mpc,
# number of wavenumbers equal to 612
#    1:k (h/Mpc)              2:P (Mpc/h)^3        
       1.044373177903e-05       5.274018902908e+00 
       2.330927604903e-05       7.570753727242e+00 
       3.621997333865e-05       1.139719744597e+01 
       4.921047778906e-05       1.522371434923e+01 
       6.231601551152e-05       1.897978156716e+01 
       7.557269794060e-05       2.277148356003e+01 
       8.901784518625e-05       2.659808968375e+01 
       1.026903236755e-04       3.048053623395e+01 
       1.166309024082e-04       3.439391574324e+01 
       1.308826321835e-04       3.840078959540e+01 
       1.454912521628e-04       4.248984012658e+01 
       1.605056280722e-04       4.668990433784e+01 
       1.759782261780e-04       5.099532724405e+01 
       1.919656267993e-04       5.542010840427e+01 
       2.085290804757e-04       6.000046662725e+01 
       2.257351088475e-04       6.473851662645e+01 
       2.436561506599e-04       6.965617931688e+01 
       2.623712508693e-04       7.477511797537e+01 
       2.819667873218e-04       8.011942181036e+01 
       3.025372245862e-04       8.571145470429e+01 
       3.241858778616e-04       9.157432166934e+01 
       3.470256610625e-04       9.774218963144e+01 
       3.711797818235e-04       1.042395051315e+02 
       3.967823320131e-04       1.111040512468e+02 
       4.239787054162e-04       1.183679153717e+02 
       4.529257550406e-04       1.260709786232e+02 
       4.837915823589e-04       1.342509273437e+02 
       5.167548321797e-04       1.429512424949e+02 
       5.520033538042e-04       1.522146969672e+02 
       5.897320873923e-04       1.620831619010e+02 
       6.301400513409e-04       1.725993670424e+02 
       6.734263498083e-04       1.838052519612e+02 
       7.197851957643e-04       1.957397252561e+02 
       7.694000560484e-04       2.084342924831e+02 
       8.224371645858e-04       2.219175350333e+02 
       8.790388005590e-04       2.362076264845e+02 
       9.393168607785e-04       2.513119238701e+02 
       1.003347333412e-03       2.672288868132e+02 
       1.071166270046e-03       2.839445222856e+02 
       1.142767736947e-03       3.014325658442e+02 
       1.218104013123e-03       3.196559879639e+02 
       1.297088030040e-03       3.385676870231e+02 
       1.379597773116e-03       3.581119502969e+02 
       1.465482147216e-03       3.782254869619e+02 
       1.554567688694e-03       3.988452172762e+02 
       1.646665496857e-03       4.199037052997e+02 
       1.741577841598e-03       4.413334680058e+02 
       1.839104046123e-03       4.630689140498e+02 
       1.939045405158e-03       4.850468932472e+02 
       2.041209047508e-03       5.072069979473e+02 
       2.145410768168e-03       5.294952576070e+02 
       2.251476932713e-03       5.518596559917e+02 
       2.359245598051e-03       5.742532790398e+02 
       2.468567006640e-03       5.966344272773e+02 
       2.579303604901e-03       6.189647051606e+02 
       2.691329719073e-03       6.412103593564e+02 
       2.804530999458e-03       6.633410683278e+02 
       2.918803721038e-03       6.853301769484e+02 
       3.034054007417e-03       7.071544391958e+02 
       3.150197027005e-03       7.287938640760e+02 
       3.267156195714e-03       7.502288563754e+02 
       3.384862409045e-03       7.714458750333e+02 
       3.503253317780e-03       7.924317734340e+02 
       3.622272655202e-03       8.131743691148e+02 
       3.741869619321e-03       8.336641547825e+02 
       3.861998310469e-03       8.538936401195e+02 
       3.982617222655e-03       8.738574430723e+02 
       4.103688785824e-03       8.935457163613e+02 
       4.225178955423e-03       9.129599548050e+02 
       4.347056845410e-03       9.320913880728e+02 
       4.469294400732e-03       9.509412380537e+02 
       4.591866105418e-03       9.695062133069e+02 
       4.714748722622e-03       9.877817095363e+02 
       4.837921063216e-03       1.005769263054e+03 
       4.961363779812e-03       1.023468277692e+03 
       5.085059183374e-03       1.040877985244e+03 
       5.208991079894e-03       1.058000404388e+03 
       5.333144624820e-03       1.074835022978e+03 
       5.457506193240e-03       1.091381051518e+03 
       5.582063263989e-03       1.107643328052e+03 
       5.706804316112e-03       1.123616596016e+03 
       5.831718736247e-03       1.139312429131e+03 
       5.956796735702e-03       1.154723849702e+03 
       6.082029276119e-03       1.169854263406e+03 
       6.207408002756e-03       1.184710069186e+03 
       6.332925184544e-03       1.199291886327e+03 
       6.458573660149e-03       1.213595917843e+03 
       6.584346789399e-03       1.227632262681e+03 
       6.710238409469e-03       1.241400524778e+03 
       6.836242795317e-03       1.254898310955e+03 
       6.962354623925e-03       1.268131886322e+03 
       7.088568941917e-03       1.281101356975e+03 
       7.214881136221e-03       1.293803847543e+03 
       7.341286907449e-03       1.306248497094e+03 
       7.467782245706e-03       1.318439811435e+03 
       7.594363408599e-03       1.330374319451e+03 
       7.721026901212e-03       1.342058845420e+03 
       7.847769457842e-03       1.353494660092e+03 
       7.974588025348e-03       1.364687620615e+03 
       8.101479747930e-03       1.375637301473e+03 
       8.228441953207e-03       1.386346953549e+03 
       8.355472139485e-03       1.396818045535e+03 
       8.482567964073e-03       1.407057825126e+03 
       8.609727232581e-03       1.417065605103e+03 
       8.736947889087e-03       1.426847548131e+03 
       8.864228007095e-03       1.436404801235e+03 
       8.991565781234e-03       1.445736110392e+03 
       9.118959519597e-03       1.454851097480e+03 
       9.246407636696e-03       1.463747166714e+03 
       9.373908646961e-03       1.472430471026e+03 
       9.501461158736e-03       1.480902069360e+03 
       9.629063868741e-03       1.489164997763e+03 
       9.756715556949e-03       1.497223276537e+03 
       9.884415081846e-03       1.505080339153e+03 
       1.001216137605e-02       1.512732215831e+03 
       1.013995344226e-02       1.520185642674e+03 
       1.026779034945e-02       1.527446277479e+03 
       1.039567122945e-02       1.534511963691e+03 
       1.052359527365e-02       1.541385193277e+03 
       1.065156173003e-02       1.548069219533e+03 
       1.077956990033e-02       1.554566486953e+03 
       1.090761913753e-02       1.560881129582e+03 
       1.103570884337e-02       1.567011428845e+03 
       1.116383846614e-02       1.572960615530e+03 
       1.129200749860e-02       1.578730437456e+03 
       1.142021547607e-02       1.584322058704e+03 
       1.154846197458e-02       1.589740215100e+03 
       1.167674660921e-02       1.594983147186e+03 
       1.180506903257e-02       1.600055062268e+03 
       1.193342893331e-02       1.604956931508e+03 
       1.206182603478e-02       1.609691269071e+03 
       1.219026009379e-02       1.614257028752e+03 
       1.231873089943e-02       1.618659205133e+03 
       1.244723827200e-02       1.622895995943e+03 
       1.257578206201e-02       1.626973409835e+03 
       1.270436214921e-02       1.630889836025e+03 
       1.283297844177e-02       1.634647769277e+03 
       1.296163087546e-02       1.638249998011e+03 
       1.309031941289e-02       1.641698615075e+03 
       1.321904404286e-02       1.644994024777e+03 
       1.334780477969e-02       1.648138044064e+03 
       1.347660166266e-02       1.651132691456e+03 
       1.360543475546e-02       1.653982577643e+03 
       1.373430414573e-02       1.656685736363e+03 
       1.386320994454e-02       1.659248251951e+03 
       1.399215228605e-02       1.661668438174e+03 
       1.412113132712e-02       1.663949899911e+03 
       1.425014724695e-02       1.666094654549e+03 
       1.437920024678e-02       1.668104407948e+03 
       1.450829054966e-02       1.669982085316e+03 
       1.463741840014e-02       1.671728566464e+03 
       1.476658406415e-02       1.673345654917e+03 
       1.489578782874e-02       1.674835646435e+03 
       1.502503000195e-02       1.676199911979e+03 
       1.515431091271e-02       1.677440132299e+03 
       1.528363091071e-02       1.678558935798e+03 
       1.541299036631e-02       1.679555722573e+03 
       1.554238967050e-02       1.680434433678e+03 
       1.567182923490e-02       1.681195423317e+03 
       1.580130949166e-02       1.681841600917e+03 
       1.593083089358e-02       1.682369972387e+03 
       1.606039391403e-02       1.682788321936e+03 
       1.618999904709e-02       1.683088377776e+03 
       1.631964680757e-02       1.683286535880e+03 
       1.644933773112e-02       1.683372095026e+03 
       1.657907237430e-02       1.683348605481e+03 
       1.670885131477e-02       1.683219581518e+03 
       1.683867515137e-02       1.682985392098e+03 
       1.696854450431e-02       1.682648947782e+03 
       1.709846001535e-02       1.682206308591e+03 
       1.722842234799e-02       1.681663738750e+03 
       1.735843218768e-02       1.681022202302e+03 
       1.748849024205e-02       1.680282719030e+03 
       1.761859724115e-02       1.679449814168e+03 
       1.774875393773e-02       1.678517850607e+03 
       1.787896110751e-02       1.677487597572e+03 
       1.800921954946e-02       1.676375025534e+03 
       1.813953008614e-02       1.675167719321e+03 
       1.826989356401e-02       1.673873545720e+03 
       1.840031085378e-02       1.672488310361e+03 
       1.853078285078e-02       1.671017971795e+03 
       1.866131047532e-02       1.669464697840e+03 
       1.879189467311e-02       1.667822549603e+03 
       1.892253641567e-02       1.666102162824e+03 
       1.905323670074e-02       1.664303125915e+03 
       1.918399655274e-02       1.662419978061e+03 
       1.931481702324e-02       1.660459012992e+03 
       1.944569919147e-02       1.658423130429e+03 
       1.957664416474e-02       1.656307308178e+03 
       1.970765307907e-02       1.654121704232e+03 
       1.983872709964e-02       1.651858301846e+03 
       1.996986742140e-02       1.649524549900e+03 
       2.010107526963e-02       1.647119333287e+03 
       2.023235190053e-02       1.644642004575e+03 
       2.036369860188e-02       1.642097285051e+03 
       2.049511669362e-02       1.639483305885e+03 
       2.062660752855e-02       1.636803694539e+03 
       2.075817249303e-02       1.634057946559e+03 
       2.088981300761e-02       1.631247931299e+03 
       2.102153052786e-02       1.628374374570e+03 
       2.115332654505e-02       1.625439446519e+03 
       2.128520258694e-02       1.622442849995e+03 
       2.141716021860e-02       1.619386892235e+03 
       2.154920104321e-02       1.616270590942e+03 
       2.168132670293e-02       1.613098280994e+03 
       2.181353887980e-02       1.609871870639e+03 
       2.194583929658e-02       1.606587506569e+03 
       2.207822971775e-02       1.603249536698e+03 
       2.221071195046e-02       1.599860927434e+03 
       2.234328784549e-02       1.596419010929e+03 
       2.247595929832e-02       1.592924155150e+03 
       2.260872825016e-02       1.589381380851e+03 
       2.274159668906e-02       1.585788886681e+03 
       2.287456665102e-02       1.582149122716e+03 
       2.300764022116e-02       1.578461563380e+03 
       2.314081953489e-02       1.574727651362e+03 
       2.327410677919e-02       1.570948686306e+03 
       2.340750419386e-02       1.567126274432e+03 
       2.354101407282e-02       1.563259704651e+03 
       2.367463876549e-02       1.559350844963e+03 
       2.380838067815e-02       1.555401715034e+03 
       2.394224227544e-02       1.551410717573e+03 
       2.407622608180e-02       1.547381810298e+03 
       2.421033468303e-02       1.543313416146e+03 
       2.434457072787e-02       1.539208020172e+03 
       2.447893692961e-02       1.535065745745e+03 
       2.461343606785e-02       1.530887455506e+03 
       2.474807099017e-02       1.526674677067e+03 
       2.488284461397e-02       1.522429196206e+03 
       2.501775992833e-02       1.518148624230e+03 
       2.515281999593e-02       1.513836291801e+03 
       2.528802795504e-02       1.509493440346e+03 
       2.542338702155e-02       1.505119722675e+03 
       2.555890049113e-02       1.500716089153e+03 
       2.569457174141e-02       1.496282792644e+03 
       2.583040423424e-02       1.491821801435e+03 
       2.596640151804e-02       1.487332960426e+03 
       2.610256723024e-02       1.482817498788e+03 
       2.623890509977e-02       1.478276305497e+03 
       2.637541894967e-02       1.473711000615e+03 
       2.651211269979e-02       1.469119929953e+03 
       2.664899036956e-02       1.464504936723e+03 
       2.678605608087e-02       1.459867303541e+03 
       2.692331406106e-02       1.455207374585e+03 
       2.706076864602e-02       1.450526423338e+03 
       2.719842428338e-02       1.445824190107e+03 
       2.733628553587e-02       1.441103869241e+03 
       2.747435708469e-02       1.436360786501e+03 
       2.761264373316e-02       1.431600829083e+03 
       2.775115041037e-02       1.426822446549e+03 
       2.788988217504e-02       1.422026889178e+03 
       2.802884421952e-02       1.417214406370e+03 
       2.816804187389e-02       1.412386012684e+03 
       2.830748061029e-02       1.407541763314e+03 
       2.844716604739e-02       1.402683063982e+03 
       2.858710395498e-02       1.397809557132e+03 
       2.872730025884e-02       1.392922580084e+03 
       2.886776104571e-02       1.388022036233e+03 
       2.900849256850e-02       1.383108863811e+03 
       2.914950125174e-02       1.378183852563e+03 
       2.929079369716e-02       1.373247190930e+03 
       2.943237668961e-02       1.368299760155e+03 
       2.957425720311e-02       1.363341776567e+03 
       2.971644240725e-02       1.358373756840e+03 
       2.985893967380e-02       1.353396680500e+03 
       3.000175658358e-02       1.348410057175e+03 
       3.014490093370e-02       1.343415555892e+03 
       3.028838074505e-02       1.338413407028e+03 
       3.043220427012e-02       1.333403483715e+03 
       3.057638000114e-02       1.328386577648e+03 
       3.072091667867e-02       1.323363727989e+03 
       3.086582330044e-02       1.318333984551e+03 
       3.101110913069e-02       1.313298658234e+03 
       3.115678370990e-02       1.308258727981e+03 
       3.130285686491e-02       1.303213306003e+03 
       3.144933871959e-02       1.298163410806e+03 
       3.159623970596e-02       1.293109978973e+03 
       3.174357057585e-02       1.288052070760e+03 
       3.189134241305e-02       1.282991740869e+03 
       3.203956664613e-02       1.277928022195e+03 
       3.218825506183e-02       1.272861735042e+03 
       3.233741981911e-02       1.267792579612e+03 
       3.248707346385e-02       1.262721559451e+03 
       3.263722894438e-02       1.257649335232e+03 
       3.278789962764e-02       1.252576106376e+03 
       3.293909931633e-02       1.247501702299e+03 
       3.309084226679e-02       1.242425918682e+03 
       3.324314320788e-02       1.237350359366e+03 
       3.339601736080e-02       1.232274054843e+03 
       3.354948046004e-02       1.227198225529e+03 
       3.370354877532e-02       1.222122498291e+03 
       3.385823913482e-02       1.217047187297e+03 
       3.401356894961e-02       1.211973549936e+03 
       3.416955623944e-02       1.206899655322e+03 
       3.432621966000e-02       1.201827547597e+03 
       3.448357853164e-02       1.196756352733e+03 
       3.464165286981e-02       1.191686883045e+03 
       3.480046341713e-02       1.186618759256e+03 
       3.496003167748e-02       1.181552355652e+03 
       3.512037995195e-02       1.176487098386e+03 
       3.528153137701e-02       1.171425224494e+03 
       3.544350996498e-02       1.166365606524e+03 
       3.560634064689e-02       1.161307852592e+03 
       3.577004931807e-02       1.156252506847e+03 
       3.593466288655e-02       1.151200048772e+03 
       3.610020932449e-02       1.146149170198e+03 
       3.626671772294e-02       1.141100816476e+03 
       3.643421835010e-02       1.136057044166e+03 
       3.660274271347e-02       1.131014397179e+03 
       3.677232362602e-02       1.125974289594e+03 
       3.694299527692e-02       1.120937183463e+03 
       3.711479330703e-02       1.115902418205e+03 
       3.728775488961e-02       1.110869423139e+03 
       3.746191881667e-02       1.105840946754e+03 
       3.763732559147e-02       1.100813792553e+03 
       3.781401752768e-02       1.095788813075e+03 
       3.799203885571e-02       1.090766577129e+03 
       3.817143583699e-02       1.085746104440e+03 
       3.835225688674e-02       1.080727397126e+03 
       3.853455270617e-02       1.075711393398e+03 
       3.871837642481e-02       1.070696715634e+03 
       3.890378375402e-02       1.065683404653e+03 
       3.909083315280e-02       1.060670984864e+03 
       3.927958600685e-02       1.055660828583e+03 
       3.947010682245e-02       1.050651149473e+03 
       3.966246343644e-02       1.045642215159e+03 
       3.985672724402e-02       1.040633481971e+03 
       4.005297344610e-02       1.035624665616e+03 
       4.025128131841e-02       1.030615090991e+03 
       4.045173450437e-02       1.025604610937e+03 
       4.065442133470e-02       1.020594005372e+03 
       4.085943517620e-02       1.015580461794e+03 
       4.106687481340e-02       1.010566222493e+03 
       4.127684486649e-02       1.005548231078e+03 
       4.148945624986e-02       1.000527953214e+03 
       4.170482667596e-02       9.955038161503e+02 
       4.192308120988e-02       9.904759529717e+02 
       4.214435288092e-02       9.854426560836e+02 
       4.236878335811e-02       9.804037586141e+02 
       4.259652369772e-02       9.753591720946e+02 
       4.282773517230e-02       9.703061456997e+02 
       4.306259019159e-02       9.652468314168e+02 
       4.330127332796e-02       9.601770419246e+02 
       4.354398246051e-02       9.550981619030e+02 
       4.379093005442e-02       9.500085011982e+02 
       4.404234459494e-02       9.449065584380e+02 
       4.429847219857e-02       9.397923307778e+02 
       4.455957842772e-02       9.346624506185e+02 
       4.482595034003e-02       9.295176470803e+02 
       4.509789880893e-02       9.243556506903e+02 
       4.537576115858e-02       9.191748170016e+02 
       4.565990416469e-02       9.139726107461e+02 
       4.595072748235e-02       9.087472779332e+02 
       4.624866757410e-02       9.034983023062e+02 
       4.655420222597e-02       8.982222149933e+02 
       4.686785575741e-02       8.929175260224e+02 
       4.719020505321e-02       8.875804318780e+02 
       4.752188657294e-02       8.822095287194e+02 
       4.786360452786e-02       8.767993183103e+02 
       4.821614045798e-02       8.713480425348e+02 
       4.858036449574e-02       8.658510624600e+02 
       4.895724867030e-02       8.603044750037e+02 
       4.934788269206e-02       8.547035030638e+02 
       4.975349276556e-02       8.490407694461e+02 
       5.017546411647e-02       8.433124799016e+02 
       5.061536809470e-02       8.375096396596e+02 
       5.107499493909e-02       8.316252882378e+02 
       5.155639357474e-02       8.256494173650e+02 
       5.206192017583e-02       8.195706554828e+02 
       5.259429768121e-02       8.133763911211e+02 
       5.315668901376e-02       8.070499499729e+02 
       5.375278743296e-02       8.005726966003e+02 
       5.438692822797e-02       7.939214147041e+02 
       5.506422676549e-02       7.870695510654e+02 
       5.579074855481e-02       7.799806688322e+02 
       5.657371705701e-02       7.726107178608e+02 
       5.742176355151e-02       7.649006011196e+02 
       5.834521870770e-02       7.567781859891e+02 
       5.935643425043e-02       7.481440990838e+02 
       6.047009938112e-02       7.388697376048e+02 
       6.170347117656e-02       7.287808312882e+02 
       6.307635956409e-02       7.176471398297e+02 
       6.461059040788e-02       7.051668104912e+02 
       6.632854231659e-02       6.909540494757e+02 
       6.825032862011e-02       6.745542405855e+02 
       7.038952468941e-02       6.554857861427e+02 
       7.274828207117e-02       6.333463999367e+02 
       7.531397161699e-02       6.079704675618e+02 
       7.805986058196e-02       5.795797218378e+02 
       8.095041121249e-02       5.488484867228e+02 
       8.394870119461e-02       5.168282423316e+02 
       8.702237710994e-02       4.847639421507e+02 
       9.014635550028e-02       4.538802049863e+02 
       9.330279004634e-02       4.252118766099e+02 
       9.647969975338e-02       3.994995660007e+02 
       9.966934070826e-02       3.771544434954e+02 
       1.028668270596e-01       3.582725036170e+02 
       1.060691223257e-01       3.426772085916e+02 
       1.092743568048e-01       3.299805762603e+02 
       1.124813856850e-01       3.196419112422e+02 
       1.156895103225e-01       3.110342117032e+02 
       1.188983051416e-01       3.035015314274e+02 
       1.221075111280e-01       2.964176045882e+02 
       1.253169706603e-01       2.892396492015e+02 
       1.285265877700e-01       2.815526376091e+02 
       1.317363039568e-01       2.730998592572e+02 
       1.349460834879e-01       2.637933763394e+02 
       1.381559044675e-01       2.537035203432e+02 
       1.413657534140e-01       2.430303812943e+02 
       1.445756219677e-01       2.320621078704e+02 
       1.477855048910e-01       2.211269942687e+02 
       1.509953988538e-01       2.105504037711e+02 
       1.542053016953e-01       2.006183512283e+02 
       1.574152119755e-01       1.915507208179e+02 
       1.606251287009e-01       1.834872192537e+02 
       1.638350511588e-01       1.764825654632e+02 
       1.670449788144e-01       1.705127130771e+02 
       1.702549112486e-01       1.654840945740e+02 
       1.734648481192e-01       1.612510446199e+02 
       1.766747891369e-01       1.576312168081e+02 
       1.798847340501e-01       1.544266538697e+02 
       1.830946826356e-01       1.514511729259e+02 
       1.863046346915e-01       1.485472285976e+02 
       1.895145900340e-01       1.455205366551e+02 
       1.927245484936e-01       1.422658961646e+02 
       1.959345099137e-01       1.387297551544e+02 
       1.991444741485e-01       1.349105855436e+02 
       2.023544410622e-01       1.308504350930e+02 
       2.055644105278e-01       1.266256895848e+02 
       2.087743824264e-01       1.223329319054e+02 
       2.119843566465e-01       1.180758269878e+02 
       2.151943330832e-01       1.139531797767e+02 
       2.184043116381e-01       1.100497356471e+02 
       2.216142922184e-01       1.064295055866e+02 
       2.248242747367e-01       1.031326927540e+02 
       2.280342591106e-01       1.001749821344e+02 
       2.312442452623e-01       9.754883664912e+01 
       2.344542331182e-01       9.522677262360e+01 
       2.376642226089e-01       9.316538793861e+01 
       2.408742136685e-01       9.131035012126e+01 
       2.440842062347e-01       8.960157998840e+01 
       2.472942002486e-01       8.797848739597e+01 
       2.505041956540e-01       8.638556626373e+01 
       2.537141923979e-01       8.477604088474e+01 
       2.569241904297e-01       8.311565959932e+01 
       2.601341897015e-01       8.138451088233e+01 
       2.633441901676e-01       7.957745571802e+01 
       2.665541917848e-01       7.770311223306e+01 
       2.697641945115e-01       7.578125494538e+01 
       2.729741983085e-01       7.383951677916e+01 
       2.761842031383e-01       7.190953468773e+01 
       2.793942089649e-01       7.002334033754e+01 
       2.826042157543e-01       6.820964744029e+01 
       2.858142234739e-01       6.649128873481e+01 
       2.890242320924e-01       6.488374289908e+01 
       2.922342415802e-01       6.339427229954e+01 
       2.954442519086e-01       6.202219155331e+01 
       2.986542630505e-01       6.075971878636e+01 
       3.018642749798e-01       5.959349550953e+01 
       3.050742876715e-01       5.850623875785e+01 
       3.082843011016e-01       5.747867266055e+01 
       3.114943152472e-01       5.649131962038e+01 
       3.147043300863e-01       5.552637729788e+01 
       3.179143455977e-01       5.456871915618e+01 
       3.211243617613e-01       5.360711705416e+01 
       3.243343785576e-01       5.263454667696e+01 
       3.275443959678e-01       5.164833435224e+01 
       3.307544139741e-01       5.064993801161e+01 
       3.339644325590e-01       4.964421141236e+01 
       3.371744517061e-01       4.863837958239e+01 
       3.403844713994e-01       4.764129637884e+01 
       3.435944916234e-01       4.666229448154e+01 
       3.468045123634e-01       4.570990561599e+01 
       3.500145336051e-01       4.479156116484e+01 
       3.532245553348e-01       4.391273919814e+01 
       3.564345775392e-01       4.307647855388e+01 
       3.596446002056e-01       4.228340847655e+01 
       3.628546233216e-01       4.153194707007e+01 
       3.660646468753e-01       4.081872821694e+01 
       3.692746708554e-01       4.013839993110e+01 
       3.724846952507e-01       3.948539852134e+01 
       3.756947200505e-01       3.885386545514e+01 
       3.789047452446e-01       3.823734656381e+01 
       3.821147708228e-01       3.763103530688e+01 
       3.853247967757e-01       3.703116218212e+01 
       3.885348230939e-01       3.643488910857e+01 
       3.917448497683e-01       3.584114003531e+01 
       3.949548767902e-01       3.524975500504e+01 
       3.981649041512e-01       3.466168647616e+01 
       4.013749318432e-01       3.407871361915e+01 
       4.045849598582e-01       3.350295165096e+01 
       4.077949881885e-01       3.293680741460e+01 
       4.110050168268e-01       3.238252780222e+01 
       4.142150457659e-01       3.184207887555e+01 
       4.174250749987e-01       3.131696642833e+01 
       4.206351045186e-01       3.080814649186e+01 
       4.238451343190e-01       3.031604016212e+01 
       4.270551643935e-01       2.984046410964e+01 
       4.302651947360e-01       2.938082341587e+01 
       4.334752253405e-01       2.893605269474e+01 
       4.366852562012e-01       2.850482181040e+01 
       4.398952873125e-01       2.808558698966e+01 
       4.431053186690e-01       2.767673943876e+01 
       4.463153502652e-01       2.727671967164e+01 
       4.495253820961e-01       2.688406401602e+01 
       4.527354141566e-01       2.649756348396e+01 
       4.559454464419e-01       2.611625920072e+01 
       4.591554789473e-01       2.573956061972e+01 
       4.623655116681e-01       2.536713347436e+01 
       4.655755445999e-01       2.499904162687e+01 
       4.687855777383e-01       2.463558545974e+01 
       4.719956110791e-01       2.427728544936e+01 
       4.752056446181e-01       2.392478370690e+01 
       4.784156783515e-01       2.357879070562e+01 
       4.816257122752e-01       2.323995224849e+01 
       4.848357463856e-01       2.290883187429e+01 
       4.880457806788e-01       2.258577069018e+01 
       4.912558151513e-01       2.227092551979e+01 
       4.944658497996e-01       2.196425802518e+01 
       4.976758846203e-01       2.166546882684e+01 
       5.008859196100e-01       2.137407793885e+01 
       5.040959547656e-01       2.108953012001e+01 
       5.073059900838e-01       2.081113439753e+01 
       5.105160255616e-01       2.053823768668e+01 
       5.137260611959e-01       2.027022022600e+01 
       5.169360969839e-01       2.000652502304e+01 
       5.201461329228e-01       1.974677608813e+01 
       5.233561690096e-01       1.949069172209e+01 
       5.265662052417e-01       1.923815520927e+01 
       5.297762416165e-01       1.898914266524e+01 
       5.329862781314e-01       1.874371138730e+01 
       5.361963147838e-01       1.850203246417e+01 
       5.394063515712e-01       1.826426536067e+01 
       5.426163884914e-01       1.803054377254e+01 
       5.458264255419e-01       1.780104081341e+01 
       5.490364627204e-01       1.757585645096e+01 
       5.522465000247e-01       1.735496755965e+01 
       5.554565374526e-01       1.713843473220e+01 
       5.586665750020e-01       1.692615693552e+01 
       5.618766126708e-01       1.671802115578e+01 
       5.650866504569e-01       1.651392590762e+01 
       5.682966883583e-01       1.631365260764e+01 
       5.715067263732e-01       1.611706341686e+01 
       5.747167644996e-01       1.592396288384e+01 
       5.779268027356e-01       1.573416614252e+01 
       5.811368410794e-01       1.554749959026e+01 
       5.843468795292e-01       1.536381896284e+01 
       5.875569180833e-01       1.518297466595e+01 
       5.907669567400e-01       1.500486828499e+01 
       5.939769954977e-01       1.482941326136e+01 
       5.971870343546e-01       1.465655205613e+01 
       6.003970733091e-01       1.448622431876e+01 
       6.036071123599e-01       1.431844975615e+01 
       6.068171515052e-01       1.415322407918e+01 
       6.100271907436e-01       1.399057900686e+01 
       6.132372300736e-01       1.383050722026e+01 
       6.164472694938e-01       1.367301545143e+01 
       6.196573090028e-01       1.351813980250e+01 
       6.228673485993e-01       1.336584018674e+01 
       6.260773882818e-01       1.321609519269e+01 
       6.292874280490e-01       1.306883278835e+01 
       6.324974678997e-01       1.292403474570e+01 
       6.357075078326e-01       1.278157652556e+01 
       6.389175478464e-01       1.264140523960e+01 
       6.421275879400e-01       1.250342839181e+01 
       6.453376281120e-01       1.236756760184e+01 
       6.485476683615e-01       1.223374868875e+01 
       6.517577086871e-01       1.210190009539e+01 
       6.549677490879e-01       1.197197625890e+01 
       6.581777895627e-01       1.184392437614e+01 
       6.613878301103e-01       1.171768944614e+01 
       6.645978707298e-01       1.159326099458e+01 
       6.678079114202e-01       1.147061315172e+01 
       6.710179521803e-01       1.134971070855e+01 
       6.742279930092e-01       1.123055821801e+01 
       6.774380339060e-01       1.111315042673e+01 
       6.806480748696e-01       1.099742521129e+01 
       6.838581158991e-01       1.088340112250e+01 
       6.870681569936e-01       1.077104686440e+01 
       6.902781981522e-01       1.066034906355e+01 
       6.934882393739e-01       1.055127165070e+01 
       6.966982806580e-01       1.044378115150e+01 
       6.999083220035e-01       1.033786243449e+01 
       7.031183634097e-01       1.023347973209e+01 
       7.063284048756e-01       1.013059104063e+01 
       7.095384464005e-01       1.002916556502e+01 
       7.127484879835e-01       9.929150520105e+00 
       7.159585296239e-01       9.830524222684e+00 
       7.191685713210e-01       9.733254526565e+00 
       7.223786130739e-01       9.637303115916e+00 
       7.255886548819e-01       9.542649634006e+00 
       7.287986967443e-01       9.449267529554e+00 
       7.320087386603e-01       9.357149877595e+00 
       7.352187806293e-01       9.266255731011e+00 
       7.384288226506e-01       9.176579606033e+00 
       7.416388647235e-01       9.088103926303e+00 
       7.448489068473e-01       9.000820858891e+00 
       7.480589490214e-01       8.914696031484e+00 
       7.512689912451e-01       8.829735984649e+00 
       7.544790335177e-01       8.745908161936e+00 
       8.247464020034e-01       7.159185748891e+00 
       9.266207651272e-01       5.494321055562e+00 
       1.088781564011e+00       3.789581749037e+00 
       1.344642259170e+00       2.311641172206e+00 
       1.690745305064e+00       1.339243794489e+00 
       2.128488139546e+00       7.667576506971e-01 
       2.679607699468e+00       4.354485178243e-01 
       3.373426226453e+00       2.454662793179e-01 
       4.246892001294e+00       1.374537788508e-01 
       5.346520261575e+00       7.650698757801e-02 
       6.730870221969e+00       4.234625033328e-02 
       8.473663565925e+00       2.332133858961e-02 
