# Matter power spectrum P(k) at redshift z=0
# for k=1.04437e-05 to 8.47366 h/Mpc,
# number of wavenumbers equal to 612
#    1:k (h/Mpc)              2:P (Mpc/h)^3        
       1.044373177903e-05       5.248564080529e+01 
       2.330927604903e-05       1.136121285385e+02 
       3.621997333865e-05       1.735973764231e+02 
       4.921047778906e-05       2.331148176883e+02 
       6.231601551152e-05       2.925434001327e+02 
       7.557269794060e-05       3.521645040658e+02 
       8.901784518625e-05       4.122170610581e+02 
       1.026903236755e-04       4.729200329892e+02 
       1.166309024082e-04       5.344838981312e+02 
       1.308826321835e-04       5.971175517343e+02 
       1.454912521628e-04       6.610330499837e+02 
       1.605056280722e-04       7.264492784012e+02 
       1.759782261780e-04       7.935950568862e+02 
       1.919656267993e-04       8.627119467809e+02 
       2.085290804757e-04       9.340569286279e+02 
       2.257351088475e-04       1.007905041020e+03 
       2.436561506599e-04       1.084552011043e+03 
       2.623712508693e-04       1.164316902819e+03 
       2.819667873218e-04       1.247544764548e+03 
       3.025372245862e-04       1.334609220710e+03 
       3.241858778616e-04       1.425914953843e+03 
       3.470256610625e-04       1.521899913134e+03 
       3.711797818235e-04       1.623037116569e+03 
       3.967823320131e-04       1.729835797878e+03 
       4.239787054162e-04       1.842841589846e+03 
       4.529257550406e-04       1.962635393397e+03 
       4.837915823589e-04       2.089830462073e+03 
       5.167548321797e-04       2.225067212388e+03 
       5.520033538042e-04       2.369005247006e+03 
       5.897320873923e-04       2.522312054089e+03 
       6.301400513409e-04       2.685648054774e+03 
       6.734263498083e-04       2.859647792017e+03 
       7.197851957643e-04       3.044897528939e+03 
       7.694000560484e-04       3.241909982285e+03 
       8.224371645858e-04       3.451097434268e+03 
       8.790388005590e-04       3.672745199469e+03 
       9.393168607785e-04       3.906987826133e+03 
       1.003347333412e-03       4.153790594985e+03 
       1.071166270046e-03       4.412938701494e+03 
       1.142767736947e-03       4.684035913549e+03 
       1.218104013123e-03       4.966513305037e+03 
       1.297088030040e-03       5.259647524163e+03 
       1.379597773116e-03       5.562573337059e+03 
       1.465482147216e-03       5.874325385008e+03 
       1.554567688694e-03       6.193916348504e+03 
       1.646665496857e-03       6.520299932381e+03 
       1.741577841598e-03       6.852426898481e+03 
       1.839104046123e-03       7.189269243988e+03 
       1.939045405158e-03       7.529839382166e+03 
       2.041209047508e-03       7.873204450559e+03 
       2.145410768168e-03       8.218495488541e+03 
       2.251476932713e-03       8.564912411763e+03 
       2.359245598051e-03       8.911727262718e+03 
       2.468567006640e-03       9.258281458092e+03 
       2.579303604901e-03       9.603984951222e+03 
       2.691329719073e-03       9.948313132372e+03 
       2.804530999458e-03       1.029080173301e+04 
       2.918803721038e-03       1.063104072596e+04 
       3.034054007417e-03       1.096867429493e+04 
       3.150197027005e-03       1.130338863918e+04 
       3.267156195714e-03       1.163491487007e+04 
       3.384862409045e-03       1.196301354299e+04 
       3.503253317780e-03       1.228748524374e+04 
       3.622272655202e-03       1.260815870746e+04 
       3.741869619321e-03       1.292489253438e+04 
       3.861998310469e-03       1.323756360382e+04 
       3.982617222655e-03       1.354607062600e+04 
       4.103688785824e-03       1.385032643753e+04 
       4.225178955423e-03       1.415026638871e+04 
       4.347056845410e-03       1.444582861574e+04 
       4.469294400732e-03       1.473697259119e+04 
       4.591866105418e-03       1.502366079872e+04 
       4.714748722622e-03       1.530586914500e+04 
       4.837921063216e-03       1.558357683732e+04 
       4.961363779812e-03       1.585678005953e+04 
       5.085059183374e-03       1.612548879505e+04 
       5.208991079894e-03       1.633037051398e+04 
       5.333144624820e-03       1.658773167232e+04 
       5.457506193240e-03       1.684058966234e+04 
       5.582063263989e-03       1.708895860473e+04 
       5.706804316112e-03       1.733286354231e+04 
       5.831718736247e-03       1.757233513630e+04 
       5.956796735702e-03       1.780739014458e+04 
       6.082029276119e-03       1.803807869165e+04 
       6.207408002756e-03       1.826442205838e+04 
       6.332925184544e-03       1.848645210142e+04 
       6.458573660149e-03       1.870420675050e+04 
       6.584346789399e-03       1.891773400189e+04 
       6.710238409469e-03       1.912706348881e+04 
       6.836242795317e-03       1.933224270370e+04 
       6.962354623925e-03       1.953331210065e+04 
       7.088568941917e-03       1.973030009731e+04 
       7.214881136221e-03       1.992326836579e+04 
       7.341286907449e-03       2.011224582465e+04 
       7.467782245706e-03       2.029728535065e+04 
       7.594363408599e-03       2.047843594232e+04 
       7.721026901212e-03       2.065573633832e+04 
       7.847769457842e-03       2.082921937316e+04 
       7.974588025348e-03       2.099895100286e+04 
       8.101479747930e-03       2.116496281070e+04 
       8.228441953207e-03       2.132728935394e+04 
       8.355472139485e-03       2.148599035406e+04 
       8.482567964073e-03       2.164110227217e+04 
       8.609727232581e-03       2.179266784908e+04 
       8.736947889087e-03       2.194071942489e+04 
       8.864228007095e-03       2.208529763279e+04 
       8.991565781234e-03       2.222645035216e+04 
       9.118959519597e-03       2.236420124702e+04 
       9.246407636696e-03       2.249860764498e+04 
       9.373908646961e-03       2.262969697032e+04 
       9.501461158736e-03       2.275750639455e+04 
       9.629063868741e-03       2.288207030304e+04 
       9.756715556949e-03       2.300343757130e+04 
       9.884415081846e-03       2.312162463646e+04 
       1.001216137605e-02       2.323666914055e+04 
       1.013995344226e-02       2.334861663292e+04 
       1.026779034945e-02       2.345748866952e+04 
       1.039567122945e-02       2.356334188560e+04 
       1.052359527365e-02       2.366618680801e+04 
       1.065156173003e-02       2.376606809330e+04 
       1.077956990033e-02       2.386302464702e+04 
       1.090761913753e-02       2.395708884882e+04 
       1.103570884337e-02       2.404826940196e+04 
       1.116383846614e-02       2.413666157165e+04 
       1.129200749860e-02       2.422224935623e+04 
       1.142021547607e-02       2.430507467637e+04 
       1.154846197458e-02       2.438518170155e+04 
       1.167674660921e-02       2.446261248747e+04 
       1.180506903257e-02       2.453739645262e+04 
       1.193342893331e-02       2.460953514405e+04 
       1.206182603478e-02       2.467911739720e+04 
       1.219026009379e-02       2.474612290454e+04 
       1.231873089943e-02       2.481061804217e+04 
       1.244723827200e-02       2.487261797798e+04 
       1.257578206201e-02       2.493217167363e+04 
       1.270436214921e-02       2.498930597592e+04 
       1.283297844177e-02       2.504405387847e+04 
       1.296163087546e-02       2.509644115819e+04 
       1.309031941289e-02       2.514650132878e+04 
       1.321904404286e-02       2.519425972913e+04 
       1.334780477969e-02       2.523974572639e+04 
       1.347660166266e-02       2.528298936744e+04 
       1.360543475546e-02       2.532402311168e+04 
       1.373430414573e-02       2.536285663069e+04 
       1.386320994454e-02       2.539953612234e+04 
       1.399215228605e-02       2.543406822626e+04 
       1.412113132712e-02       2.546648467490e+04 
       1.425014724695e-02       2.549682129114e+04 
       1.437920024678e-02       2.552508562914e+04 
       1.450829054966e-02       2.555133042782e+04 
       1.463741840014e-02       2.557555582239e+04 
       1.476658406415e-02       2.559779625109e+04 
       1.489578782874e-02       2.561807735112e+04 
       1.502503000195e-02       2.563643007313e+04 
       1.515431091271e-02       2.565287509379e+04 
       1.528363091071e-02       2.566744703047e+04 
       1.541299036631e-02       2.568016436603e+04 
       1.554238967050e-02       2.569105464245e+04 
       1.567182923490e-02       2.570015735899e+04 
       1.580130949166e-02       2.570747644146e+04 
       1.593083089358e-02       2.571304683427e+04 
       1.606039391403e-02       2.571688426181e+04 
       1.618999904709e-02       2.571901416780e+04 
       1.631964680757e-02       2.571947952856e+04 
       1.644933773112e-02       2.571827729654e+04 
       1.657907237430e-02       2.571544858315e+04 
       1.670885131477e-02       2.571099395297e+04 
       1.683867515137e-02       2.570499788579e+04 
       1.696854450431e-02       2.569739500252e+04 
       1.709846001535e-02       2.568826646592e+04 
       1.722842234799e-02       2.567761939762e+04 
       1.735843218768e-02       2.566547178604e+04 
       1.748849024205e-02       2.565183074263e+04 
       1.761859724115e-02       2.563678408967e+04 
       1.774875393773e-02       2.562027539375e+04 
       1.787896110751e-02       2.560234668126e+04 
       1.800921954946e-02       2.558302530922e+04 
       1.813953008614e-02       2.556233674703e+04 
       1.826989356401e-02       2.554031281256e+04 
       1.840031085378e-02       2.551694211757e+04 
       1.853078285078e-02       2.549226140427e+04 
       1.866131047532e-02       2.546631057215e+04 
       1.879189467311e-02       2.543909030943e+04 
       1.892253641567e-02       2.541060263710e+04 
       1.905323670074e-02       2.538092244280e+04 
       1.918399655274e-02       2.535000419492e+04 
       1.931481702324e-02       2.531791361147e+04 
       1.944569919147e-02       2.528466919049e+04 
       1.957664416474e-02       2.525023599301e+04 
       1.970765307907e-02       2.521479225745e+04 
       1.983872709964e-02       2.517812608751e+04 
       1.996986742140e-02       2.514042376055e+04 
       2.010107526963e-02       2.510165345556e+04 
       2.023235190053e-02       2.506181288660e+04 
       2.036369860188e-02       2.502093741213e+04 
       2.049511669362e-02       2.497904012506e+04 
       2.062660752855e-02       2.493612918727e+04 
       2.075817249303e-02       2.489229054506e+04 
       2.088981300761e-02       2.484742435344e+04 
       2.102153052786e-02       2.480169944139e+04 
       2.115332654505e-02       2.475498670112e+04 
       2.128520258694e-02       2.470737640241e+04 
       2.141716021860e-02       2.465883455072e+04 
       2.154920104321e-02       2.460948327064e+04 
       2.168132670293e-02       2.455923749426e+04 
       2.181353887980e-02       2.450815758047e+04 
       2.194583929658e-02       2.445624714524e+04 
       2.207822971775e-02       2.440354385583e+04 
       2.221071195046e-02       2.435005190800e+04 
       2.234328784549e-02       2.429575408111e+04 
       2.247595929832e-02       2.424074799448e+04 
       2.260872825016e-02       2.418491975494e+04 
       2.274159668906e-02       2.412838455142e+04 
       2.287456665102e-02       2.407120814317e+04 
       2.300764022116e-02       2.401328037734e+04 
       2.314081953489e-02       2.395466873015e+04 
       2.327410677919e-02       2.389530184498e+04 
       2.340750419386e-02       2.383541885873e+04 
       2.354101407282e-02       2.377498326925e+04 
       2.367463876549e-02       2.371367629949e+04 
       2.380838067815e-02       2.365190415098e+04 
       2.394224227544e-02       2.358954065988e+04 
       2.407622608180e-02       2.352658596711e+04 
       2.421033468303e-02       2.346299279688e+04 
       2.434457072787e-02       2.339890228561e+04 
       2.447893692961e-02       2.333424763881e+04 
       2.461343606785e-02       2.326912327851e+04 
       2.474807099017e-02       2.320344017388e+04 
       2.488284461397e-02       2.313723478068e+04 
       2.501775992833e-02       2.307065733144e+04 
       2.515281999593e-02       2.300350570537e+04 
       2.528802795504e-02       2.293589460637e+04 
       2.542338702155e-02       2.286785005924e+04 
       2.555890049113e-02       2.279936312981e+04 
       2.569457174141e-02       2.273048261563e+04 
       2.583040423424e-02       2.266121104827e+04 
       2.596640151804e-02       2.259148451451e+04 
       2.610256723024e-02       2.252141360853e+04 
       2.623890509977e-02       2.245092040192e+04 
       2.637541894967e-02       2.238010742251e+04 
       2.651211269979e-02       2.230891817953e+04 
       2.664899036956e-02       2.223739672091e+04 
       2.678605608087e-02       2.216552157708e+04 
       2.692331406106e-02       2.209333096949e+04 
       2.706076864602e-02       2.202087522759e+04 
       2.719842428338e-02       2.194813014667e+04 
       2.733628553587e-02       2.187503651083e+04 
       2.747435708469e-02       2.180177435359e+04 
       2.761264373316e-02       2.172804466765e+04 
       2.775115041037e-02       2.165417026649e+04 
       2.788988217504e-02       2.158010658164e+04 
       2.802884421952e-02       2.150573473022e+04 
       2.816804187389e-02       2.143115178783e+04 
       2.830748061029e-02       2.135635679676e+04 
       2.844716604739e-02       2.128136129873e+04 
       2.858710395498e-02       2.120618362613e+04 
       2.872730025884e-02       2.113081140478e+04 
       2.886776104571e-02       2.105516402546e+04 
       2.900849256850e-02       2.097941319832e+04 
       2.914950125174e-02       2.090351990016e+04 
       2.929079369716e-02       2.082742903839e+04 
       2.943237668961e-02       2.075127551251e+04 
       2.957425720311e-02       2.067487184046e+04 
       2.971644240725e-02       2.059835589984e+04 
       2.985893967380e-02       2.052173835376e+04 
       3.000175658358e-02       2.044497314708e+04 
       3.014490093370e-02       2.036812340880e+04 
       3.028838074505e-02       2.029120833371e+04 
       3.043220427012e-02       2.021412171781e+04 
       3.057638000114e-02       2.013696934006e+04 
       3.072091667867e-02       2.005977940039e+04 
       3.086582330044e-02       1.998245968459e+04 
       3.101110913069e-02       1.990509177720e+04 
       3.115678370990e-02       1.982766231032e+04 
       3.130285686491e-02       1.975019813361e+04 
       3.144933871959e-02       1.967262358197e+04 
       3.159623970596e-02       1.959504772960e+04 
       3.174357057585e-02       1.951745114712e+04 
       3.189134241305e-02       1.943976117367e+04 
       3.203956664613e-02       1.936213330440e+04 
       3.218825506183e-02       1.928436449289e+04 
       3.233741981911e-02       1.920665623183e+04 
       3.248707346385e-02       1.912892025113e+04 
       3.263722894438e-02       1.905119769769e+04 
       3.278789962764e-02       1.897339255810e+04 
       3.293909931633e-02       1.889568580391e+04 
       3.309084226679e-02       1.881792843694e+04 
       3.324314320788e-02       1.874021507223e+04 
       3.339601736080e-02       1.866249401916e+04 
       3.354948046004e-02       1.858474631269e+04 
       3.370354877532e-02       1.850707312398e+04 
       3.385823913482e-02       1.842939654241e+04 
       3.401356894961e-02       1.835178978250e+04 
       3.416955623944e-02       1.827417309083e+04 
       3.432621966000e-02       1.819659586312e+04 
       3.448357853164e-02       1.811904185035e+04 
       3.464165286981e-02       1.804157558038e+04 
       3.480046341713e-02       1.796410739751e+04 
       3.496003167748e-02       1.788664061279e+04 
       3.512037995195e-02       1.780928889831e+04 
       3.528153137701e-02       1.773196741163e+04 
       3.544350996498e-02       1.765469130084e+04 
       3.560634064689e-02       1.757745526529e+04 
       3.577004931807e-02       1.750026378069e+04 
       3.593466288655e-02       1.742312733735e+04 
       3.610020932449e-02       1.734607926635e+04 
       3.626671772294e-02       1.726905075156e+04 
       3.643421835010e-02       1.719208828048e+04 
       3.660274271347e-02       1.711519683833e+04 
       3.677232362602e-02       1.703836012826e+04 
       3.694299527692e-02       1.696154006486e+04 
       3.711479330703e-02       1.688477869836e+04 
       3.728775488961e-02       1.680813670424e+04 
       3.746191881667e-02       1.673146880511e+04 
       3.763732559147e-02       1.665488550209e+04 
       3.781401752768e-02       1.657832100939e+04 
       3.799203885571e-02       1.650185803301e+04 
       3.817143583699e-02       1.642536883733e+04 
       3.835225688674e-02       1.634902106061e+04 
       3.853455270617e-02       1.627266355568e+04 
       3.871837642481e-02       1.619636921775e+04 
       3.890378375402e-02       1.612008135744e+04 
       3.909083315280e-02       1.604386702547e+04 
       3.927958600685e-02       1.596764722800e+04 
       3.947010682245e-02       1.589152194311e+04 
       3.966246343644e-02       1.581532022020e+04 
       3.985672724402e-02       1.573917985411e+04 
       4.005297344610e-02       1.566308030906e+04 
       4.025128131841e-02       1.558697903485e+04 
       4.045173450437e-02       1.551089001697e+04 
       4.065442133470e-02       1.543479008955e+04 
       4.085943517620e-02       1.535867072945e+04 
       4.106687481340e-02       1.528254693329e+04 
       4.127684486649e-02       1.520639738763e+04 
       4.148945624986e-02       1.513022446553e+04 
       4.170482667596e-02       1.505396370675e+04 
       4.192308120988e-02       1.497772694635e+04 
       4.214435288092e-02       1.490141499056e+04 
       4.236878335811e-02       1.482502544348e+04 
       4.259652369772e-02       1.474855677063e+04 
       4.282773517230e-02       1.467198768929e+04 
       4.306259019159e-02       1.459531044389e+04 
       4.330127332796e-02       1.451854175702e+04 
       4.354398246051e-02       1.444165098408e+04 
       4.379093005442e-02       1.436460027384e+04 
       4.404234459494e-02       1.428738239541e+04 
       4.429847219857e-02       1.420998399631e+04 
       4.455957842772e-02       1.413236893611e+04 
       4.482595034003e-02       1.405456853199e+04 
       4.509789880893e-02       1.397652851153e+04 
       4.537576115858e-02       1.389821122387e+04 
       4.565990416469e-02       1.381963545130e+04 
       4.595072748235e-02       1.374064153796e+04 
       4.624866757410e-02       1.366140149499e+04 
       4.655420222597e-02       1.358176830099e+04 
       4.686785575741e-02       1.350170331586e+04 
       4.719020505321e-02       1.342121110349e+04 
       4.752188657294e-02       1.334016300448e+04 
       4.786360452786e-02       1.325864345822e+04 
       4.821614045798e-02       1.317648703393e+04 
       4.858036449574e-02       1.309369540994e+04 
       4.895724867030e-02       1.301021017330e+04 
       4.934788269206e-02       1.292584858067e+04 
       4.975349276556e-02       1.284071148549e+04 
       5.017546411647e-02       1.275458853309e+04 
       5.061536809470e-02       1.266739978108e+04 
       5.107499493909e-02       1.257902941049e+04 
       5.155639357474e-02       1.248935050910e+04 
       5.206192017583e-02       1.239815823998e+04 
       5.259429768121e-02       1.230534943286e+04 
       5.315668901376e-02       1.221057791684e+04 
       5.375278743296e-02       1.211368234159e+04 
       5.438692822797e-02       1.201430141481e+04 
       5.506422676549e-02       1.191197073963e+04 
       5.579074855481e-02       1.180626766143e+04 
       5.657371705701e-02       1.169646546930e+04 
       5.742176355151e-02       1.158182385725e+04 
       5.834521870770e-02       1.146120916965e+04 
       5.935643425043e-02       1.133323010975e+04 
       6.047009938112e-02       1.119598351406e+04 
       6.170347117656e-02       1.104703286362e+04 
       6.307635956409e-02       1.088291706820e+04 
       6.461059040788e-02       1.069932724422e+04 
       6.632854231659e-02       1.049065041921e+04 
       6.825032862011e-02       1.025026505327e+04 
       7.038952468941e-02       9.971053178730e+03 
       7.274828207117e-02       9.647158594708e+03 
       7.531397161699e-02       9.276151256553e+03 
       7.805986058196e-02       8.861238381059e+03 
       8.095041121249e-02       8.412377586787e+03 
       8.394870119461e-02       7.945099839003e+03 
       8.702237710994e-02       7.477817643686e+03 
       9.014635550028e-02       7.028625140415e+03 
       9.330279004634e-02       6.612771409583e+03 
       9.647969975338e-02       6.241125107045e+03 
       9.966934070826e-02       5.919629956618e+03 
       1.028668270596e-01       5.649539548110e+03 
       1.060691223257e-01       5.428146667655e+03 
       1.092743568048e-01       5.249619511952e+03 
       1.124813856850e-01       5.105901707317e+03 
       1.156895103225e-01       4.987731731394e+03 
       1.188983051416e-01       4.885342824482e+03 
       1.221075111280e-01       4.789453057529e+03 
       1.253169706603e-01       4.691957897138e+03 
       1.285265877700e-01       4.586607007635e+03 
       1.317363039568e-01       4.469521650456e+03 
       1.349460834879e-01       4.339309856781e+03 
       1.381559044675e-01       4.197055366464e+03 
       1.413657534140e-01       4.045696542304e+03 
       1.445756219677e-01       3.889621425649e+03 
       1.477855048910e-01       3.733753954991e+03 
       1.509953988538e-01       3.582994016381e+03 
       1.542053016953e-01       3.441612498486e+03 
       1.574152119755e-01       3.312891835271e+03 
       1.606251287009e-01       3.198871947336e+03 
       1.638350511588e-01       3.100349199181e+03 
       1.670449788144e-01       3.016917480710e+03 
       1.702549112486e-01       2.947210096881e+03 
       1.734648481192e-01       2.889056878948e+03 
       1.766747891369e-01       2.839778748825e+03 
       1.798847340501e-01       2.796456990003e+03 
       1.830946826356e-01       2.756334569729e+03 
       1.863046346915e-01       2.717060119044e+03 
       1.895145900340e-01       2.675801900758e+03 
       1.927245484936e-01       2.630987283605e+03 
       1.959345099137e-01       2.581807246822e+03 
       1.991444741485e-01       2.528259383148e+03 
       2.023544410622e-01       2.470961170870e+03 
       2.055644105278e-01       2.411061993263e+03 
       2.087743824264e-01       2.350013464152e+03 
       2.119843566465e-01       2.289380679850e+03 
       2.151943330832e-01       2.230631417953e+03 
       2.184043116381e-01       2.175032917366e+03 
       2.216142922184e-01       2.123522086626e+03 
       2.248242747367e-01       2.076683062979e+03 
       2.280342591106e-01       2.034735049438e+03 
       2.312442452623e-01       1.997560053746e+03 
       2.344542331182e-01       1.964741547101e+03 
       2.376642226089e-01       1.935639964560e+03 
       2.408742136685e-01       1.909457943261e+03 
       2.440842062347e-01       1.885313897077e+03 
       2.472942002486e-01       1.862332781213e+03 
       2.505041956540e-01       1.839703010894e+03 
       2.537141923979e-01       1.816749133831e+03 
       2.569241904297e-01       1.792975942087e+03 
       2.601341897015e-01       1.768106686032e+03 
       2.633441901676e-01       1.742074809759e+03 
       2.665541917848e-01       1.715016903266e+03 
       2.697641945115e-01       1.687229931715e+03 
       2.729741983085e-01       1.659123386342e+03 
       2.761842031383e-01       1.631161958470e+03 
       2.793942089649e-01       1.603810347237e+03 
       2.826042157543e-01       1.577480541397e+03 
       2.858142234739e-01       1.552496514897e+03 
       2.890242320924e-01       1.529073140169e+03 
       2.922342415802e-01       1.507313541401e+03 
       2.954442519086e-01       1.487197671350e+03 
       2.986542630505e-01       1.468612273254e+03 
       3.018642749798e-01       1.451363432763e+03 
       3.050742876715e-01       1.435203893312e+03 
       3.082843011016e-01       1.419862837238e+03 
       3.114943152472e-01       1.405061364988e+03 
       3.147043300863e-01       1.390553050024e+03 
       3.179143455977e-01       1.376126815157e+03 
       3.211243617613e-01       1.361622748975e+03 
       3.243343785576e-01       1.346950637172e+03 
       3.275443959678e-01       1.332075473656e+03 
       3.307544139741e-01       1.317021314621e+03 
       3.339644325590e-01       1.301858403806e+03 
       3.371744517061e-01       1.286692255111e+03 
       3.403844713994e-01       1.271647957882e+03 
       3.435944916234e-01       1.256853817450e+03 
       3.468045123634e-01       1.242429462992e+03 
       3.500145336051e-01       1.228476680796e+03 
       3.532245553348e-01       1.215067652757e+03 
       3.564345775392e-01       1.202240715537e+03 
       3.596446002056e-01       1.190004907483e+03 
       3.628546233216e-01       1.178334841081e+03 
       3.660646468753e-01       1.167180246842e+03 
       3.692746708554e-01       1.156473327252e+03 
       3.724846952507e-01       1.146133007832e+03 
       3.756947200505e-01       1.136079154330e+03 
       3.789047452446e-01       1.126231391239e+03 
       3.821147708228e-01       1.116523130991e+03 
       3.853247967757e-01       1.106902917971e+03 
       3.885348230939e-01       1.097336385207e+03 
       3.917448497683e-01       1.087806868571e+03 
       3.949548767902e-01       1.078314086872e+03 
       3.981649041512e-01       1.068872259317e+03 
       4.013749318432e-01       1.059505249872e+03 
       4.045849598582e-01       1.050241995801e+03 
       4.077949881885e-01       1.041114432315e+03 
       4.110050168268e-01       1.032151259276e+03 
       4.142150457659e-01       1.023380898932e+03 
       4.174250749987e-01       1.014818392844e+03 
       4.206351045186e-01       1.006478008676e+03 
       4.238451343190e-01       9.983620439042e+02 
       4.270551643935e-01       9.904725135236e+02 
       4.302651947360e-01       9.827946939560e+02 
       4.334752253405e-01       9.753176349377e+02 
       4.366852562012e-01       9.680215069192e+02 
       4.398952873125e-01       9.608861248240e+02 
       4.431053186690e-01       9.538918011573e+02 
       4.463153502652e-01       9.470182258329e+02 
       4.495253820961e-01       9.402452385184e+02 
       4.527354141566e-01       9.335596236785e+02 
       4.559454464419e-01       9.269496955011e+02 
       4.591554789473e-01       9.204081409948e+02 
       4.623655116681e-01       9.139310531330e+02 
       4.655755445999e-01       9.075197822532e+02 
       4.687855777383e-01       9.011791360539e+02 
       4.719956110791e-01       8.949146528916e+02 
       4.752056446181e-01       8.887346998168e+02 
       4.784156783515e-01       8.826466092274e+02 
       4.816257122752e-01       8.766590528417e+02 
       4.848357463856e-01       8.707773453961e+02 
       4.880457806788e-01       8.650051490271e+02 
       4.912558151513e-01       8.593440824829e+02 
       4.944658497996e-01       8.537923634181e+02 
       4.976758846203e-01       8.483461256125e+02 
       5.008859196100e-01       8.429993889106e+02 
       5.040959547656e-01       8.377452328659e+02 
       5.073059900838e-01       8.325754178550e+02 
       5.105160255616e-01       8.274819609431e+02 
       5.137260611959e-01       8.224578306749e+02 
       5.169360969839e-01       8.174963772809e+02 
       5.201461329228e-01       8.125933642427e+02 
       5.233561690096e-01       8.077453514241e+02 
       5.265662052417e-01       8.029509164449e+02 
       5.297762416165e-01       7.982096575736e+02 
       5.329862781314e-01       7.935223694628e+02 
       5.361963147838e-01       7.888903347048e+02 
       5.394063515712e-01       7.843153965735e+02 
       5.426163884914e-01       7.797990278447e+02 
       5.458264255419e-01       7.753424007435e+02 
       5.490364627204e-01       7.709464030350e+02 
       5.522465000247e-01       7.666111856058e+02 
       5.554565374526e-01       7.623362661820e+02 
       5.586665750020e-01       7.581206426139e+02 
       5.618766126708e-01       7.539631414856e+02 
       5.650866504569e-01       7.498618545661e+02 
       5.682966883583e-01       7.458145681469e+02 
       5.715067263732e-01       7.418195288471e+02 
       5.747167644996e-01       7.378736516584e+02 
       5.779268027356e-01       7.339759802897e+02 
       5.811368410794e-01       7.301236862603e+02 
       5.843468795292e-01       7.263153653936e+02 
       5.875569180833e-01       7.225488678369e+02 
       5.907669567400e-01       7.188234396131e+02 
       5.939769954977e-01       7.151376608190e+02 
       5.971870343546e-01       7.114912240766e+02 
       6.003970733091e-01       7.078837424011e+02 
       6.036071123599e-01       7.043141386563e+02 
       6.068171515052e-01       7.007829799906e+02 
       6.100271907436e-01       6.972900829885e+02 
       6.132372300736e-01       6.938355103655e+02 
       6.164472694938e-01       6.904188651066e+02 
       6.196573090028e-01       6.870401243464e+02 
       6.228673485993e-01       6.836988848090e+02 
       6.260773882818e-01       6.803948597371e+02 
       6.292874280490e-01       6.771271386537e+02 
       6.324974678997e-01       6.738949771867e+02 
       6.357075078326e-01       6.706972880060e+02 
       6.389175478464e-01       6.675333571721e+02 
       6.421275879400e-01       6.644021330338e+02 
       6.453376281120e-01       6.613026717975e+02 
       6.485476683615e-01       6.582340073277e+02 
       6.517577086871e-01       6.551955352643e+02 
       6.549677490879e-01       6.521862527443e+02 
       6.581777895627e-01       6.492060074961e+02 
       6.613878301103e-01       6.462539717248e+02 
       6.645978707298e-01       6.433298445804e+02 
       6.678079114202e-01       6.404332188107e+02 
       6.710179521803e-01       6.375638104234e+02 
       6.742279930092e-01       6.347212473551e+02 
       6.774380339060e-01       6.319053198428e+02 
       6.806480748696e-01       6.291156739180e+02 
       6.838581158991e-01       6.263520228931e+02 
       6.870681569936e-01       6.236141062559e+02 
       6.902781981522e-01       6.209013012384e+02 
       6.934882393739e-01       6.182136154898e+02 
       6.966982806580e-01       6.155504294476e+02 
       6.999083220035e-01       6.129113314326e+02 
       7.031183634097e-01       6.102959739593e+02 
       7.063284048756e-01       6.077038769737e+02 
       7.095384464005e-01       6.051346441678e+02 
       7.127484879835e-01       6.025876282482e+02 
       7.159585296239e-01       6.000625430491e+02 
       7.191685713210e-01       5.975590365157e+02 
       7.223786130739e-01       5.950766927154e+02 
       7.255886548819e-01       5.926151818538e+02 
       7.287986967443e-01       5.901740986651e+02 
       7.320087386603e-01       5.877531918225e+02 
       7.352187806293e-01       5.853522358492e+02 
       7.384288226506e-01       5.829709152534e+02 
       7.416388647235e-01       5.806090915633e+02 
       7.448489068473e-01       5.782662425655e+02 
       7.480589490214e-01       5.759425115481e+02 
       7.512689912451e-01       5.736373610629e+02 
       7.544790335177e-01       5.713505650653e+02 
       8.247464020034e-01       5.254204439928e+02 
       9.266207651272e-01       4.699607544833e+02 
       1.088781564011e+00       4.001936413325e+02 
       1.344642259170e+00       3.189159403256e+02 
       1.690745305064e+00       2.421164853862e+02 
       2.128488139546e+00       1.769590802928e+02 
       2.679607699468e+00       1.245214497818e+02 
       3.373426226453e+00       8.462621775701e+01 
       4.246892001294e+00       5.583234222581e+01 
       5.346520261575e+00       3.595369978666e+01 
       6.730870221969e+00       2.271205989646e+01 
       8.473663565925e+00       1.413507367957e+01 
