* Title: A Multiplet Table for Neutral Helium (^4^He I) with Transition Rates
* Authors: Drake, G.W.F., Morton D.C.
* Table: Multiplet Table for ^4^He Triplet - Singlet Transitions
* 
* Based on file datafile7_noheader.txt
* 
* n    Lower(nslj)  Upper(nslj)       Wave(A)        Elow(eV)        Eup(eV)       Aul(s-1)    f-value 
742    2  1  0  1   2  0  1  1     8.866095e+03   19.8196144273   21.2180225778  1.4423e+00  1.7000e-08
743    2  1  1  1   3  0  2  2     5.876088e+03   20.9640962436   23.0740746365  1.2324e+04  1.0632e-04
743    2  1  1  2   3  0  2  2     5.876062e+03   20.9640867681   23.0740746365  4.3097e+03  2.2307e-05
744    2  1  1  1   4  0  2  2     4.472349e+03   20.9640962436   23.7363348612  2.2565e+03  1.1276e-05
744    2  1  1  2   4  0  2  2     4.472334e+03   20.9640867681   23.7363348612  7.9822e+02  2.3933e-06
745    2  1  1  1   5  0  2  2     4.027152e+03   20.9640962436   24.0428032318  8.3444e+02  3.3809e-06
746    3  1  0  1   3  0  1  1     3.364089e+04   22.7184662671   23.0870183697  1.4612e-01  2.4796e-08
747    3  1  1  1   3  0  2  2     1.850540e+05   23.0070757103   23.0740746365  2.3169e+00  1.9854e-05
747    3  1  1  2   3  0  2  2     1.850465e+05   23.0070729858   23.0740746365  8.0194e-01  4.1232e-06
748    3  1  1  1   4  0  2  2     1.700139e+04   23.0070757103   23.7363348612  6.0382e+02  4.3605e-05
748    3  1  1  2   4  0  2  2     1.700133e+04   23.0070729858   23.7363348612  2.1479e+02  9.3067e-06
749    3  1  1  1   5  0  2  2     1.197073e+04   23.0070757103   24.0428032318  2.4997e+02  8.9489e-06
749    3  1  1  2   5  0  2  2     1.197070e+04   23.0070729858   24.0428032318  8.8991e+01  1.9115e-06
750    3  1  1  1   6  0  2  2     1.031333e+04   23.0070757103   24.2092496103  1.2703e+02  3.3755e-06
751    3  1  1  1   7  0  2  2     9.518783e+03   23.0070757103   24.3095971955  7.3873e+01  1.6722e-06
752    3  1  2  1   3  0  1  1     9.278844e+05   23.0736563387   23.0870183697  2.8333e-06  3.6735e-10
752    3  1  2  2   3  0  1  1     9.275040e+05   23.0736508585   23.0870183697  3.9860e-02  3.1008e-06
753    3  1  2  2   4  0  1  1     1.854887e+04   23.0736508585   23.7420698950  6.9189e+01  2.1408e-06
754    3  1  2  2   4  0  3  3     1.869037e+04   23.0736508585   23.7370095485  4.2938e+06  3.1474e-01
754    3  1  2  3   4  0  3  3     1.869036e+04   23.0736505471   23.7370095485  5.6112e+05  2.9379e-02
755    3  1  2  2   5  0  3  3     1.278841e+04   23.0736508585   24.0431554684  1.1684e+06  4.0095e-02
755    3  1  2  3   5  0  3  3     1.278840e+04   23.0736505471   24.0431554684  1.5372e+05  3.7680e-03
756    3  1  2  2   6  0  3  3     1.091598e+04   23.0736508585   24.2094555822  4.8843e+05  1.2212e-02
756    3  1  2  3   6  0  3  3     1.091598e+04   23.0736505471   24.2094555822  6.4549e+04  1.1528e-03
757    3  1  2  2   7  0  3  3     1.003046e+04   23.0736508585   24.3097277115  2.5370e+05  5.3559e-03
757    3  1  2  3   7  0  3  3     1.003046e+04   23.0736505471   24.3097277115  3.3628e+04  5.0709e-04
758    3  1  2  2   8  0  3  3     9.528770e+03   23.0736508585   24.3748071433  1.5015e+05  2.8607e-03
758    3  1  2  3   8  0  3  3     9.528768e+03   23.0736505471   24.3748071433  1.9944e+04  2.7141e-04
759    3  1  2  2   9  0  3  3     9.212855e+03   23.0736508585   24.4194247524  9.6907e+04  1.7259e-03
759    3  1  2  3   9  0  3  3     9.212853e+03   23.0736505471   24.4194247524  1.2891e+04  1.6399e-04
760    3  1  2  2  10  0  3  3     8.999438e+03   23.0736508585   24.4513390725  6.6513e+04  1.1303e-03
760    3  1  2  3  10  0  3  3     8.999436e+03   23.0736505471   24.4513390725  8.8574e+03  1.0752e-04
761    4  1  0  1   4  0  1  1     8.371012e+04   23.5939585421   23.7420698950  3.1254e-02  3.2840e-08
762    4  1  1  1   4  0  2  2     4.359088e+05   23.7078921703   23.7363348612  3.9467e-01  1.8765e-05
762    4  1  1  2   4  0  2  2     4.358917e+05   23.7078910549   23.7363348612  1.3841e-01  3.9485e-06
763    4  1  1  1   5  0  2  2     3.702004e+04   23.7078921703   24.0428032318  9.1222e+01  3.1234e-05
763    4  1  1  2   5  0  2  2     3.701991e+04   23.7078910549   24.0428032318  3.2759e+01  6.7299e-06
764    4  1  1  1   6  0  2  2     2.472970e+04   23.7078921703   24.2092496103  5.1475e+01  7.8644e-06
764    4  1  1  2   6  0  2  2     2.472965e+04   23.7078910549   24.2092496103  1.8418e+01  1.6884e-06
765    4  1  1  1   7  0  2  2     2.060548e+04   23.7078921703   24.3095971955  3.0856e+01  3.2729e-06
766    4  1  1  1   8  0  2  2     1.859315e+04   23.7078921703   24.3747193574  1.9893e+01  1.7180e-06
767    4  1  2  1   4  0  1  1     2.074204e+06   23.7360924609   23.7420698950  1.0241e-06  6.6338e-10
767    4  1  2  2   4  0  1  1     2.073408e+06   23.7360901647   23.7420698950  8.0579e-03  3.1318e-06
768    4  1  2  2   4  0  3  3     1.348558e+07   23.7360901647   23.7370095485  2.7852e-02  1.0684e-03
768    4  1  2  3   4  0  3  3     1.348339e+07   23.7360900157   23.7370095485  3.5957e-03  9.8523e-05
769    4  1  2  2   5  0  1  1     4.003234e+04   23.7360901647   24.0458002265  2.0046e+01  2.8891e-06
770    4  1  2  2   5  0  3  3     4.037714e+04   23.7360901647   24.0431554684  6.6970e+05  2.2910e-01
770    4  1  2  3   5  0  3  3     4.037712e+04   23.7360900157   24.0431554684  8.6889e+04  2.1232e-02
771    4  1  2  2   6  0  1  1     2.610675e+04   23.7360901647   24.2110024936  1.0088e+01  6.1832e-07
772    4  1  2  2   6  0  3  3     2.619207e+04   23.7360901647   24.2094555822  2.9609e+05  4.2622e-02
772    4  1  2  3   6  0  3  3     2.619206e+04   23.7360900157   24.2094555822  3.8539e+04  3.9626e-03
773    4  1  2  2   7  0  3  3     2.161368e+04   23.7360901647   24.3097277115  1.5620e+05  1.5311e-02
773    4  1  2  3   7  0  3  3     2.161368e+04   23.7360900157   24.3097277115  2.0375e+04  1.4266e-03
774    4  1  2  2   8  0  3  3     1.941145e+04   23.7360901647   24.3748071433  9.3069e+04  7.3585e-03
774    4  1  2  3   8  0  3  3     1.941144e+04   23.7360900157   24.3748071433  1.2158e+04  6.8663e-04
775    4  1  2  2   9  0  3  3     1.814400e+04   23.7360901647   24.4194247524  6.0284e+04  4.1643e-03
775    4  1  2  3   9  0  3  3     1.814399e+04   23.7360900157   24.4194247524  7.8839e+03  3.8900e-04
776    4  1  2  2  10  0  3  3     1.733441e+04   23.7360901647   24.4513390725  4.1467e+04  2.6145e-03
776    4  1  2  3  10  0  3  3     1.733441e+04   23.7360900157   24.4513390725  5.4273e+03  2.4442e-04
777    4  1  3  3   5  0  2  2     4.054466e+04   23.7370066334   24.0428032318  1.8332e+04  3.2262e-03
778    4  1  3  4   5  0  4  4     4.049008e+04   23.7370075186   24.0432163511  1.2799e+05  3.1450e-02
778    4  1  3  3   5  0  4  4     4.048996e+04   23.7370066334   24.0432163511  4.2449e+04  1.3411e-02
779    4  1  3  3   6  0  2  2     2.625432e+04   23.7370066334   24.2092496103  7.8046e+03  5.7592e-04
780    4  1  3  4   6  0  4  4     2.624089e+04   23.7370075186   24.2094921997  4.1289e+04  4.2612e-03
780    4  1  3  3   6  0  4  4     2.624084e+04   23.7370066334   24.2094921997  1.3603e+04  1.8050e-03
781    4  1  3  3   7  0  2  2     2.165320e+04   23.7370066334   24.3095971955  4.0948e+03  2.0554e-04
782    4  1  3  4   7  0  4  4     2.164741e+04   23.7370075186   24.3097512956  1.9417e+04  1.3638e-03
782    4  1  3  3   7  0  4  4     2.164738e+04   23.7370066334   24.3097512956  6.3643e+03  5.7471e-04
783    4  1  3  3   8  0  2  2     1.944201e+04   23.7370066334   24.3747193574  2.4454e+03  9.8957e-05
784    4  1  3  4   8  0  4  4     1.943888e+04   23.7370075186   24.3748231706  1.0949e+04  6.2009e-04
784    4  1  3  3   8  0  4  4     1.943885e+04   23.7370066334   24.3748231706  3.5753e+03  2.6034e-04
785    4  1  3  3   9  0  2  2     1.817001e+04   23.7370066334   24.4193629293  1.5903e+03  5.6209e-05
786    4  1  3  4   9  0  4  4     1.816808e+04   23.7370075186   24.4194361185  6.8772e+03  3.4023e-04
786    4  1  3  3   9  0  4  4     1.816806e+04   23.7370066334   24.4194361185  2.2394e+03  1.4244e-04
787    4  1  3  3  10  0  2  2     1.735775e+04   23.7370066334   24.4512939158  1.0983e+03  3.5426e-05
788    4  1  3  4  10  0  4  4     1.735647e+04   23.7370075186   24.4513474155  4.6421e+03  2.0959e-04
788    4  1  3  3  10  0  4  4     1.735645e+04   23.7370066334   24.4513474155  1.5084e+03  8.7564e-05
789    5  1  0  1   5  0  1  1     1.679343e+05   23.9719712396   24.0458002265  9.6778e-03  4.0926e-08
790    5  1  1  1   5  0  2  2     8.505008e+05   24.0282254449   24.0428032318  1.1325e-01  2.0497e-05
790    5  1  1  2   5  0  2  2     8.504681e+05   24.0282248841   24.0428032318  3.9960e-02  4.3395e-06
791    5  1  1  1   6  0  2  2     6.849041e+04   24.0282254449   24.2092496103  2.3039e+01  2.7000e-05
791    5  1  1  2   6  0  2  2     6.849020e+04   24.0282248841   24.2092496103  8.3221e+00  5.8518e-06
792    5  1  1  1   7  0  2  2     4.406419e+04   24.0282254449   24.3095971955  1.5240e+01  7.3924e-06
792    5  1  1  2   7  0  2  2     4.406411e+04   24.0282248841   24.3095971955  5.4724e+00  1.5927e-06
793    5  1  1  1   8  0  2  2     3.578250e+04   24.0282254449   24.3747193574  1.0095e+01  3.2290e-06
794    5  1  1  1   9  0  2  2     3.169837e+04   24.0282254449   24.4193629293  6.9729e+00  1.7503e-06
795    5  1  2  1   5  0  1  1     3.952427e+06   24.0426633139   24.0458002265  3.9493e-07  9.2881e-10
795    5  1  2  2   5  0  1  1     3.950951e+06   24.0426621412   24.0458002265  2.5013e-03  3.5296e-06
796    5  1  2  2   5  0  3  3     2.513224e+07   24.0426621412   24.0431554684  1.2736e-02  1.6958e-03
796    5  1  2  3   5  0  3  3     2.512819e+07   24.0426620616   24.0431554684  1.6453e-03  1.5648e-04
797    5  1  2  2   6  0  1  1     7.365091e+04   24.0426621412   24.2110024936  8.0749e+00  3.9392e-06
798    5  1  2  2   6  0  3  3     7.433398e+04   24.0426621412   24.2094555822  1.6616e+05  1.9265e-01
798    5  1  2  3   6  0  3  3     7.433394e+04   24.0426620616   24.2094555822  2.1529e+04  1.7830e-02
799    5  1  2  2   7  0  1  1     4.625485e+04   24.0426621412   24.3107079931  4.5090e+00  8.6756e-07
800    5  1  2  2   7  0  3  3     4.642463e+04   24.0426621412   24.3097277115  9.2248e+04  4.1718e-02
800    5  1  2  3   7  0  3  3     4.642461e+04   24.0426620616   24.3097277115  1.1975e+04  3.8683e-03
801    5  1  2  2   8  0  3  3     3.732833e+04   24.0426621412   24.3748071433  5.5678e+04  1.6279e-02
801    5  1  2  3   8  0  3  3     3.732833e+04   24.0426620616   24.3748071433  7.2374e+03  1.5115e-03
802    5  1  2  2   9  0  3  3     3.290778e+04   24.0426621412   24.4194247524  3.6250e+04  8.2371e-03
802    5  1  2  3   9  0  3  3     3.290777e+04   24.0426620616   24.4194247524  4.7164e+03  7.6551e-04
803    5  1  2  2  10  0  3  3     3.033795e+04   24.0426621412   24.4513390725  2.4999e+04  4.8280e-03
803    5  1  2  3  10  0  3  3     3.033794e+04   24.0426620616   24.4513390725  3.2548e+03  4.4899e-04
804    5  1  3  3   6  0  2  2     7.464624e+04   24.0431539041   24.2092496103  1.1713e+04  6.9871e-03
805    5  1  3  4   6  0  4  4     7.453754e+04   24.0431542858   24.2094921997  3.3229e+04  2.7670e-02
805    5  1  3  3   6  0  4  4     7.453737e+04   24.0431539041   24.2094921997  2.9839e+04  3.1946e-02
806    5  1  3  3   7  0  2  2     4.653305e+04   24.0431539041   24.3095971955  5.7362e+03  1.3297e-03
807    5  1  3  4   7  0  4  4     4.650622e+04   24.0431542858   24.3097512956  1.6472e+04  5.3396e-03
807    5  1  3  3   7  0  4  4     4.650615e+04   24.0431539041   24.3097512956  1.4750e+04  6.1475e-03
808    5  1  3  3   8  0  2  2     3.739358e+04   24.0431539041   24.3747193574  3.2682e+03  4.8923e-04
809    5  1  3  4   8  0  4  4     3.738192e+04   24.0431542858   24.3748231706  9.4178e+03  1.9725e-03
809    5  1  3  3   8  0  4  4     3.738188e+04   24.0431539041   24.3748231706  8.4161e+03  2.2663e-03
810    5  1  3  3   9  0  2  2     3.295620e+04   24.0431539041   24.4193629293  2.0622e+03  2.3978e-04
811    5  1  3  4   9  0  4  4     3.294982e+04   24.0431542858   24.4194361185  5.9495e+03  9.6812e-04
811    5  1  3  3   9  0  4  4     3.294979e+04   24.0431539041   24.4194361185  5.3084e+03  1.1106e-03
812    5  1  3  3  10  0  2  2     3.037786e+04   24.0431539041   24.4512939158  1.3955e+03  1.3787e-04
813    5  1  3  4  10  0  4  4     3.037391e+04   24.0431542858   24.4513474155  4.0276e+03  5.5691e-04
813    5  1  3  3  10  0  4  4     3.037388e+04   24.0431539041   24.4513474155  3.5895e+03  6.3815e-04
814    5  1  4  3   6  0  3  3     7.458170e+04   24.0432161409   24.2094555822  1.9162e+02  1.5975e-04
814    5  1  4  4   6  0  3  3     7.458140e+04   24.0432154852   24.2094555822  6.1341e+02  3.9775e-04
815    5  1  4  5   6  0  5  5     7.456132e+04   24.0432158286   24.2095007083  3.1914e+04  2.6592e-02
815    5  1  4  4   6  0  5  5     7.456116e+04   24.0432154852   24.2095007083  6.5172e+01  6.6371e-05
816    5  1  4  3   7  0  3  3     4.652113e+04   24.0432161409   24.3097277115  7.2548e+01  2.3532e-05
816    5  1  4  4   7  0  3  3     4.652102e+04   24.0432154852   24.3097277115  3.0024e+02  7.5747e-05
817    5  1  4  5   7  0  5  5     4.651599e+04   24.0432158286   24.3097568660  9.8714e+03  3.2013e-03
817    5  1  4  4   7  0  5  5     4.651593e+04   24.0432154852   24.3097568660  2.0165e+01  7.9927e-06
818    5  1  4  3   8  0  3  3     3.739070e+04   24.0432161409   24.3748071433  3.5366e+01  7.4106e-06
818    5  1  4  4   8  0  3  3     3.739063e+04   24.0432154852   24.3748071433  1.7170e+02  2.7983e-05
819    5  1  4  5   8  0  5  5     3.738843e+04   24.0432158286   24.3748269947  4.5376e+03  9.5069e-04
819    5  1  4  4   8  0  5  5     3.738839e+04   24.0432154852   24.3748269947  9.2715e+00  2.3742e-06
820    5  1  4  3   9  0  3  3     3.295624e+04   24.0432161409   24.4194247524  2.0136e+01  3.2778e-06
820    5  1  4  4   9  0  3  3     3.295618e+04   24.0432154852   24.4194247524  1.0874e+02  1.3768e-05
821    5  1  4  5   9  0  5  5     3.295497e+04   24.0432158286   24.4194388488  2.5272e+03  4.1136e-04
822    5  1  4  3  10  0  3  3     3.037913e+04   24.0432161409   24.4513390725  1.2684e+01  1.7545e-06
822    5  1  4  4  10  0  3  3     3.037908e+04   24.0432154852   24.4513390725  7.3813e+01  7.9411e-06
823    5  1  4  5  10  0  5  5     3.037834e+04   24.0432158286   24.4513494290  1.5773e+03  2.1816e-04
824    6  1  0  1   6  0  1  1     2.951692e+05   24.1689980405   24.2110024936  3.7522e-03  4.9020e-08
825    6  1  1  1   6  0  2  2     1.470049e+06   24.2008155917   24.2092496103  4.2450e-02  2.2953e-05
825    6  1  1  2   6  0  2  2     1.469993e+06   24.2008152712   24.2092496103  1.5029e-02  4.8758e-06
826    6  1  1  1   7  0  2  2     1.139753e+05   24.2008155917   24.3095971955  7.8152e+00  2.5363e-05
826    6  1  1  2   7  0  2  2     1.139750e+05   24.2008152712   24.3095971955  2.8339e+00  5.5183e-06
827    6  1  1  1   8  0  2  2     7.129472e+04   24.2008155917   24.3747193574  5.6849e+00  7.2188e-06
827    6  1  1  2   8  0  2  2     7.129458e+04   24.2008152712   24.3747193574  2.0467e+00  1.5594e-06
828    6  1  1  1   9  0  2  2     5.673105e+04   24.2008155917   24.4193629293  4.0242e+00  3.2355e-06
829    6  1  1  1  10  0  2  2     4.949897e+04   24.2008155917   24.4512939158  2.9197e+00  1.7871e-06
830    6  1  2  1   6  0  1  1     6.742514e+06   24.2091636514   24.2110024936  1.7226e-07  1.1789e-09
830    6  1  2  2   6  0  1  1     6.740030e+06   24.2091629736   24.2110024936  9.7997e-04  4.0241e-06
831    6  1  2  2   6  0  3  3     4.237202e+07   24.2091629736   24.2094555822  5.7286e-03  2.1672e-03
831    6  1  2  3   6  0  3  3     4.236523e+07   24.2091629267   24.2094555822  7.4065e-04  2.0014e-04
832    6  1  2  2   7  0  1  1     1.220978e+05   24.2091629736   24.3107079931  3.8301e+00  5.1350e-06
833    6  1  2  2   7  0  3  3     1.232879e+05   24.2091629736   24.3097277115  5.5079e+04  1.7567e-01
833    6  1  2  3   7  0  3  3     1.232879e+05   24.2091629267   24.3097277115  7.1346e+03  1.6254e-02
834    6  1  2  2   8  0  1  1     7.455295e+04   24.2091629736   24.3754665104  2.3060e+00  1.1526e-06
835    6  1  2  2   8  0  3  3     7.484972e+04   24.2091629736   24.3748071433  3.4855e+04  4.0975e-02
835    6  1  2  3   8  0  3  3     7.484970e+04   24.2091629267   24.3748071433  4.5204e+03  3.7958e-03
836    6  1  2  2   9  0  3  3     5.896659e+04   24.2091629736   24.4194247524  2.2944e+04  1.6740e-02
836    6  1  2  3   9  0  3  3     5.896657e+04   24.2091629267   24.4194247524  2.9783e+03  1.5521e-03
837    6  1  2  2  10  0  3  3     5.119588e+04   24.2091629736   24.4513390725  1.5886e+04  8.7368e-03
837    6  1  2  3  10  0  3  3     5.119587e+04   24.2091629267   24.4513390725  2.0635e+03  8.1062e-04
838    6  1  3  3   7  0  2  2     1.238077e+05   24.2094546440   24.3095971955  6.6953e+03  1.0987e-02
839    6  1  3  4   7  0  4  4     1.236177e+05   24.2094548429   24.3097512956  1.1301e+04  2.5883e-02
839    6  1  3  3   7  0  4  4     1.236175e+05   24.2094546440   24.3097512956  1.5122e+04  4.4531e-02
840    6  1  3  3   8  0  2  2     7.502158e+04   24.2094546440   24.3747193574  3.6143e+03  2.1778e-03
841    6  1  3  4   8  0  4  4     7.497457e+04   24.2094548429   24.3748231706  6.7931e+03  5.7232e-03
841    6  1  3  3   8  0  4  4     7.497448e+04   24.2094546440   24.3748231706  9.0759e+03  9.8311e-03
842    6  1  3  3   9  0  2  2     5.906589e+04   24.2094546440   24.4193629293  2.1902e+03  8.1803e-04
843    6  1  3  4   9  0  4  4     5.904536e+04   24.2094548429   24.4194361185  4.3457e+03  2.2708e-03
843    6  1  3  3   9  0  4  4     5.904530e+04   24.2094546440   24.4194361185  5.7991e+03  3.8960e-03
844    6  1  3  3  10  0  2  2     5.126719e+04   24.2094546440   24.4512939158  1.4431e+03  4.0606e-04
845    6  1  3  4  10  0  4  4     5.125589e+04   24.2094548429   24.4513474155  2.9565e+03  1.1641e-03
845    6  1  3  3  10  0  4  4     5.125585e+04   24.2094546440   24.4513474155  3.9417e+03  1.9955e-03
846    6  1  4  3   7  0  3  3     1.236927e+05   24.2094920780   24.3097277115  1.7309e+02  3.9692e-04
846    6  1  4  4   7  0  3  3     1.236923e+05   24.2094916986   24.3097277115  7.1426e+02  1.2739e-03
847    6  1  4  5   7  0  5  5     1.236565e+05   24.2094918972   24.3097568660  1.0327e+04  2.3667e-02
847    6  1  4  4   7  0  5  5     1.236563e+05   24.2094916986   24.3097568660  1.8633e+01  5.2193e-05
848    6  1  4  3   8  0  3  3     7.499873e+04   24.2094920780   24.3748071433  7.7499e+01  6.5335e-05
848    6  1  4  4   8  0  3  3     7.499856e+04   24.2094916986   24.3748071433  3.7522e+02  2.4603e-04
849    6  1  4  5   8  0  5  5     7.498964e+04   24.2094918972   24.3748269947  5.0021e+03  4.2159e-03
849    6  1  4  4   8  0  5  5     7.498955e+04   24.2094916986   24.3748269947  9.0277e+00  9.2997e-06
850    6  1  4  3   9  0  3  3     5.905903e+04   24.2094920780   24.4194247524  4.1700e+01  2.1800e-05
850    6  1  4  4   9  0  3  3     5.905892e+04   24.2094916986   24.4194247524  2.2460e+02  9.1322e-05
851    6  1  4  5   9  0  5  5     5.905501e+04   24.2094918972   24.4194388488  2.8243e+03  1.4763e-03
851    6  1  4  4   9  0  5  5     5.905496e+04   24.2094916986   24.4194388488  5.0967e+00  3.2561e-06
852    6  1  4  3  10  0  3  3     5.126555e+04   24.2094920780   24.4513390725  2.5329e+01  9.9772e-06
852    6  1  4  4  10  0  3  3     5.126547e+04   24.2094916986   24.4513390725  1.4702e+02  4.5042e-05
853    6  1  4  5  10  0  5  5     5.126332e+04   24.2094918972   24.4513494290  1.7727e+03  6.9821e-04
853    6  1  4  4  10  0  5  5     5.126328e+04   24.2094916986   24.4513494290  3.2021e+00  1.5415e-06
854    6  1  5  4   7  0  4  4     1.236742e+05   24.2095006206   24.3097512956  6.4527e+01  1.4792e-04
854    6  1  5  5   7  0  4  4     1.236739e+05   24.2095003736   24.3097512956  7.1284e-01  1.3370e-06
855    6  1  5  6   7  0  6  6     1.236650e+05   24.2095005031   24.3097585886  1.0029e+04  2.2988e-02
855    6  1  5  5   7  0  6  6     1.236649e+05   24.2095003736   24.3097585886  1.5998e+01  4.3336e-05
856    6  1  5  4   8  0  4  4     7.499533e+04   24.2095006206   24.3748231706  2.5109e+01  2.1166e-05
857    6  1  5  6   8  0  6  6     7.499300e+04   24.2095005031   24.3748281925  2.9456e+03  2.4829e-03
857    6  1  5  5   8  0  6  6     7.499294e+04   24.2095003736   24.3748281925  4.6987e+00  4.6807e-06
858    6  1  5  4   9  0  4  4     5.905823e+04   24.2095006206   24.4194361185  1.2492e+01  6.5303e-06
859    6  1  5  6   9  0  6  6     5.905719e+04   24.2095005031   24.4194397111  1.3097e+03  6.8463e-04
859    6  1  5  5   9  0  6  6     5.905715e+04   24.2095003736   24.4194397111  2.0890e+00  1.2905e-06
860    6  1  5  4  10  0  4  4     5.126559e+04   24.2095006206   24.4513474155  7.2260e+00  2.8464e-06
861    6  1  5  6  10  0  6  6     5.126501e+04   24.2095005031   24.4513500686  7.1356e+02  2.8107e-04
862    7  1  0  1   7  0  1  1     4.742695e+05   24.2845658517   24.3107079931  1.6934e-03  5.7116e-08
863    7  1  1  1   7  0  2  2     2.335808e+06   24.3042892161   24.3095971955  1.8832e-02  2.5708e-05
863    7  1  1  2   7  0  2  2     2.335720e+06   24.3042890160   24.3095971955  6.6809e-03  5.4721e-06
864    7  1  1  1   8  0  2  2     1.760385e+05   24.3042892161   24.3747193574  3.2097e+00  2.4850e-05
864    7  1  1  2   8  0  2  2     1.760380e+05   24.3042890160   24.3747193574  1.1671e+00  5.4215e-06
865    7  1  1  1   9  0  2  2     1.077433e+05   24.3042892161   24.4193629293  2.4855e+00  7.2080e-06
865    7  1  1  2   9  0  2  2     1.077431e+05   24.3042890160   24.4193629293  8.9661e-01  1.5601e-06
866    7  1  1  1  10  0  2  2     8.434029e+04   24.3042892161   24.4512939158  1.8443e+00  3.2773e-06
867    7  1  2  1   7  0  1  1     1.062577e+07   24.3095411679   24.3107079931  8.3562e-08  1.4203e-09
867    7  1  2  2   7  0  1  1     1.062189e+07   24.3095407414   24.3107079931  4.4706e-04  4.5593e-06
868    7  1  2  2   7  0  3  3     6.631234e+07   24.3095407414   24.3097277115  2.7881e-03  2.5830e-03
868    7  1  2  3   7  0  3  3     6.630174e+07   24.3095407116   24.3097277115  3.6068e-04  2.3868e-04
869    7  1  2  2   8  0  1  1     1.880664e+05   24.3095407414   24.3754665104  2.0200e+00  6.4253e-06
870    7  1  2  2   8  0  3  3     1.899663e+05   24.3095407414   24.3748071433  2.2160e+04  1.6780e-01
870    7  1  2  3   8  0  3  3     1.899663e+05   24.3095407116   24.3748071433  2.8705e+03  1.5526e-02
871    7  1  2  2   9  0  1  1     1.123571e+05   24.3095407414   24.4198891264  1.2876e+00  1.4618e-06
872    7  1  2  2   9  0  3  3     1.128319e+05   24.3095407414   24.4194247524  1.5246e+04  4.0728e-02
872    7  1  2  3   9  0  3  3     1.128318e+05   24.3095407116   24.4194247524  1.9766e+03  3.7716e-03
873    7  1  2  2  10  0  3  3     8.743699e+04   24.3095407414   24.4513390725  1.0656e+04  1.7094e-02
873    7  1  2  3  10  0  3  3     8.743697e+04   24.3095407116   24.4513390725  1.3824e+03  1.5840e-03
874    7  1  3  3   8  0  2  2     1.907677e+05   24.3097271055   24.3747193574  3.9043e+03  1.5211e-02
875    7  1  3  4   8  0  4  4     1.904638e+05   24.3097272227   24.3748231706  4.6090e+03  2.5060e-02
875    7  1  3  3   8  0  4  4     1.904634e+05   24.3097271055   24.3748231706  7.5823e+03  5.3005e-02
876    7  1  3  3   9  0  2  2     1.130873e+05   24.3097271055   24.4193629293  2.2652e+03  3.1013e-03
877    7  1  3  4   9  0  4  4     1.130120e+05   24.3097272227   24.4194361185  3.0919e+03  5.9186e-03
877    7  1  3  3   9  0  4  4     1.130119e+05   24.3097271055   24.4194361185  5.0813e+03  1.2506e-02
878    7  1  3  3  10  0  2  2     8.757999e+04   24.3097271055   24.4512939158  1.4401e+03  1.1825e-03
879    7  1  3  4  10  0  4  4     8.754698e+04   24.3097272227   24.4513474155  2.1274e+03  2.4438e-03
879    7  1  3  3  10  0  4  4     8.754690e+04   24.3097271055   24.4513474155  3.4935e+03  5.1597e-03
880    7  1  4  3   8  0  3  3     1.905809e+05   24.3097512187   24.3748071433  1.2529e+02  6.8205e-04
880    7  1  4  4   8  0  3  3     1.905802e+05   24.3097509799   24.3748071433  6.0534e+02  2.5630e-03
881    7  1  4  5   8  0  5  5     1.905225e+05   24.3097511049   24.3748269947  4.0583e+03  2.2079e-02
881    7  1  4  4   8  0  5  5     1.905221e+05   24.3097509799   24.3748269947  6.6250e+00  4.4052e-05
882    7  1  4  3   9  0  3  3     1.130484e+05   24.3097512187   24.4194247524  6.2941e+01  1.2056e-04
882    7  1  4  4   9  0  3  3     1.130482e+05   24.3097509799   24.4194247524  3.3832e+02  5.0402e-04
883    7  1  4  5   9  0  5  5     1.130338e+05   24.3097511049   24.4194388488  2.4101e+03  4.6152e-03
883    7  1  4  4   9  0  5  5     1.130336e+05   24.3097509799   24.4194388488  3.9339e+00  9.2073e-06
884    7  1  4  3  10  0  3  3     8.756697e+04   24.3097512187   24.4513390725  3.6404e+01  4.1838e-05
884    7  1  4  4  10  0  3  3     8.756682e+04   24.3097509799   24.4513390725  2.1089e+02  1.8851e-04
885    7  1  4  5  10  0  5  5     8.756050e+04   24.3097511049   24.4513494290  1.5322e+03  1.7606e-03
885    7  1  4  4  10  0  5  5     8.756042e+04   24.3097509799   24.4513494290  2.5035e+00  3.5160e-06
886    7  1  5  4   8  0  4  4     1.905504e+05   24.3097568108   24.3748231706  7.4139e+01  4.0346e-04
886    7  1  5  5   8  0  4  4     1.905499e+05   24.3097566553   24.3748231706  8.4310e-01  3.7539e-06
887    7  1  5  6   8  0  6  6     1.905355e+05   24.3097567368   24.3748281925  3.7990e+03  2.0671e-02
887    7  1  5  5   8  0  6  6     1.905352e+05   24.3097566553   24.3748281925  6.0574e+00  3.8952e-05
888    7  1  5  4   9  0  4  4     1.130425e+05   24.3097568108   24.4194361185  3.3462e+01  6.4088e-05
889    7  1  5  6   9  0  6  6     1.130387e+05   24.3097567368   24.4194397111  1.7797e+03  3.4083e-03
889    7  1  5  5   9  0  6  6     1.130386e+05   24.3097566553   24.4194397111  2.8375e+00  6.4222e-06
890    7  1  5  4  10  0  4  4     8.756527e+04   24.3097568108   24.4513474155  1.8160e+01  2.0870e-05
891    7  1  5  6  10  0  6  6     8.756358e+04   24.3097567368   24.4513500686  9.8297e+02  1.1296e-03
891    7  1  5  5  10  0  6  6     8.756353e+04   24.3097566553   24.4513500686  1.5672e+00  2.1284e-06
892    7  1  6  5   8  0  5  5     1.905443e+05   24.3097585473   24.3748269947  1.6037e+01  8.7268e-05
893    7  1  6  5   9  0  5  5     1.130414e+05   24.3097585473   24.4194388488  5.9162e+00  1.1331e-05
894    7  1  6  5  10  0  5  5     8.756510e+04   24.3097585473   24.4513494290  2.8365e+00  3.2597e-06
895    8  1  0  1   8  0  1  1     7.140897e+05   24.3581039575   24.3754665104  8.5285e-04  6.5212e-08
896    8  1  1  1   8  0  2  2     3.489043e+06   24.3711658272   24.3747193574  9.3957e-03  2.8618e-05
896    8  1  1  2   8  0  2  2     3.488912e+06   24.3711656939   24.3747193574  3.3376e-03  6.0995e-06
897    8  1  1  1   9  0  2  2     2.572441e+05   24.3711658272   24.4193629293  1.5072e+00  2.4917e-05
897    8  1  1  2   9  0  2  2     2.572434e+05   24.3711656939   24.4193629293  5.4913e-01  5.4470e-06
898    8  1  1  1  10  0  2  2     1.547325e+05   24.3711658272   24.4512939158  1.2196e+00  7.2946e-06
898    8  1  1  2  10  0  2  2     1.547322e+05   24.3711656939   24.4512939158  4.4063e-01  1.5813e-06
899    8  1  2  1   8  0  1  1     1.578388e+07   24.3746809987   24.3754665104  4.4162e-08  1.6562e-09
899    8  1  2  2   8  0  1  1     1.577814e+07   24.3746807132   24.3754665104  2.2734e-04  5.1155e-06
900    8  1  2  2   8  0  3  3     9.806537e+07   24.3746807132   24.3748071433  1.4689e-03  2.9754e-03
900    8  1  2  3   8  0  3  3     9.804979e+07   24.3746806929   24.3748071433  1.9011e-04  2.7506e-04
901    8  1  2  2   9  0  1  1     2.742503e+05   24.3746807132   24.4198891264  1.1505e+00  7.7822e-06
902    8  1  2  2   9  0  3  3     2.770966e+05   24.3746807132   24.4194247524  1.0228e+04  1.6479e-01
902    8  1  2  3   9  0  3  3     2.770964e+05   24.3746806929   24.4194247524  1.3250e+03  1.5248e-02
903    8  1  2  2  10  0  1  1     1.610235e+05   24.3746807132   24.4516782708  7.6693e-01  1.7883e-06
904    8  1  2  2  10  0  3  3     1.617360e+05   24.3746807132   24.4513390725  7.4521e+03  4.0904e-02
904    8  1  2  3  10  0  3  3     1.617360e+05   24.3746806929   24.4513390725  9.6594e+02  3.7871e-03
905    8  1  3  2   9  0  2  2     2.782661e+05   24.3748069386   24.4193629293  9.1502e-02  1.0619e-06
905    8  1  3  3   9  0  2  2     2.782647e+05   24.3748067301   24.4193629293  2.3695e+03  1.9642e-02
906    8  1  3  4   9  0  4  4     2.778089e+05   24.3748068052   24.4194361185  2.1414e+03  2.4770e-02
906    8  1  3  3   9  0  4  4     2.778084e+05   24.3748067301   24.4194361185  3.9813e+03  5.9211e-02
907    8  1  3  3  10  0  2  2     1.620980e+05   24.3748067301   24.4512939158  1.4532e+03  4.0878e-03
908    8  1  3  4  10  0  4  4     1.619849e+05   24.3748068052   24.4513474155  1.5413e+03  6.0615e-03
908    8  1  3  3  10  0  4  4     1.619847e+05   24.3748067301   24.4513474155  2.8636e+03  1.4479e-02
909    8  1  4  3   9  0  3  3     2.779813e+05   24.3748231190   24.4194247524  8.6438e+01  1.0011e-03
909    8  1  4  4   9  0  3  3     2.779803e+05   24.3748229591   24.4194247524  4.6394e+02  4.1791e-03
910    8  1  4  5   9  0  5  5     2.778930e+05   24.3748230428   24.4194388488  1.8317e+03  2.1201e-02
910    8  1  4  4   9  0  5  5     2.778925e+05   24.3748229591   24.4194388488  2.7703e+00  3.9190e-05
911    8  1  4  3  10  0  3  3     1.620371e+05   24.3748231190   24.4513390725  4.7231e+01  1.8586e-04
911    8  1  4  4  10  0  3  3     1.620367e+05   24.3748229591   24.4513390725  2.7322e+02  8.3625e-04
912    8  1  4  5  10  0  5  5     1.620150e+05   24.3748230428   24.4513494290  1.2223e+03  4.8087e-03
912    8  1  4  4  10  0  5  5     1.620148e+05   24.3748229591   24.4513494290  1.8507e+00  8.8989e-06
913    8  1  5  4   9  0  4  4     2.779344e+05   24.3748269577   24.4194361185  6.3947e+01  7.4036e-04
913    8  1  5  5   9  0  4  4     2.779337e+05   24.3748268535   24.4194361185  7.4314e-01  7.0395e-06
914    8  1  5  6   9  0  6  6     2.779117e+05   24.3748269081   24.4194397111  1.6665e+03  1.9291e-02
914    8  1  5  5   9  0  6  6     2.779114e+05   24.3748268535   24.4194397111  2.6561e+00  3.6337e-05
915    8  1  5  4  10  0  4  4     1.620275e+05   24.3748269577   24.4513474155  3.2012e+01  1.2596e-04
915    8  1  5  5  10  0  4  4     1.620273e+05   24.3748268535   24.4513474155  3.7806e-01  1.2171e-06
916    8  1  5  6  10  0  6  6     1.620218e+05   24.3748269081   24.4513500686  9.6844e+02  3.8103e-03
916    8  1  5  5  10  0  6  6     1.620217e+05   24.3748268535   24.4513500686  1.5435e+00  7.1770e-06
917    8  1  6  5   9  0  5  5     2.779249e+05   24.3748281648   24.4194388488  2.0818e+01  2.4101e-04
917    8  1  6  6   9  0  5  5     2.779244e+05   24.3748280916   24.4194388488  1.3478e-01  1.3203e-06
918    8  1  6  5  10  0  5  5     1.620258e+05   24.3748281648   24.4513494290  8.9677e+00  3.5285e-05
919    8  1  7  6   9  0  6  6     2.779224e+05   24.3748286227   24.4194397111  4.8086e+00  5.5668e-05
920    8  1  7  6  10  0  6  6     1.620254e+05   24.3748286227   24.4513500686  1.6790e+00  6.6063e-06
921    9  1  0  1   9  0  1  1     1.023484e+06   24.4077751915   24.4198891264  4.6670e-04  7.3308e-08
922    9  1  1  1   9  0  2  2     4.971024e+06   24.4168687913   24.4193629293  5.1138e-03  3.1618e-05
922    9  1  1  2   9  0  2  2     4.970838e+06   24.4168686981   24.4193629293  1.8182e-03  6.7449e-06
923    9  1  1  1  10  0  2  2     3.601561e+05   24.4168687913   24.4512939158  7.8140e-01  2.5322e-05
923    9  1  1  2  10  0  2  2     3.601552e+05   24.4168686981   24.4512939158  2.8513e-01  5.5439e-06
924    9  1  2  1   9  0  1  1     2.239863e+07   24.4193355918   24.4198891264  2.5006e-08  1.8886e-09
924    9  1  2  2   9  0  1  1     2.239052e+07   24.4193353913   24.4198891264  1.2545e-04  5.6848e-06
925    9  1  2  2  10  0  1  1     3.833431e+05   24.4193353913   24.4516782708  6.9534e-01  9.1895e-06
926    9  1  2  2  10  0  3  3     3.874060e+05   24.4193353913   24.4513390725  5.2280e+03  1.6464e-01
926    9  1  2  3  10  0  3  3     3.874059e+05   24.4193353772   24.4513390725  6.7732e+02  1.5236e-02
927    9  1  3  2  10  0  2  2     3.890394e+05   24.4194246034   24.4512939158  5.8742e-02  1.3325e-06
927    9  1  3  3  10  0  2  2     3.890377e+05   24.4194244586   24.4512939158  1.4967e+03  2.4251e-02
928    9  1  3  4  10  0  4  4     3.883863e+05   24.4194245096   24.4513474155  1.0972e+03  2.4806e-02
928    9  1  3  3  10  0  4  4     3.883857e+05   24.4194244586   24.4513474155  2.2077e+03  6.4173e-02
929    9  1  4  3  10  0  3  3     3.886288e+05   24.4194360823   24.4513390725  5.9453e+01  1.3458e-03
929    9  1  4  4  10  0  3  3     3.886274e+05   24.4194359700   24.4513390725  3.4356e+02  6.0488e-03
930    9  1  4  5  10  0  5  5     3.885020e+05   24.4194360288   24.4513494290  9.1691e+02  2.0742e-02
930    9  1  4  4  10  0  5  5     3.885013e+05   24.4194359700   24.4513494290  1.3078e+00  3.6159e-05
931    9  1  5  4  10  0  4  4     3.885605e+05   24.4194388227   24.4513474155  5.0394e+01  1.1403e-03
931    9  1  5  5  10  0  4  4     3.885596e+05   24.4194387496   24.4513474155  5.9517e-01  1.1019e-05
932    9  1  5  6  10  0  6  6     3.885278e+05   24.4194387879   24.4513500686  8.1536e+02  1.8447e-02
932    9  1  5  5  10  0  6  6     3.885273e+05   24.4194387496   24.4513500686  1.2997e+00  3.4752e-05
933    9  1  6  5  10  0  5  5     3.885466e+05   24.4194396916   24.4513494290  1.9754e+01  4.4697e-04
933    9  1  6  6  10  0  5  5     3.885460e+05   24.4194396402   24.4513494290  1.2798e-01  2.4503e-06
934    9  1  7  6  10  0  6  6     3.885429e+05   24.4194400244   24.4513500686  6.8580e+00  1.5517e-04
935   10  1  0  1  10  0  1  1     1.411307e+06   24.4428932089   24.4516782708  2.7254e-04  8.1400e-08
936   10  1  1  1  10  0  2  2     6.823022e+06   24.4494767709   24.4512939158  2.9770e-03  3.4675e-05
936   10  1  1  2  10  0  2  2     6.822768e+06   24.4494767032   24.4512939158  1.0592e-03  7.4024e-06
937   10  1  2  1  10  0  1  1     3.065191e+07   24.4512737799   24.4516782708  1.4977e-08  2.1183e-09
937   10  1  2  2  10  0  1  1     3.064085e+07   24.4512736338   24.4516782708  7.3794e-05  6.2625e-06