# Matter power spectrum P(k) at redshift z=0
# for k=1.04465e-05 to 0.627679 h/Mpc,
# number of wavenumbers equal to 560
#    1:k (h/Mpc)              2:P (Mpc/h)^3        
       1.044645304858e-05       5.112966382914e+01 
       2.333984263817e-05       1.110205256680e+02 
       3.627862546472e-05       1.698821060091e+02 
       4.929768174674e-05       2.283407676597e+02 
       6.243246940771e-05       2.867542086171e+02 
       7.571934085301e-05       3.453913210887e+02 
       8.919586989022e-05       4.044826151945e+02 
       1.029011931491e-04       4.642408451610e+02 
       1.168763703905e-04       5.248716286026e+02 
       1.311647681266e-04       5.865798626138e+02 
       1.458124709819e-04       6.495742063914e+02 
       1.608687251632e-04       7.140705680852e+02 
       1.763864182237e-04       7.802950925801e+02 
       1.924225989350e-04       8.484868913779e+02 
       2.090390404099e-04       9.189006744127e+02 
       2.263028485296e-04       9.918093364268e+02 
       2.442871160406e-04       1.067506567777e+03 
       2.630716201798e-04       1.146309481048e+03 
       2.827435580915e-04       1.228561242308e+03 
       3.033983092665e-04       1.314633661555e+03 
       3.251402074050e-04       1.404929656541e+03 
       3.480832950423e-04       1.499885478840e+03 
       3.723520226272e-04       1.599972505234e+03 
       3.980818392359e-04       1.705698404149e+03 
       4.254196047771e-04       1.817607325032e+03 
       4.545237339466e-04       1.936278797327e+03 
       4.855639617097e-04       2.062324842383e+03 
       5.187206013381e-04       2.196384851700e+03 
       5.541831531922e-04       2.339117663372e+03 
       5.921481214896e-04       2.491190390491e+03 
       6.328159147200e-04       2.653263614099e+03 
       6.763867511757e-04       2.825972790204e+03 
       7.230555706644e-04       3.009906110903e+03 
       7.730060684759e-04       3.205579517766e+03 
       8.264041110116e-04       3.413410227773e+03 
       8.833909454490e-04       3.633690471745e+03 
       9.440767479319e-04       3.866563961096e+03 
       1.008535128808e-03       4.112007561576e+03 
       1.076799195774e-03       4.369820358562e+03 
       1.148859649891e-03       4.639622142532e+03 
       1.224665166442e-03       4.920861550309e+03 
       1.304125032945e-03       5.212833915679e+03 
       1.387113739856e-03       5.514685866286e+03 
       1.473477004827e-03       5.825483732448e+03 
       1.563038598973e-03       6.144251018619e+03 
       1.655607342853e-03       6.469956933799e+03 
       1.750983731856e-03       6.801565086972e+03 
       1.848965798582e-03       7.138057772926e+03 
       1.949353983911e-03       7.478455127577e+03 
       2.051954937014e-03       7.821829513682e+03 
       2.156584279209e-03       8.167315103726e+03 
       2.263068441521e-03       8.514114017334e+03 
       2.371245724691e-03       8.861498063918e+03 
       2.480966741089e-03       9.208808600479e+03 
       2.592094390081e-03       9.555453628260e+03 
       2.704503499757e-03       9.900905992416e+03 
       2.818080245062e-03       1.024469783706e+04 
       2.932721429105e-03       1.058641469916e+04 
       3.048333693365e-03       1.092569603712e+04 
       3.164832704527e-03       1.126222182662e+04 
       3.282142351224e-03       1.159571693710e+04 
       3.400193972698e-03       1.192593984689e+04 
       3.518925632914e-03       1.225268398095e+04 
       3.638281447528e-03       1.257576928486e+04 
       3.758210966739e-03       1.289504308412e+04 
       3.878668614126e-03       1.321037344944e+04 
       3.999613179597e-03       1.352165163696e+04 
       4.121007363443e-03       1.382878450098e+04 
       4.242817367780e-03       1.413169383449e+04 
       4.365012531444e-03       1.443031784054e+04 
       4.487565004291e-03       1.472460763104e+04 
       4.610449457039e-03       1.501452484703e+04 
       4.733642822945e-03       1.530003099561e+04 
       4.857124067917e-03       1.558108481672e+04 
       4.980873985943e-03       1.585774321582e+04 
       5.104875016988e-03       1.612993965193e+04 
       5.229111084830e-03       1.639768141493e+04 
       5.353567452565e-03       1.666107447201e+04 
       5.478230593742e-03       1.692002238831e+04 
       5.603088077349e-03       1.717454471892e+04 
       5.728128465057e-03       1.742413690346e+04 
       5.853341219310e-03       1.766987199481e+04 
       5.978716621047e-03       1.791125480112e+04 
       6.104245695929e-03       1.814811086614e+04 
       6.229920148152e-03       1.838100799450e+04 
       6.355732300959e-03       1.860952555543e+04 
       6.481675043128e-03       1.883353033458e+04 
       6.607741780775e-03       1.905358912681e+04 
       6.733926393882e-03       1.926957367188e+04 
       6.860223197040e-03       1.948148094837e+04 
       6.986626903966e-03       1.968934298274e+04 
       7.113132595374e-03       1.989307460526e+04 
       7.239735689865e-03       2.009288958661e+04 
       7.366431917508e-03       2.028852983864e+04 
       7.493217295842e-03       2.048045917068e+04 
       7.620088108048e-03       2.066831102035e+04 
       7.747040883077e-03       2.085224703164e+04 
       7.874072377532e-03       2.103215930871e+04 
       8.001179559134e-03       2.120868108702e+04 
       8.128359591620e-03       2.138099722164e+04 
       8.255609820930e-03       2.155013686476e+04 
       8.382927762563e-03       2.171615425922e+04 
       8.510311089987e-03       2.187780901580e+04 
       8.637757624012e-03       2.203582992499e+04 
       8.765265323030e-03       2.219031371347e+04 
       8.892832274047e-03       2.234135086087e+04 
       9.020456684430e-03       2.248885015593e+04 
       9.148136874316e-03       2.263190474929e+04 
       9.275871269608e-03       2.277347628222e+04 
       9.403658395526e-03       2.290997624613e+04 
       9.531496870649e-03       2.304475221509e+04 
       9.659385401410e-03       2.317549252295e+04 
       9.787322777016e-03       2.330292698784e+04 
       9.915307864742e-03       2.342707524596e+04 
       1.004333960558e-02       2.354727901412e+04 
       1.017141701020e-02       2.366604848942e+04 
       1.029953915523e-02       2.378084894127e+04 
       1.042770517977e-02       2.389258823620e+04 
       1.055591428219e-02       2.400127678498e+04 
       1.068416571717e-02       2.410609665962e+04 
       1.081245879289e-02       2.420972475503e+04 
       1.094079286846e-02       2.430890127709e+04 
       1.106916735159e-02       2.440555747086e+04 
       1.119758169627e-02       2.450041275296e+04 
       1.132603540080e-02       2.459079791431e+04 
       1.145452800581e-02       2.468005739555e+04 
       1.158305909248e-02       2.476573110759e+04 
       1.171162828089e-02       2.484757167826e+04 
       1.184023522849e-02       2.492884581409e+04 
       1.196887962861e-02       2.500632192200e+04 
       1.209756120918e-02       2.508139247668e+04 
       1.222627973145e-02       2.515349332940e+04 
       1.235503498884e-02       2.522328878017e+04 
       1.248382680588e-02       2.529041028596e+04 
       1.261265503721e-02       2.535427090617e+04 
       1.274151956662e-02       2.541731725259e+04 
       1.287042030624e-02       2.547703776955e+04 
       1.299935719572e-02       2.553440625851e+04 
       1.312833020149e-02       2.558914800459e+04 
       1.325733931611e-02       2.564171304950e+04 
       1.338638455759e-02       2.569188518403e+04 
       1.351546596885e-02       2.573985943047e+04 
       1.364458361720e-02       2.578440020172e+04 
       1.377373759380e-02       2.582780673809e+04 
       1.390292801326e-02       2.586972532012e+04 
       1.403215501324e-02       2.590877810770e+04 
       1.416141875403e-02       2.594550632466e+04 
       1.429071941827e-02       2.597862504393e+04 
       1.442005721063e-02       2.601240161539e+04 
       1.454943235753e-02       2.604288113393e+04 
       1.467884510694e-02       2.607043925021e+04 
       1.480829572813e-02       2.609688363015e+04 
       1.493778451153e-02       2.612164328472e+04 
       1.506731176857e-02       2.614395601604e+04 
       1.519687783152e-02       2.616349246963e+04 
       1.532648305343e-02       2.618190932908e+04 
       1.545612780807e-02       2.619832832529e+04 
       1.558581248981e-02       2.621260793277e+04 
       1.571553751365e-02       2.622554764177e+04 
       1.584530331517e-02       2.623741134515e+04 
       1.597511035059e-02       2.624631773363e+04 
       1.610495909675e-02       2.625297563560e+04 
       1.623485005121e-02       2.625835460039e+04 
       1.636478373226e-02       2.626277319397e+04 
       1.649476067909e-02       2.626495624013e+04 
       1.662478145184e-02       2.626466201631e+04 
       1.675484663175e-02       2.626303877900e+04 
       1.688495682129e-02       2.626007296048e+04 
       1.701511264436e-02       2.625545024307e+04 
       1.714531474641e-02       2.625023853410e+04 
       1.727556379471e-02       2.624244242778e+04 
       1.740586047851e-02       2.623223383894e+04 
       1.753620550928e-02       2.622142272780e+04 
       1.766659962099e-02       2.620898267058e+04 
       1.779704357033e-02       2.619521549087e+04 
       1.792753813704e-02       2.617972507115e+04 
       1.805808412415e-02       2.616394864391e+04 
       1.818868235835e-02       2.614487580229e+04 
       1.831933369030e-02       2.612526545270e+04 
       1.845003899497e-02       2.610424885455e+04 
       1.858079917201e-02       2.608289080453e+04 
       1.871161514613e-02       2.605825474182e+04 
       1.884248786752e-02       2.603342582783e+04 
       1.897341831224e-02       2.600786986407e+04 
       1.910440748266e-02       2.597959897062e+04 
       1.923545640790e-02       2.595140852208e+04 
       1.936656614434e-02       2.592122021450e+04 
       1.949773777607e-02       2.588997393989e+04 
       1.962897241540e-02       2.585740989926e+04 
       1.976027120338e-02       2.582295191003e+04 
       1.989163531036e-02       2.578829097091e+04 
       2.002306593656e-02       2.575300726168e+04 
       2.015456431260e-02       2.571580995801e+04 
       2.028613170016e-02       2.567675308203e+04 
       2.041776939259e-02       2.563809126630e+04 
       2.054947871551e-02       2.559723389526e+04 
       2.068126102753e-02       2.555657054591e+04 
       2.081311772090e-02       2.551395340925e+04 
       2.094505022225e-02       2.546971360986e+04 
       2.107705999329e-02       2.542580159168e+04 
       2.120914853159e-02       2.537989864409e+04 
       2.134131737134e-02       2.533351970217e+04 
       2.147356808416e-02       2.528693567215e+04 
       2.160590227995e-02       2.523867151280e+04 
       2.173832160772e-02       2.518947554263e+04 
       2.187082775650e-02       2.513869798220e+04 
       2.200342245620e-02       2.508782825887e+04 
       2.213610747863e-02       2.503668296008e+04 
       2.226888463838e-02       2.498346118852e+04 
       2.240175579389e-02       2.492992188927e+04 
       2.253472284844e-02       2.487588820912e+04 
       2.266778775124e-02       2.482109157326e+04 
       2.280095249850e-02       2.476478869464e+04 
       2.293421913457e-02       2.470823546928e+04 
       2.306758975311e-02       2.465097795674e+04 
       2.320106649831e-02       2.459289370678e+04 
       2.333465156608e-02       2.453456263481e+04 
       2.346834720537e-02       2.447469315833e+04 
       2.360215571949e-02       2.441503136331e+04 
       2.373607946744e-02       2.435421209388e+04 
       2.387012086534e-02       2.429232879926e+04 
       2.400428238790e-02       2.423070232878e+04 
       2.413856656984e-02       2.416795816346e+04 
       2.427297600753e-02       2.410414165562e+04 
       2.440751336051e-02       2.404028703710e+04 
       2.454218135316e-02       2.397585459107e+04 
       2.467698277640e-02       2.391078436088e+04 
       2.481192048946e-02       2.384516346948e+04 
       2.494699742164e-02       2.377904716781e+04 
       2.508221657425e-02       2.371233761717e+04 
       2.521758102248e-02       2.364509052027e+04 
       2.535309391744e-02       2.357744258832e+04 
       2.548875848818e-02       2.350986460905e+04 
       2.562457804388e-02       2.344068160282e+04 
       2.576055597601e-02       2.337156500346e+04 
       2.589669576062e-02       2.330237980560e+04 
       2.603300096071e-02       2.323242547734e+04 
       2.616947522866e-02       2.316199541181e+04 
       2.630612230873e-02       2.309083746604e+04 
       2.644294603974e-02       2.301958363383e+04 
       2.657995035769e-02       2.294851598071e+04 
       2.671713929861e-02       2.287602526557e+04 
       2.685451700143e-02       2.280375890310e+04 
       2.699208771101e-02       2.273151118820e+04 
       2.712985578121e-02       2.265847022518e+04 
       2.726782567815e-02       2.258510762344e+04 
       2.740600198352e-02       2.251144469555e+04 
       2.754438939803e-02       2.243711792310e+04 
       2.768299274506e-02       2.236287499414e+04 
       2.782181697429e-02       2.228853252938e+04 
       2.796086716565e-02       2.221364411827e+04 
       2.810014853325e-02       2.213864985666e+04 
       2.823966642961e-02       2.206317031155e+04 
       2.837942634992e-02       2.198739393443e+04 
       2.851943393655e-02       2.191165844481e+04 
       2.865969498373e-02       2.183556122090e+04 
       2.880021544234e-02       2.175917309618e+04 
       2.894100142500e-02       2.168284258770e+04 
       2.908205921125e-02       2.160597866403e+04 
       2.922339525304e-02       2.152903768697e+04 
       2.936501618037e-02       2.145201247200e+04 
       2.950692880718e-02       2.137482143147e+04 
       2.964914013750e-02       2.129716353797e+04 
       2.979165737185e-02       2.121970869040e+04 
       2.993448791385e-02       2.114206894529e+04 
       3.007763937722e-02       2.106418794868e+04 
       3.022111959296e-02       2.098593921431e+04 
       3.036493661696e-02       2.090796447533e+04 
       3.050909873777e-02       2.082973044806e+04 
       3.065361448491e-02       2.075137621735e+04 
       3.079849263739e-02       2.067274653933e+04 
       3.094374223267e-02       2.059417937728e+04 
       3.108937257602e-02       2.051544669139e+04 
       3.123539325031e-02       2.043675746023e+04 
       3.138181412619e-02       2.035789473840e+04 
       3.152864537285e-02       2.027896682295e+04 
       3.167589746914e-02       2.020000738733e+04 
       3.182358121532e-02       2.012109558679e+04 
       3.197170774532e-02       2.004194509541e+04 
       3.212028853962e-02       1.996270596313e+04 
       3.226933543865e-02       1.988357313314e+04 
       3.241886065700e-02       1.980460243810e+04 
       3.256887679820e-02       1.972510985924e+04 
       3.271939687029e-02       1.964589036323e+04 
       3.287043430213e-02       1.956656559673e+04 
       3.302200296063e-02       1.948737938106e+04 
       3.317411716872e-02       1.940807241645e+04 
       3.332679172438e-02       1.932873900136e+04 
       3.348004192059e-02       1.924937148900e+04 
       3.363388356633e-02       1.916988997501e+04 
       3.378833300874e-02       1.909059297598e+04 
       3.394340715648e-02       1.901130444800e+04 
       3.409912350426e-02       1.893189356982e+04 
       3.425550015887e-02       1.885258862528e+04 
       3.441255586654e-02       1.877332105354e+04 
       3.457031004192e-02       1.869399104294e+04 
       3.472878279861e-02       1.861474542464e+04 
       3.488799498158e-02       1.853552107760e+04 
       3.504796820134e-02       1.845632389207e+04 
       3.520872487024e-02       1.837715127463e+04 
       3.537028824084e-02       1.829815149345e+04 
       3.553268244663e-02       1.821890995405e+04 
       3.569593254523e-02       1.813983558066e+04 
       3.586006456430e-02       1.806077275608e+04 
       3.602510555018e-02       1.798178476938e+04 
       3.619108361977e-02       1.790284548334e+04 
       3.635802801565e-02       1.782388808803e+04 
       3.652596916472e-02       1.774505355096e+04 
       3.669493874081e-02       1.766627054699e+04 
       3.686496973134e-02       1.758752285603e+04 
       3.703609650854e-02       1.750865187698e+04 
       3.720835490549e-02       1.743005428192e+04 
       3.738178229742e-02       1.735135653413e+04 
       3.755641768872e-02       1.727259729622e+04 
       3.773230180615e-02       1.719416222275e+04 
       3.790947719868e-02       1.711547385521e+04 
       3.808798834469e-02       1.703689262662e+04 
       3.826788176714e-02       1.695854494551e+04 
       3.844920615724e-02       1.687995112246e+04 
       3.863201250774e-02       1.680163870994e+04 
       3.881635425637e-02       1.672308200940e+04 
       3.900228744062e-02       1.664467347525e+04 
       3.918987086483e-02       1.656626960315e+04 
       3.937916628076e-02       1.648797453316e+04 
       3.957023858312e-02       1.640963472650e+04 
       3.976315602122e-02       1.633132623226e+04 
       3.995799042879e-02       1.625317071645e+04 
       4.015481747343e-02       1.617470430659e+04 
       4.035371692802e-02       1.609631584107e+04 
       4.055477296626e-02       1.601794302837e+04 
       4.075807448500e-02       1.593964179806e+04 
       4.096371545631e-02       1.586128027500e+04 
       4.117179531254e-02       1.578300472316e+04 
       4.138241936811e-02       1.570443589739e+04 
       4.159569928241e-02       1.562596007394e+04 
       4.181175356840e-02       1.554726839999e+04 
       4.203070815262e-02       1.546870752000e+04 
       4.225269699266e-02       1.539006725165e+04 
       4.247786275944e-02       1.531128046236e+04 
       4.270635759225e-02       1.523242317558e+04 
       4.293834393626e-02       1.515334844993e+04 
       4.317399547303e-02       1.507430887050e+04 
       4.341349815673e-02       1.499512494054e+04 
       4.365705137054e-02       1.491573532344e+04 
       4.390486921994e-02       1.483612575276e+04 
       4.415718198263e-02       1.475638609294e+04 
       4.441423773780e-02       1.467638863364e+04 
       4.467630420171e-02       1.459621351658e+04 
       4.494367080089e-02       1.451572784586e+04 
       4.521665102033e-02       1.443516104080e+04 
       4.549558507032e-02       1.435414583061e+04 
       4.578084292437e-02       1.427292051979e+04 
       4.607282779021e-02       1.419119501377e+04 
       4.637198008828e-02       1.410939185960e+04 
       4.667878202694e-02       1.402677848768e+04 
       4.699376288220e-02       1.394378283404e+04 
       4.731750511191e-02       1.386057944382e+04 
       4.765065146314e-02       1.377690728626e+04 
       4.799391326565e-02       1.369203633366e+04 
       4.834808014866e-02       1.360705717946e+04 
       4.871403147244e-02       1.352141874074e+04 
       4.909274983554e-02       1.343476086060e+04 
       4.948533710566e-02       1.334705415845e+04 
       4.989303353284e-02       1.325875813038e+04 
       5.031724064452e-02       1.316953660760e+04 
       5.075954880132e-02       1.307885778621e+04 
       5.122177052147e-02       1.298674209917e+04 
       5.170598097247e-02       1.289343298508e+04 
       5.221456739812e-02       1.279916790273e+04 
       5.275028971255e-02       1.270253079774e+04 
       5.331635506604e-02       1.260383920783e+04 
       5.391650987660e-02       1.250284265088e+04 
       5.455515360610e-02       1.239899292708e+04 
       5.523747936526e-02       1.229192458882e+04 
       5.596964705571e-02       1.218154698168e+04 
       5.675899474799e-02       1.206693803777e+04 
       5.761429240520e-02       1.194657939706e+04 
       5.854603702343e-02       1.181993805436e+04 
       5.956677626494e-02       1.168481052473e+04 
       6.069142258274e-02       1.154044910081e+04 
       6.193747215197e-02       1.138237454294e+04 
       6.332496116544e-02       1.120811957383e+04 
       6.487587220809e-02       1.101268684683e+04 
       6.661257757911e-02       1.078990081823e+04 
       6.855489885048e-02       1.053168108366e+04 
       7.071573150045e-02       1.023158610176e+04 
       7.309617505797e-02       9.883093882066e+03 
       7.568239953057e-02       9.483420465973e+03 
       7.844669856941e-02       9.036454631273e+03 
       8.135308552894e-02       8.553764766559e+03 
       8.436473580154e-02       8.051857223619e+03 
       8.744973213477e-02       7.550056832246e+03 
       9.058352098659e-02       7.067919972533e+03 
       9.374872618311e-02       6.621535368999e+03 
       9.693372357415e-02       6.222099775866e+03 
       1.001310169703e-01       5.875604808132e+03 
       1.033358835826e-01       5.583702500610e+03 
       1.065453908711e-01       5.343068841022e+03 
       1.097577341140e-01       5.147624665138e+03 
       1.129718086459e-01       4.988661351880e+03 
       1.161869404502e-01       4.856253656613e+03 
       1.194027189948e-01       4.740184641279e+03 
       1.226188944309e-01       4.630529800124e+03 
       1.258353147135e-01       4.518922267867e+03 
       1.290518872646e-01       4.398833953076e+03 
       1.322685556450e-01       4.266347715214e+03 
       1.354852853747e-01       4.120439735498e+03 
       1.387020553201e-01       3.962111487382e+03 
       1.419188524642e-01       3.794755389805e+03 
       1.451356687305e-01       3.622717262365e+03 
       1.483524990545e-01       3.451463094609e+03 
       1.515693402126e-01       3.286060541482e+03 
       1.547861901099e-01       3.130927717678e+03 
       1.580030473471e-01       2.989556113011e+03 
       1.612199109569e-01       2.864078010765e+03 
       1.644367802430e-01       2.755331038920e+03 
       1.676536546814e-01       2.662733025586e+03 
       1.708705338604e-01       2.584937435170e+03 
       1.740874174430e-01       2.519501516316e+03 
       1.773043051436e-01       2.463548992416e+03 
       1.805211967135e-01       2.414073405533e+03 
       1.837380919316e-01       2.368041426678e+03 
       1.869549905982e-01       2.322925346581e+03 
       1.901718925307e-01       2.275862180391e+03 
       1.933887975613e-01       2.225216517195e+03 
       1.966057055344e-01       2.169940859837e+03 
       1.998226163054e-01       2.110097960887e+03 
       2.030395297394e-01       2.046331489195e+03 
       2.062564457105e-01       1.979972715738e+03 
       2.094733641005e-01       1.912577095982e+03 
       2.126902847987e-01       1.845899261148e+03 
       2.159072077010e-01       1.781457663318e+03 
       2.191241327096e-01       1.720471981167e+03 
       2.223410597323e-01       1.663956912771e+03 
       2.255579886824e-01       1.612499141625e+03 
       2.287749194779e-01       1.566333419221e+03 
       2.319918520416e-01       1.525401803394e+03 
       2.352087863004e-01       1.489271762875e+03 
       2.384257221852e-01       1.457300678544e+03 
       2.416426596307e-01       1.428602150048e+03 
       2.448595985749e-01       1.402140509181e+03 
       2.480765389592e-01       1.376970222824e+03 
       2.512934807279e-01       1.352227532650e+03 
       2.545104238282e-01       1.327055225346e+03 
       2.577273682099e-01       1.301103773184e+03 
       2.609443138253e-01       1.273948151564e+03 
       2.641612606291e-01       1.245687740185e+03 
       2.673782085781e-01       1.216328546646e+03 
       2.705951576313e-01       1.186249505128e+03 
       2.738121077495e-01       1.155825147088e+03 
       2.770290588953e-01       1.125573007483e+03 
       2.802460110333e-01       1.095992913215e+03 
       2.834629641294e-01       1.067552874260e+03 
       2.866799181512e-01       1.040621079250e+03 
       2.898968730677e-01       1.015502063446e+03 
       2.931138288493e-01       9.922443448562e+02 
       2.963307854676e-01       9.708939639281e+02 
       2.995477428956e-01       9.511972068726e+02 
       3.027647011073e-01       9.330106493195e+02 
       3.059816600779e-01       9.160501191692e+02 
       3.091986197835e-01       8.999947690851e+02 
       3.124155802014e-01       8.845975746243e+02 
       3.156325413096e-01       8.695834907594e+02 
       3.188495030872e-01       8.546585897304e+02 
       3.220664655140e-01       8.396754077185e+02 
       3.252834285706e-01       8.245101065986e+02 
       3.285003922384e-01       8.090586914055e+02 
       3.317173564996e-01       7.934051936237e+02 
       3.349343213370e-01       7.776244819683e+02 
       3.381512867341e-01       7.618585361869e+02 
       3.413682526749e-01       7.462440668594e+02 
       3.445852191442e-01       7.309322334775e+02 
       3.478021861273e-01       7.160137847730e+02 
       3.510191536099e-01       7.016334188048e+02 
       3.542361215784e-01       6.878617410006e+02 
       3.574530900196e-01       6.747622209620e+02 
       3.606700589208e-01       6.623358512425e+02 
       3.638870282698e-01       6.505703609104e+02 
       3.671039980546e-01       6.394351769524e+02 
       3.703209682640e-01       6.288225809618e+02 
       3.735379388869e-01       6.186408448704e+02 
       3.767549099126e-01       6.087957176726e+02 
       3.799718813309e-01       5.991598904281e+02 
       3.831888531319e-01       5.896672302029e+02 
       3.864058253060e-01       5.802805751980e+02 
       3.896227978438e-01       5.709593421202e+02 
       3.928397707364e-01       5.616825186922e+02 
       3.960567439752e-01       5.524441649451e+02 
       3.992737175517e-01       5.432508762844e+02 
       4.024906914578e-01       5.341227032380e+02 
       4.057076656856e-01       5.250955577760e+02 
       4.089246402275e-01       5.162220953687e+02 
       4.121416150761e-01       5.075229054125e+02 
       4.153585902244e-01       4.990371558771e+02 
       4.185755656652e-01       4.908241911101e+02 
       4.217925413919e-01       4.828634839502e+02 
       4.250095173981e-01       4.751660784580e+02 
       4.282264936773e-01       4.677238523139e+02 
       4.314434702235e-01       4.605260107875e+02 
       4.346604470306e-01       4.535593370908e+02 
       4.378774240930e-01       4.468082006489e+02 
       4.410944014050e-01       4.402527845779e+02 
       4.443113789611e-01       4.338713244957e+02 
       4.475283567562e-01       4.276274515246e+02 
       4.507453347850e-01       4.214789285551e+02 
       4.539623130426e-01       4.154345041727e+02 
       4.571792915241e-01       4.094619466284e+02 
       4.603962702248e-01       4.035557255001e+02 
       4.636132491402e-01       3.977166306692e+02 
       4.668302282657e-01       3.919595879875e+02 
       4.700472075971e-01       3.862695293784e+02 
       4.732641871301e-01       3.806626730970e+02 
       4.764811668607e-01       3.751448560945e+02 
       4.796981467848e-01       3.697154178100e+02 
       4.829151268986e-01       3.644022068780e+02 
       4.861321071983e-01       3.592080668684e+02 
       4.893490876803e-01       3.541543790031e+02 
       4.925660683408e-01       3.492191466569e+02 
       4.957830491765e-01       3.444210114877e+02 
       4.990000301839e-01       3.397489184046e+02 
       5.022170113598e-01       3.351833098133e+02 
       5.054339927009e-01       3.307404607773e+02 
       5.086509742041e-01       3.263777315871e+02 
       5.118679558663e-01       3.220992825134e+02 
       5.150849376844e-01       3.178881079199e+02 
       5.183019196557e-01       3.137598026783e+02 
       5.215189017773e-01       3.096970965741e+02 
       5.247358840463e-01       3.056924379585e+02 
       5.279528664601e-01       3.017476340695e+02 
       5.311698490160e-01       2.978469294288e+02 
       5.343868317115e-01       2.939989019889e+02 
       5.376038145441e-01       2.902009834809e+02 
       5.408207975113e-01       2.864720098941e+02 
       5.440377806106e-01       2.828102079561e+02 
       5.472547638399e-01       2.792162006872e+02 
       5.504717471967e-01       2.756915684283e+02 
       5.536887306789e-01       2.722332168704e+02 
       5.569057142843e-01       2.688395499694e+02 
       5.601226980107e-01       2.655093330991e+02 
       5.633396818561e-01       2.622453177833e+02 
       5.665566658184e-01       2.590450355732e+02 
       5.697736498956e-01       2.559081870353e+02 
       5.729906340859e-01       2.528317111393e+02 
       5.762076183873e-01       2.498108985040e+02 
       5.794246027979e-01       2.468401058533e+02 
       5.826415873160e-01       2.439155790143e+02 
       5.858585719398e-01       2.410352237918e+02 
       5.890755566674e-01       2.381985822052e+02 
       5.922925414973e-01       2.354060987350e+02 
       5.955095264278e-01       2.326574694054e+02 
       5.987265114572e-01       2.299513114630e+02 
       6.019434965840e-01       2.272854357397e+02 
       6.051604818066e-01       2.246578304440e+02 
       6.083774671234e-01       2.220677554712e+02 
       6.115944525330e-01       2.195156273921e+02 
       6.148114380340e-01       2.170035568281e+02 
       6.180284236248e-01       2.145336579468e+02 
       6.212454093042e-01       2.121065987104e+02 
       6.244623950706e-01       2.097219366300e+02 
       6.276793809228e-01       2.073776470783e+02 
