# Matter power spectrum P(k) at redshift z=0
# for k=1.03262e-05 to 0.622295 h/Mpc,
# number of wavenumbers equal to 561
#    1:k (h/Mpc)              2:P (Mpc/h)^3        
       1.032623918073e-05       5.375042197073e+01 
       2.307099885155e-05       1.167090072982e+02 
       3.585960261950e-05       1.785789962145e+02 
       4.872573379737e-05       2.400142495630e+02 
       6.170362090469e-05       3.013861147829e+02 
       7.482833647800e-05       3.629723851083e+02 
       8.813610523972e-05       4.250101830291e+02 
       1.016646256448e-04       4.877175545633e+02 
       1.154534088557e-04       5.513045094113e+02 
       1.295441392290e-04       6.159796643297e+02 
       1.439810604065e-04       6.819547987358e+02 
       1.588113910565e-04       7.494483952087e+02 
       1.740857741593e-04       8.186886009325e+02 
       1.898587634152e-04       8.899159137686e+02 
       2.061893497773e-04       9.633857470025e+02 
       2.231415301820e-04       1.039370877594e+03 
       2.407849190891e-04       1.118163968833e+03 
       2.591954012914e-04       1.200079998796e+03 
       2.784558213461e-04       1.285458721532e+03 
       2.986567006390e-04       1.374667018304e+03 
       3.198969671825e-04       1.468101128486e+03 
       3.422846753973e-04       1.566188592951e+03 
       3.659376829931e-04       1.669389766155e+03 
       3.909842393777e-04       1.778198684090e+03 
       4.175634247468e-04       1.893142998462e+03 
       4.458253614919e-04       2.014782630184e+03 
       4.759311008452e-04       2.143706771321e+03 
       5.080520697821e-04       2.280528742140e+03 
       5.423689494614e-04       2.425878268718e+03 
       5.790698518204e-04       2.580390755645e+03 
       6.183476717139e-04       2.744693240316e+03 
       6.603965253952e-04       2.919386911340e+03 
       7.054072486400e-04       3.105026444312e+03 
       7.535620226087e-04       3.302096871754e+03 
       8.050283192536e-04       3.510989066104e+03 
       8.599524977036e-04       3.731975686550e+03 
       9.184535147648e-04       3.965189520517e+03 
       9.806173044365e-04       4.210606687307e+03 
       1.046492400447e-03       4.468036482431e+03 
       1.116087300125e-03       4.737119719374e+03 
       1.189369896846e-03       5.017335873857e+03 
       1.266269067958e-03       5.308018756000e+03 
       1.346678243424e-03       5.608370634035e+03 
       1.430460553095e-03       5.917479553394e+03 
       1.517455002667e-03       6.234426172729e+03 
       1.607483081452e-03       6.558221784926e+03 
       1.700355252801e-03       6.887867222091e+03 
       1.795876893391e-03       7.222376363661e+03 
       1.893853394717e-03       7.560794850621e+03 
       1.994094286138e-03       7.902214652849e+03 
       2.096416360981e-03       8.245784693797e+03 
       2.200645874923e-03       8.590716773437e+03 
       2.306619938403e-03       8.936289364801e+03 
       2.414187247656e-03       9.281847590912e+03 
       2.523208300273e-03       9.626800870426e+03 
       2.633555228868e-03       9.970622073587e+03 
       2.745111367269e-03       1.031284121043e+04 
       2.857770642165e-03       1.065304421188e+04 
       2.971436862556e-03       1.099086522374e+04 
       3.086022961073e-03       1.132598317382e+04 
       3.201450226030e-03       1.165812059455e+04 
       3.317647550939e-03       1.198703212455e+04 
       3.434550718847e-03       1.231250858286e+04 
       3.552101731941e-03       1.263436741722e+04 
       3.670248191776e-03       1.295245532598e+04 
       3.788942731974e-03       1.326663571692e+04 
       3.908142502866e-03       1.357679834953e+04 
       4.027808705983e-03       1.388284849466e+04 
       4.147906175386e-03       1.418470456502e+04 
       4.268403002345e-03       1.448230639169e+04 
       4.389270199663e-03       1.477559867516e+04 
       4.510481401956e-03       1.506454345540e+04 
       4.632012598333e-03       1.534911140472e+04 
       4.753841894124e-03       1.562926638687e+04 
       4.875949298564e-03       1.590500087765e+04 
       4.998316535593e-03       1.617634079846e+04 
       5.120926875213e-03       1.644325668662e+04 
       5.243764983098e-03       1.670575485251e+04 
       5.366816786393e-03       1.696385287458e+04 
       5.490069353867e-03       1.721756165237e+04 
       5.613510788795e-03       1.746689098701e+04 
       5.737130133121e-03       1.771186513986e+04 
       5.860917281621e-03       1.795251226579e+04 
       5.984862904953e-03       1.818885346590e+04 
       6.108958380576e-03       1.842091181254e+04 
       6.233195730680e-03       1.864872324371e+04 
       6.357567566339e-03       1.887231212924e+04 
       6.482067037205e-03       1.909171303788e+04 
       6.606687786142e-03       1.930696544614e+04 
       6.731423908256e-03       1.951809945522e+04 
       6.856269913866e-03       1.972514329882e+04 
       6.981220694981e-03       1.992814853914e+04 
       7.106271494925e-03       2.012713812264e+04 
       7.231417880776e-03       2.032215139225e+04 
       7.356655718335e-03       2.051323400884e+04 
       7.481981149359e-03       2.070042945877e+04 
       7.607390570838e-03       2.088375818702e+04 
       7.732880616103e-03       2.106327588674e+04 
       7.858448137593e-03       2.123898821365e+04 
       7.984090191112e-03       2.141098047693e+04 
       8.109804021429e-03       2.157926813083e+04 
       8.235587049111e-03       2.174389110409e+04 
       8.361436858444e-03       2.190490437956e+04 
       8.487351186363e-03       2.206231671757e+04 
       8.613327912289e-03       2.221618622373e+04 
       8.739365048789e-03       2.236654720308e+04 
       8.865460732986e-03       2.251343186019e+04 
       8.991613218652e-03       2.265688787335e+04 
       9.117820868925e-03       2.279694556961e+04 
       9.244082149592e-03       2.293367765084e+04 
       9.370395622887e-03       2.306702449558e+04 
       9.496759941774e-03       2.319712121018e+04 
       9.623173844650e-03       2.332397684692e+04 
       9.749636150457e-03       2.344765044460e+04 
       9.876145754154e-03       2.356808964129e+04 
       1.000270162252e-02       2.368541732427e+04 
       1.012930279027e-02       2.379965951337e+04 
       1.025594835647e-02       2.391081372658e+04 
       1.038263748115e-02       2.401895446453e+04 
       1.050936938226e-02       2.412408620387e+04 
       1.063614333275e-02       2.422626738519e+04 
       1.076295865789e-02       2.432551084265e+04 
       1.088981473284e-02       2.442186762477e+04 
       1.101671098027e-02       2.451535579343e+04 
       1.114364686824e-02       2.460601849900e+04 
       1.127062190821e-02       2.469388555039e+04 
       1.139763565318e-02       2.477897081082e+04 
       1.152468769593e-02       2.486137458232e+04 
       1.165177766744e-02       2.494105415493e+04 
       1.177890523541e-02       2.501805751584e+04 
       1.190607010280e-02       2.509244662358e+04 
       1.203327200660e-02       2.516419807745e+04 
       1.216051071660e-02       2.523335348785e+04 
       1.228778603427e-02       2.530009718650e+04 
       1.241509779170e-02       2.536419896818e+04 
       1.254244585068e-02       2.542589600621e+04 
       1.266983010175e-02       2.548509425985e+04 
       1.279725046341e-02       2.554192276944e+04 
       1.292470688132e-02       2.559633654345e+04 
       1.305219932761e-02       2.564838906334e+04 
       1.317972780019e-02       2.569808769405e+04 
       1.330729232219e-02       2.574548145232e+04 
       1.343489294134e-02       2.579063538338e+04 
       1.356252972950e-02       2.583349420598e+04 
       1.369020278220e-02       2.587411985775e+04 
       1.381791221815e-02       2.591258923593e+04 
       1.394565817889e-02       2.594881706538e+04 
       1.407344082845e-02       2.598302044244e+04 
       1.420126035299e-02       2.601503008936e+04 
       1.432911696053e-02       2.604502903755e+04 
       1.445701088071e-02       2.607287252982e+04 
       1.458494236453e-02       2.609879553947e+04 
       1.471291168419e-02       2.612260571978e+04 
       1.484091913289e-02       2.614453267430e+04 
       1.496896502470e-02       2.616442003107e+04 
       1.509704969447e-02       2.618245818662e+04 
       1.522517349767e-02       2.619851483506e+04 
       1.535333681041e-02       2.621269901345e+04 
       1.548154002930e-02       2.622504033935e+04 
       1.560978357151e-02       2.623553148482e+04 
       1.573806787471e-02       2.624426372511e+04 
       1.586639339709e-02       2.625119739680e+04 
       1.599476061746e-02       2.625635709603e+04 
       1.612317003523e-02       2.625977208316e+04 
       1.625162217052e-02       2.626139602108e+04 
       1.638011756427e-02       2.626150607165e+04 
       1.650865677833e-02       2.625983227841e+04 
       1.663724039560e-02       2.625659548755e+04 
       1.676586902018e-02       2.625171849143e+04 
       1.689454327755e-02       2.624518530845e+04 
       1.702326381472e-02       2.623713244316e+04 
       1.715203130048e-02       2.622751663473e+04 
       1.728084642556e-02       2.621624556409e+04 
       1.740970990293e-02       2.620367983236e+04 
       1.753862246800e-02       2.618955783542e+04 
       1.766758487891e-02       2.617388655687e+04 
       1.779659791680e-02       2.615688701455e+04 
       1.792566238615e-02       2.613842350061e+04 
       1.805477911505e-02       2.611854177612e+04 
       1.818394895556e-02       2.609730971439e+04 
       1.831317278407e-02       2.607453705371e+04 
       1.844245150162e-02       2.605074441783e+04 
       1.857178603436e-02       2.602550891098e+04 
       1.870117733389e-02       2.599894197725e+04 
       1.883062637771e-02       2.597113976791e+04 
       1.896013416964e-02       2.594195898245e+04 
       1.908970174028e-02       2.591171591889e+04 
       1.921933014748e-02       2.588013370346e+04 
       1.934902047686e-02       2.584731023503e+04 
       1.947877384225e-02       2.581336093105e+04 
       1.960859138628e-02       2.577843260222e+04 
       1.973847428091e-02       2.574214677837e+04 
       1.986842372798e-02       2.570461174738e+04 
       1.999844095980e-02       2.566641926320e+04 
       2.012852723976e-02       2.562679359422e+04 
       2.025868386296e-02       2.558635938279e+04 
       2.038891215686e-02       2.554471845788e+04 
       2.051921348192e-02       2.550200888641e+04 
       2.064958923232e-02       2.545844777255e+04 
       2.078004083665e-02       2.541379725648e+04 
       2.091056975869e-02       2.536819287737e+04 
       2.104117749809e-02       2.532161476976e+04 
       2.117186559125e-02       2.527414224089e+04 
       2.130263561204e-02       2.522558388929e+04 
       2.143348917270e-02       2.517629752563e+04 
       2.156442792466e-02       2.512603528207e+04 
       2.169545355945e-02       2.507494009804e+04 
       2.182656780961e-02       2.502308439638e+04 
       2.195777244963e-02       2.497026877597e+04 
       2.208906929693e-02       2.491653600706e+04 
       2.222046021285e-02       2.486208604130e+04 
       2.235194710372e-02       2.480697086609e+04 
       2.248353192189e-02       2.475098991437e+04 
       2.261521666686e-02       2.469442360510e+04 
       2.274700338639e-02       2.463682349205e+04 
       2.287889417770e-02       2.457862037970e+04 
       2.301089118868e-02       2.451984646173e+04 
       2.314299661908e-02       2.446012554908e+04 
       2.327521272189e-02       2.439985606236e+04 
       2.340754180460e-02       2.433902963241e+04 
       2.353998623058e-02       2.427750264711e+04 
       2.367254842050e-02       2.421520333008e+04 
       2.380523085381e-02       2.415240111611e+04 
       2.393803607019e-02       2.408893462103e+04 
       2.407096667118e-02       2.402493697179e+04 
       2.420402532171e-02       2.396034020454e+04 
       2.433721475180e-02       2.389512877962e+04 
       2.447053775824e-02       2.382959985974e+04 
       2.460399720640e-02       2.376320442310e+04 
       2.473759603199e-02       2.369660260763e+04 
       2.487133724302e-02       2.362925748947e+04 
       2.500522392166e-02       2.356153112612e+04 
       2.513925922634e-02       2.349318861124e+04 
       2.527344639375e-02       2.342456313139e+04 
       2.540778874105e-02       2.335532778647e+04 
       2.554228966805e-02       2.328571366549e+04 
       2.567695265953e-02       2.321564785137e+04 
       2.581178128760e-02       2.314518827363e+04 
       2.594677921417e-02       2.307428988675e+04 
       2.608195019351e-02       2.300301201566e+04 
       2.621729807483e-02       2.293120566077e+04 
       2.635282680507e-02       2.285932406026e+04 
       2.648854043168e-02       2.278687702376e+04 
       2.662444310553e-02       2.271413359372e+04 
       2.676053908399e-02       2.264102000264e+04 
       2.689683273401e-02       2.256765071456e+04 
       2.703332853541e-02       2.249382957411e+04 
       2.717003108423e-02       2.241987055384e+04 
       2.730694509622e-02       2.234546927733e+04 
       2.744407541045e-02       2.227090871747e+04 
       2.758142699313e-02       2.219591721221e+04 
       2.771900494142e-02       2.212082336687e+04 
       2.785681448753e-02       2.204537291254e+04 
       2.799486100293e-02       2.196973010708e+04 
       2.813315000267e-02       2.189378340112e+04 
       2.827168714996e-02       2.181763206566e+04 
       2.841047826084e-02       2.174131282451e+04 
       2.854952930908e-02       2.166478360376e+04 
       2.868884643129e-02       2.158812509068e+04 
       2.882843593221e-02       2.151106415913e+04 
       2.896830429019e-02       2.143397300672e+04 
       2.910845816293e-02       2.135666834171e+04 
       2.924890439346e-02       2.127922240028e+04 
       2.938965001633e-02       2.120160498968e+04 
       2.953070226408e-02       2.112378900647e+04 
       2.967206857399e-02       2.104594220448e+04 
       2.981375659511e-02       2.096782181310e+04 
       2.995577419554e-02       2.088968634488e+04 
       3.009812947015e-02       2.081137174116e+04 
       3.024083074848e-02       2.073294303434e+04 
       3.038388660308e-02       2.065445499382e+04 
       3.052730585823e-02       2.057590267280e+04 
       3.067109759899e-02       2.049718494776e+04 
       3.081527118068e-02       2.041841207004e+04 
       3.095983623882e-02       2.033956760477e+04 
       3.110480269948e-02       2.026064450519e+04 
       3.125018079013e-02       2.018167172809e+04 
       3.139598105101e-02       2.010271061067e+04 
       3.154221434702e-02       2.002363621723e+04 
       3.168889188016e-02       1.994439743984e+04 
       3.183602520260e-02       1.986520039636e+04 
       3.198362623038e-02       1.978601577623e+04 
       3.213170725772e-02       1.970678388366e+04 
       3.228028097215e-02       1.962739606387e+04 
       3.242936047028e-02       1.954815870861e+04 
       3.257895927445e-02       1.946883881609e+04 
       3.272909135018e-02       1.938954908560e+04 
       3.287977112452e-02       1.931016419997e+04 
       3.303101350539e-02       1.923091419221e+04 
       3.318283390190e-02       1.915145801432e+04 
       3.333524824576e-02       1.907206959047e+04 
       3.348827301384e-02       1.899283147262e+04 
       3.364192525194e-02       1.891354344002e+04 
       3.379622259990e-02       1.883415934970e+04 
       3.395118331804e-02       1.875493764411e+04 
       3.410682631515e-02       1.867566791529e+04 
       3.426317117800e-02       1.859638815845e+04 
       3.442023820258e-02       1.851719881781e+04 
       3.457804842714e-02       1.843804897366e+04 
       3.473662366717e-02       1.835892792994e+04 
       3.489598655242e-02       1.827980782655e+04 
       3.505616056620e-02       1.820063102184e+04 
       3.521717008698e-02       1.812157601891e+04 
       3.537904043266e-02       1.804267450687e+04 
       3.554179790745e-02       1.796362964967e+04 
       3.570546985181e-02       1.788470803759e+04 
       3.587008469553e-02       1.780586756267e+04 
       3.603567201420e-02       1.772704978706e+04 
       3.620226258943e-02       1.764825992688e+04 
       3.636988847298e-02       1.756941212818e+04 
       3.653858305526e-02       1.749074560531e+04 
       3.670838113838e-02       1.741209724491e+04 
       3.687931901436e-02       1.733343346115e+04 
       3.705143454861e-02       1.725476630738e+04 
       3.722476726948e-02       1.717623339074e+04 
       3.739935846409e-02       1.709779343370e+04 
       3.757525128121e-02       1.701928121585e+04 
       3.775249084161e-02       1.694084626301e+04 
       3.793112435674e-02       1.686254622584e+04 
       3.811120125638e-02       1.678401037881e+04 
       3.829277332605e-02       1.670573046753e+04 
       3.847589485516e-02       1.662748612604e+04 
       3.866062279696e-02       1.654924652195e+04 
       3.884701694123e-02       1.647095074484e+04 
       3.903514010113e-02       1.639272326852e+04 
       3.922505831555e-02       1.631444030354e+04 
       3.941684106849e-02       1.623627319582e+04 
       3.961056152721e-02       1.615808190444e+04 
       3.980629680109e-02       1.607988334312e+04 
       4.000412822346e-02       1.600166096896e+04 
       4.020414165868e-02       1.592341847604e+04 
       4.040642783740e-02       1.584509865742e+04 
       4.061108272301e-02       1.576671600993e+04 
       4.081820791278e-02       1.568847269669e+04 
       4.102791107778e-02       1.561022277078e+04 
       4.124030644591e-02       1.553174426980e+04 
       4.145551533337e-02       1.545327663108e+04 
       4.167366673027e-02       1.537486880676e+04 
       4.189489794707e-02       1.529609604798e+04 
       4.211935532960e-02       1.521751680193e+04 
       4.234719505133e-02       1.513866043273e+04 
       4.257858399295e-02       1.505972519243e+04 
       4.281370072105e-02       1.498065619867e+04 
       4.305273657918e-02       1.490163069911e+04 
       4.329589690704e-02       1.482213098503e+04 
       4.354340240585e-02       1.474277855210e+04 
       4.379549067114e-02       1.466291465996e+04 
       4.405241791769e-02       1.458312219846e+04 
       4.431446092572e-02       1.450292222036e+04 
       4.458191924254e-02       1.442244544677e+04 
       4.485511768010e-02       1.434185930216e+04 
       4.513440915642e-02       1.426091522618e+04 
       4.542017793789e-02       1.417941345213e+04 
       4.571284335062e-02       1.409781341489e+04 
       4.601286404247e-02       1.401586422755e+04 
       4.632074289399e-02       1.393312793936e+04 
       4.663703269718e-02       1.385035013248e+04 
       4.696234274590e-02       1.376679920440e+04 
       4.729734651369e-02       1.368273250020e+04 
       4.764279063375e-02       1.359804527429e+04 
       4.799950544499e-02       1.351271493094e+04 
       4.836841743009e-02       1.342672094029e+04 
       4.875056394964e-02       1.333968908886e+04 
       4.914711077498e-02       1.325202615196e+04 
       4.955937304879e-02       1.316320957610e+04 
       4.998884046181e-02       1.307341075612e+04 
       5.043720763891e-02       1.298240399833e+04 
       5.090641098716e-02       1.288997760846e+04 
       5.139867358940e-02       1.279603209433e+04 
       5.191656014347e-02       1.270042140988e+04 
       5.246304446686e-02       1.260272375497e+04 
       5.304159271958e-02       1.250322687673e+04 
       5.365626623916e-02       1.240083592157e+04 
       5.431184868406e-02       1.229569593593e+04 
       5.501400291066e-02       1.218715004754e+04 
       5.576946334215e-02       1.207436960951e+04 
       5.658626883536e-02       1.195685450398e+04 
       5.747403781795e-02       1.183338633280e+04 
       5.844427907549e-02       1.170275722123e+04 
       5.951071317878e-02       1.156296928332e+04 
       6.068954318674e-02       1.141129566917e+04 
       6.199954792563e-02       1.124525377313e+04 
       6.346176771923e-02       1.105974443029e+04 
       6.509842237302e-02       1.084988682918e+04 
       6.693062091669e-02       1.060822910653e+04 
       6.897459284269e-02       1.032757872983e+04 
       7.123688084437e-02       1.000090278656e+04 
       7.371019139066e-02       9.623725420443e+03 
       7.637247529834e-02       9.197190008901e+03 
       7.919073328909e-02       8.729201352446e+03 
       8.212805931662e-02       8.234563856628e+03 
       8.515037007166e-02       7.731841119482e+03 
       8.823022797656e-02       7.240712926699e+03 
       9.134759641652e-02       6.779077806925e+03 
       9.448878805171e-02       6.359976978389e+03 
       9.764485606437e-02       5.992191060361e+03 
       1.008101154287e-01       5.678508263631e+03 
       1.039810173679e-01       5.417794394767e+03 
       1.071553708227e-01       5.205044368940e+03 
       1.103318320263e-01       5.032556883082e+03 
       1.135095801346e-01       4.890753967610e+03 
       1.166881148731e-01       4.769610461032e+03 
       1.198671316945e-01       4.658923282152e+03 
       1.230464452675e-01       4.549591109487e+03 
       1.262259427748e-01       4.434181947333e+03 
       1.294055554742e-01       4.307753244284e+03 
       1.325852414062e-01       4.168071625958e+03 
       1.357649748876e-01       4.015096489535e+03 
       1.389447401310e-01       3.851503283063e+03 
       1.421245273700e-01       3.681469896197e+03 
       1.453043305072e-01       3.509844359039e+03 
       1.484841456849e-01       3.341894932615e+03 
       1.516639704169e-01       3.182535257945e+03 
       1.548438030606e-01       3.035579872551e+03 
       1.580236424954e-01       2.903673801093e+03 
       1.612034879271e-01       2.788205181772e+03 
       1.643833387679e-01       2.689321771449e+03 
       1.675631945630e-01       2.605836420401e+03 
       1.707430549456e-01       2.535808850341e+03 
       1.739229196085e-01       2.476512838949e+03 
       1.771027882867e-01       2.424928383085e+03 
       1.802826607461e-01       2.377873053973e+03 
       1.834625367764e-01       2.333013508226e+03 
       1.866424161864e-01       2.287243609246e+03 
       1.898222988003e-01       2.238470546324e+03 
       1.930021844557e-01       2.185425450797e+03 
       1.961820730020e-01       2.127661860453e+03 
       1.993619642987e-01       2.065681925978e+03 
       2.025418582146e-01       2.000418863854e+03 
       2.057217546271e-01       1.933540029587e+03 
       2.089016534210e-01       1.866609783403e+03 
       2.120815544883e-01       1.801274854223e+03 
       2.152614577274e-01       1.738908290042e+03 
       2.184413630427e-01       1.680653378328e+03 
       2.216212703442e-01       1.627193241428e+03 
       2.248011795470e-01       1.578977797953e+03 
       2.279810905709e-01       1.536001772746e+03 
       2.311610033403e-01       1.498061416787e+03 
       2.343409177837e-01       1.464515038841e+03 
       2.375208338334e-01       1.434713723749e+03 
       2.407007514253e-01       1.407544426522e+03 
       2.438806704986e-01       1.382070412618e+03 
       2.470605909959e-01       1.357349593528e+03 
       2.502405128624e-01       1.332559609212e+03 
       2.534204360463e-01       1.307063997261e+03 
       2.566003604984e-01       1.280555790542e+03 
       2.597802861718e-01       1.252846643517e+03 
       2.629602130218e-01       1.224057389855e+03 
       2.661401410062e-01       1.194360929309e+03 
       2.693200700844e-01       1.164131949807e+03 
       2.725000002180e-01       1.133864661790e+03 
       2.756799313702e-01       1.104023421086e+03 
       2.788598635060e-01       1.075181335680e+03 
       2.820397965919e-01       1.047653405263e+03 
       2.852197305960e-01       1.021860227189e+03 
       2.883996654877e-01       9.979128847266e+02 
       2.915796012378e-01       9.758179541986e+02 
       2.947595378185e-01       9.555409057679e+02 
       2.979394752029e-01       9.368382775364e+02 
       3.011194133655e-01       9.194605148472e+02 
       3.042993522817e-01       9.031307434963e+02 
       3.074792919281e-01       8.875586442964e+02 
       3.106592322821e-01       8.724626360513e+02 
       3.138391733220e-01       8.575994049902e+02 
       3.170191150273e-01       8.427151108325e+02 
       3.201990573778e-01       8.276928046676e+02 
       3.233790003546e-01       8.124288639118e+02 
       3.265589439391e-01       7.969147931639e+02 
       3.297388881138e-01       7.812370866683e+02 
       3.329188328617e-01       7.655142411556e+02 
       3.360987781664e-01       7.498647326924e+02 
       3.392787240121e-01       7.344617285066e+02 
       3.424586703838e-01       7.194277209094e+02 
       3.456386172669e-01       7.048712560880e+02 
       3.488185646473e-01       6.908868400641e+02 
       3.519985125114e-01       6.775397620381e+02 
       3.551784608462e-01       6.648708725702e+02 
       3.583584096392e-01       6.528833028442e+02 
       3.615383588782e-01       6.415419549808e+02 
       3.647183085514e-01       6.307626951731e+02 
       3.678982586477e-01       6.204569392002e+02 
       3.710782091559e-01       6.105077195052e+02 
       3.742581600657e-01       6.008309913897e+02 
       3.774381113667e-01       5.913351675660e+02 
       3.806180630492e-01       5.819497937535e+02 
       3.837980151037e-01       5.726426281123e+02 
       3.869779675209e-01       5.633869311546e+02 
       3.901579202919e-01       5.541715664189e+02 
       3.933378734081e-01       5.449929600771e+02 
       3.965178268612e-01       5.358632410618e+02 
       3.996977806431e-01       5.268233014608e+02 
       4.028777347459e-01       5.179038137334e+02 
       4.060576891622e-01       5.091622232179e+02 
       4.092376438846e-01       5.006153406661e+02 
       4.124175989059e-01       4.923196837287e+02 
       4.155975542193e-01       4.842832901410e+02 
       4.187775098181e-01       4.764970990130e+02 
       4.219574656959e-01       4.689773281472e+02 
       4.251374218463e-01       4.617059677627e+02 
       4.283173782632e-01       4.546793623956e+02 
       4.314973349408e-01       4.478644738330e+02 
       4.346772918732e-01       4.412543112022e+02 
       4.378572490550e-01       4.348247942796e+02 
       4.410372064807e-01       4.285501076316e+02 
       4.442171641450e-01       4.223999797159e+02 
       4.473971220429e-01       4.163418789304e+02 
       4.505770801694e-01       4.103653193005e+02 
       4.537570385196e-01       4.044548907032e+02 
       4.569369970889e-01       3.986096574355e+02 
       4.601169558727e-01       3.928330916562e+02 
       4.632969148666e-01       3.871310924015e+02 
       4.664768740662e-01       3.815086829493e+02 
       4.696568334674e-01       3.759804747296e+02 
       4.728367930662e-01       3.705358266178e+02 
       4.760167528584e-01       3.651933171975e+02 
       4.791967128403e-01       3.599685001979e+02 
       4.823766730081e-01       3.548687378966e+02 
       4.855566333582e-01       3.499010197473e+02 
       4.887365938869e-01       3.450683489323e+02 
       4.919165545908e-01       3.403611226630e+02 
       4.950965154665e-01       3.357764054658e+02 
       4.982764765107e-01       3.312950775540e+02 
       5.014564377201e-01       3.269120450916e+02 
       5.046363990918e-01       3.226163689896e+02 
       5.078163606225e-01       3.184020894433e+02 
       5.109963223093e-01       3.142613171661e+02 
       5.141762841494e-01       3.101852740184e+02 
       5.173562461398e-01       3.061710188161e+02 
       5.205362082779e-01       3.022150486269e+02 
       5.237161705608e-01       2.983090713220e+02 
       5.268961329861e-01       2.944528473360e+02 
       5.300760955510e-01       2.906509146484e+02 
       5.332560582532e-01       2.869106690549e+02 
       5.364360210901e-01       2.832324905563e+02 
       5.396159840594e-01       2.796258768294e+02 
       5.427959471587e-01       2.760854283959e+02 
       5.459759103858e-01       2.726160816164e+02 
       5.491558737384e-01       2.692078924788e+02 
       5.523358372144e-01       2.658635303119e+02 
       5.555158008116e-01       2.625826952742e+02 
       5.586957645280e-01       2.593666822968e+02 
       5.618757283615e-01       2.562173004705e+02 
       5.650556923102e-01       2.531267174263e+02 
       5.682356563721e-01       2.500954766090e+02 
       5.714156205452e-01       2.471150801879e+02 
       5.745955848279e-01       2.441843604775e+02 
       5.777755492182e-01       2.412970768563e+02 
       5.809555137143e-01       2.384527588834e+02 
       5.841354783146e-01       2.356534258037e+02 
       5.873154430174e-01       2.328965676929e+02 
       5.904954078209e-01       2.301844876339e+02 
       5.936753727236e-01       2.275129213760e+02 
       5.968553377238e-01       2.248773403898e+02 
       6.000353028201e-01       2.222818512941e+02 
       6.032152680109e-01       2.197238902637e+02 
       6.063952332947e-01       2.172050719253e+02 
       6.095751986700e-01       2.147274831648e+02 
       6.127551641355e-01       2.122906027055e+02 
       6.159351296896e-01       2.098971929777e+02 
       6.191150953311e-01       2.075465778548e+02 
       6.222950610586e-01       2.052332364223e+02 
