# Matter power spectrum P(k) at redshift z=0
# for k=1.04335e-05 to 0.626755 h/Mpc,
# number of wavenumbers equal to 560
#    1:k (h/Mpc)              2:P (Mpc/h)^3        
       1.043348031381e-05       5.142478661179e+01 
       2.331082990550e-05       1.116611600645e+02 
       3.623340382755e-05       1.708616512781e+02 
       4.923595177872e-05       2.296557588425e+02 
       6.235379758284e-05       2.884025951921e+02 
       7.562315398596e-05       3.473724620556e+02 
       8.908144750968e-05       4.067962122883e+02 
       1.027676576793e-04       4.668874009575e+02 
       1.167226749781e-04       5.278521808764e+02 
       1.309896819134e-04       5.898959093794e+02 
       1.456145615857e-04       6.532276207438e+02 
       1.606463380923e-04       7.180635490929e+02 
       1.761376529216e-04       7.846301678557e+02 
       1.921452811221e-04       8.531668484699e+02 
       2.087306903779e-04       9.239283732120e+02 
       2.259606450448e-04       9.971876533546e+02 
       2.439078555431e-04       1.073238365393e+03 
       2.626516710373e-04       1.152397427206e+03 
       2.822788097879e-04       1.235007711187e+03 
       3.028841166166e-04       1.321440549703e+03 
       3.245713301917e-04       1.412098183376e+03 
       3.474538339232e-04       1.507415954903e+03 
       3.716553527790e-04       1.607864069756e+03 
       3.973105440304e-04       1.713948717403e+03 
       4.245654128411e-04       1.826212222495e+03 
       4.535774642465e-04       1.945231926765e+03 
       4.845154827795e-04       2.071617258252e+03 
       5.175588123243e-04       2.206004598456e+03 
       5.528959958131e-04       2.349049377239e+03 
       5.907226329654e-04       2.501414927944e+03 
       6.312383317717e-04       2.663757748370e+03 
       6.746426737698e-04       2.836709027570e+03 
       7.211301907908e-04       3.020852625706e+03 
       7.708844635705e-04       3.216700344053e+03 
       8.240715938329e-04       3.424665612875e+03 
       8.808334530958e-04       3.645037508310e+03 
       9.412812438158e-04       3.877957441717e+03 
       1.005489984859e-03       4.123401039765e+03 
       1.073494520055e-03       4.381167330854e+03 
       1.145287528444e-03       4.650877235762e+03 
       1.220819797510e-03       4.931981715278e+03 
       1.300002745017e-03       5.223779358070e+03 
       1.382712899360e-03       5.525422085168e+03 
       1.468797831739e-03       5.835978095762e+03 
       1.558082916672e-03       6.154476756828e+03 
       1.650378291422e-03       6.479891702702e+03 
       1.745485472133e-03       6.811191092076e+03 
       1.843203229087e-03       7.147360678572e+03 
       1.943332486101e-03       7.487424102284e+03 
       2.045680157630e-03       7.830456454224e+03 
       2.150061952856e-03       8.175594238011e+03 
       2.256304252460e-03       8.522041589502e+03 
       2.364245204155e-03       8.869071831700e+03 
       2.473735195104e-03       9.216027517219e+03 
       2.584636852323e-03       9.562318065903e+03 
       2.696824704208e-03       9.907416736558e+03 
       2.810184613767e-03       1.025085623048e+04 
       2.924613071067e-03       1.059222341362e+04 
       3.040016411319e-03       1.093115654781e+04 
       3.156310007055e-03       1.126733729223e+04 
       3.273417468238e-03       1.160049282054e+04 
       3.391269872833e-03       1.193037513811e+04 
       3.509805041754e-03       1.225678427315e+04 
       3.628966865925e-03       1.257953801204e+04 
       3.748704688700e-03       1.289848428515e+04 
       3.868972743933e-03       1.321349188519e+04 
       3.989729647958e-03       1.352444892124e+04 
       4.110937942557e-03       1.383126574594e+04 
       4.232563685290e-03       1.413386280980e+04 
       4.354576083257e-03       1.443217857965e+04 
       4.476947166325e-03       1.472616461414e+04 
       4.599651495925e-03       1.501578172807e+04 
       4.722665905771e-03       1.530099669298e+04 
       4.845969271071e-03       1.558178685918e+04 
       4.969542303127e-03       1.585815702940e+04 
       5.093367366475e-03       1.613009049316e+04 
       5.217428316038e-03       1.639759388289e+04 
       5.341710351997e-03       1.666066553684e+04 
       5.466199890367e-03       1.691931488264e+04 
       5.590884447471e-03       1.717356590098e+04 
       5.715752536716e-03       1.742342602829e+04 
       5.840793576278e-03       1.766892288014e+04 
       5.965997806438e-03       1.791008164872e+04 
       6.091356215485e-03       1.814692304757e+04 
       6.216860473212e-03       1.837947675900e+04 
       6.342502871164e-03       1.860777361923e+04 
       6.468276268881e-03       1.883183562378e+04 
       6.594174045470e-03       1.905171062300e+04 
       6.720190055942e-03       1.926743086679e+04 
       6.846318591772e-03       1.947902452895e+04 
       6.972554345251e-03       1.968652729631e+04 
       7.098892377216e-03       1.988998606859e+04 
       7.225328087800e-03       2.008942216301e+04 
       7.351857189899e-03       2.028488026772e+04 
       7.478475685060e-03       2.047642035072e+04 
       7.605179841560e-03       2.066405071594e+04 
       7.731966174437e-03       2.084782251965e+04 
       7.858831427299e-03       2.102777166752e+04 
       7.985772555711e-03       2.120394739773e+04 
       8.112786712026e-03       2.137635643734e+04 
       8.239871231513e-03       2.154508696321e+04 
       8.367023619655e-03       2.171013791791e+04 
       8.494241540511e-03       2.187157597500e+04 
       8.621522806037e-03       2.202940653819e+04 
       8.748865366290e-03       2.218371288768e+04 
       8.876267300417e-03       2.233449549523e+04 
       9.003726808365e-03       2.248179005668e+04 
       9.131242203263e-03       2.262565385169e+04 
       9.258811904382e-03       2.276615994815e+04 
       9.386434430662e-03       2.290327630273e+04 
       9.514108394726e-03       2.303708481256e+04 
       9.641832497355e-03       2.316759724815e+04 
       9.769605522381e-03       2.329486693711e+04 
       9.897426331969e-03       2.341892923248e+04 
       1.002529386224e-02       2.353980623394e+04 
       1.015320711921e-02       2.365755423786e+04 
       1.028116517508e-02       2.377218684987e+04 
       1.040916716471e-02       2.388376709002e+04 
       1.053721228242e-02       2.399231528261e+04 
       1.066529977897e-02       2.409785387446e+04 
       1.079342895882e-02       2.420044011145e+04 
       1.092159917751e-02       2.430008901941e+04 
       1.104980983926e-02       2.439685244908e+04 
       1.117806039478e-02       2.449074065823e+04 
       1.130635033913e-02       2.458180711074e+04 
       1.143467920984e-02       2.467007234488e+04 
       1.156304658512e-02       2.475557663379e+04 
       1.169145208215e-02       2.483834822601e+04 
       1.181989535554e-02       2.491842882313e+04 
       1.194837609591e-02       2.499582939749e+04 
       1.207689402855e-02       2.507060271663e+04 
       1.220544891210e-02       2.514275713183e+04 
       1.233404053748e-02       2.521235361452e+04 
       1.246266872677e-02       2.527939599279e+04 
       1.259133333219e-02       2.534393201233e+04 
       1.272003423521e-02       2.540598228604e+04 
       1.284877134564e-02       2.546558186120e+04 
       1.297754460088e-02       2.552275183029e+04 
       1.310635396515e-02       2.557753451982e+04 
       1.323519942881e-02       2.562994169042e+04 
       1.336408100774e-02       2.568001744334e+04 
       1.349299874275e-02       2.572777290823e+04 
       1.362195269904e-02       2.577324958869e+04 
       1.375094296573e-02       2.581646396180e+04 
       1.387996965538e-02       2.585746554128e+04 
       1.400903290361e-02       2.589626476253e+04 
       1.413813286871e-02       2.593290668864e+04 
       1.426726973134e-02       2.596737537599e+04 
       1.439644369418e-02       2.599976475501e+04 
       1.452565498168e-02       2.603006075416e+04 
       1.465490383984e-02       2.605828352477e+04 
       1.478419053598e-02       2.608445900066e+04 
       1.491351535857e-02       2.610865409347e+04 
       1.504287861707e-02       2.613083521790e+04 
       1.517228064182e-02       2.615108028858e+04 
       1.530172178392e-02       2.616937345074e+04 
       1.543120241515e-02       2.618575907658e+04 
       1.556072292794e-02       2.620026392714e+04 
       1.569028373530e-02       2.621292192573e+04 
       1.581988527085e-02       2.622370569812e+04 
       1.594952798879e-02       2.623269964167e+04 
       1.607921236398e-02       2.623991278588e+04 
       1.620893889194e-02       2.624536227966e+04 
       1.633870808896e-02       2.624906793364e+04 
       1.646852049215e-02       2.625105964266e+04 
       1.659837665959e-02       2.625134771328e+04 
       1.672827717044e-02       2.624996491109e+04 
       1.685822262506e-02       2.624696940456e+04 
       1.698821364521e-02       2.624234169147e+04 
       1.711825087421e-02       2.623609756521e+04 
       1.724833497714e-02       2.622828073396e+04 
       1.737846664102e-02       2.621889690223e+04 
       1.750864657512e-02       2.620798511838e+04 
       1.763887551113e-02       2.619557719765e+04 
       1.776915420344e-02       2.618167948468e+04 
       1.789948342947e-02       2.616629358124e+04 
       1.802986398990e-02       2.614951007872e+04 
       1.816029670901e-02       2.613126664926e+04 
       1.829078243503e-02       2.611160935952e+04 
       1.842132204046e-02       2.609056774951e+04 
       1.855191642243e-02       2.606820189477e+04 
       1.868256650312e-02       2.604447546586e+04 
       1.881327323011e-02       2.601942662358e+04 
       1.894403757681e-02       2.599309520081e+04 
       1.907486054292e-02       2.596545228612e+04 
       1.920574315484e-02       2.593658898941e+04 
       1.933668646615e-02       2.590646601625e+04 
       1.946769155811e-02       2.587512470688e+04 
       1.959875954014e-02       2.584257858597e+04 
       1.972989155038e-02       2.580885965500e+04 
       1.986108875616e-02       2.577398073625e+04 
       1.999235235466e-02       2.573794517681e+04 
       2.012368357338e-02       2.570083269692e+04 
       2.025508367085e-02       2.566257956417e+04 
       2.038655393716e-02       2.562319041913e+04 
       2.051809569465e-02       2.558281590614e+04 
       2.064971029856e-02       2.554140810037e+04 
       2.078139913770e-02       2.549888306857e+04 
       2.091316363521e-02       2.545542510723e+04 
       2.104500524920e-02       2.541093958298e+04 
       2.117692547360e-02       2.536547038569e+04 
       2.130892583887e-02       2.531907823242e+04 
       2.144100791282e-02       2.527172515438e+04 
       2.157317330147e-02       2.522343879475e+04 
       2.170542364984e-02       2.517421315852e+04 
       2.183776064290e-02       2.512420326965e+04 
       2.197018600642e-02       2.507327227179e+04 
       2.210270150794e-02       2.502142010739e+04 
       2.223530895775e-02       2.496880043256e+04 
       2.236801020985e-02       2.491537347347e+04 
       2.250080716297e-02       2.486110268698e+04 
       2.263370176169e-02       2.480603572989e+04 
       2.276669599749e-02       2.475019860348e+04 
       2.289979190986e-02       2.469365860987e+04 
       2.303299158751e-02       2.463633151838e+04 
       2.316629716954e-02       2.457825418599e+04 
       2.329971084667e-02       2.451952465712e+04 
       2.343323486253e-02       2.446002319192e+04 
       2.356687151500e-02       2.439995042269e+04 
       2.370062315750e-02       2.433905530483e+04 
       2.383449220045e-02       2.427767769189e+04 
       2.396848111272e-02       2.421556734136e+04 
       2.410259242305e-02       2.415290378905e+04 
       2.423682872168e-02       2.408957970635e+04 
       2.437119266187e-02       2.402560598896e+04 
       2.450568696158e-02       2.396117582604e+04 
       2.464031440516e-02       2.389610809118e+04 
       2.477507784506e-02       2.383050116519e+04 
       2.490998020368e-02       2.376438097590e+04 
       2.504502447523e-02       2.369773223320e+04 
       2.518021372764e-02       2.363047157374e+04 
       2.531555110455e-02       2.356286603958e+04 
       2.545103982739e-02       2.349472972516e+04 
       2.558668319749e-02       2.342612409022e+04 
       2.572248459829e-02       2.335699670271e+04 
       2.585844749758e-02       2.328740150676e+04 
       2.599457544991e-02       2.321750201188e+04 
       2.613087209896e-02       2.314710294468e+04 
       2.626734118012e-02       2.307630278241e+04 
       2.640398652302e-02       2.300513425372e+04 
       2.654081205429e-02       2.293354018877e+04 
       2.667782180032e-02       2.286160477184e+04 
       2.681501989016e-02       2.278929127537e+04 
       2.695241055847e-02       2.271662807845e+04 
       2.708999814870e-02       2.264360117602e+04 
       2.722778711621e-02       2.257029235800e+04 
       2.736578203169e-02       2.249660878794e+04 
       2.750398758453e-02       2.242273573888e+04 
       2.764240858644e-02       2.234840635821e+04 
       2.778104997515e-02       2.227386810527e+04 
       2.791991681827e-02       2.219903011737e+04 
       2.805901431728e-02       2.212393856219e+04 
       2.819834781165e-02       2.204865287089e+04 
       2.833792278320e-02       2.197307410855e+04 
       2.847774486052e-02       2.189716708860e+04 
       2.861781982365e-02       2.182114288312e+04 
       2.875815360888e-02       2.174492137278e+04 
       2.889875231381e-02       2.166839802321e+04 
       2.903962220250e-02       2.159169213674e+04 
       2.918076971098e-02       2.151479874641e+04 
       2.932220145281e-02       2.143781635008e+04 
       2.946392422505e-02       2.136050798767e+04 
       2.960594501428e-02       2.128312526839e+04 
       2.974827100305e-02       2.120557262941e+04 
       2.989090957647e-02       2.112788865060e+04 
       3.003386832916e-02       2.105003243868e+04 
       3.017715507242e-02       2.097208896729e+04 
       3.032077784179e-02       2.089397639255e+04 
       3.046474490488e-02       2.081574454692e+04 
       3.060906476954e-02       2.073730430344e+04 
       3.075374619241e-02       2.065896185629e+04 
       3.089879818789e-02       2.058044652991e+04 
       3.104423003740e-02       2.050176464737e+04 
       3.119005129915e-02       2.042303175906e+04 
       3.133627181835e-02       2.034424784803e+04 
       3.148290173784e-02       2.026540792943e+04 
       3.162995150924e-02       2.018647135939e+04 
       3.177743190466e-02       2.010743052603e+04 
       3.192535402889e-02       2.002840287420e+04 
       3.207372933223e-02       1.994937527125e+04 
       3.222256962390e-02       1.987020329235e+04 
       3.237188708613e-02       1.979099115814e+04 
       3.252169428895e-02       1.971183900040e+04 
       3.267200420566e-02       1.963258027253e+04 
       3.282283022914e-02       1.955328985003e+04 
       3.297418618894e-02       1.947392855049e+04 
       3.312608636928e-02       1.939470642216e+04 
       3.327854552793e-02       1.931543757004e+04 
       3.343157891614e-02       1.923611674375e+04 
       3.358520229955e-02       1.915681681862e+04 
       3.373943198028e-02       1.907755207755e+04 
       3.389428482017e-02       1.899826079681e+04 
       3.404977826528e-02       1.891900861860e+04 
       3.420593037177e-02       1.883962633884e+04 
       3.436275983320e-02       1.876044170790e+04 
       3.452028600935e-02       1.868120838872e+04 
       3.467852895671e-02       1.860197307785e+04 
       3.483750946071e-02       1.852276880756e+04 
       3.499724906980e-02       1.844362837997e+04 
       3.515777013160e-02       1.836451801148e+04 
       3.531909583110e-02       1.828543581726e+04 
       3.548125023127e-02       1.820633598658e+04 
       3.564425831606e-02       1.812731243090e+04 
       3.580814603611e-02       1.804829771665e+04 
       3.597294035724e-02       1.796940485366e+04 
       3.613866931211e-02       1.789041808905e+04 
       3.630536205506e-02       1.781155668415e+04 
       3.647304892062e-02       1.773273590099e+04 
       3.664176148577e-02       1.765398154585e+04 
       3.681153263634e-02       1.757519251884e+04 
       3.698239663798e-02       1.749644411276e+04 
       3.715438921183e-02       1.741774568840e+04 
       3.732754761547e-02       1.733918815343e+04 
       3.750191072962e-02       1.726053373988e+04 
       3.767751915085e-02       1.718207196231e+04 
       3.785441529106e-02       1.710347016329e+04 
       3.803264348418e-02       1.702502618836e+04 
       3.821225010079e-02       1.694658468097e+04 
       3.839328367132e-02       1.686809985546e+04 
       3.857579501862e-02       1.678975126757e+04 
       3.875983740083e-02       1.671138543739e+04 
       3.894546666539e-02       1.663307905311e+04 
       3.913274141535e-02       1.655473559337e+04 
       3.932172318911e-02       1.647643481140e+04 
       3.951247665495e-02       1.639820612245e+04 
       3.970506982174e-02       1.631995090028e+04 
       3.989957426752e-02       1.624167214022e+04 
       4.009606538780e-02       1.616338021257e+04 
       4.029462266553e-02       1.608505726511e+04 
       4.049532996519e-02       1.600676982159e+04 
       4.069827585343e-02       1.592852986621e+04 
       4.090355394930e-02       1.585023009725e+04 
       4.111126330723e-02       1.577183897206e+04 
       4.132150883665e-02       1.569345653355e+04 
       4.153440176227e-02       1.561499635883e+04 
       4.175006012996e-02       1.553656062296e+04 
       4.196860936353e-02       1.545799405216e+04 
       4.219018287882e-02       1.537937125452e+04 
       4.241492276194e-02       1.530068761993e+04 
       4.264298052000e-02       1.522187594024e+04 
       4.287451791355e-02       1.514294585936e+04 
       4.310970788159e-02       1.506391526153e+04 
       4.334873557139e-02       1.498473640682e+04 
       4.359179948775e-02       1.490548142585e+04 
       4.383911277809e-02       1.482594737621e+04 
       4.409090467307e-02       1.474627990263e+04 
       4.434742210524e-02       1.466645049166e+04 
       4.460893153240e-02       1.458632767558e+04 
       4.487572099682e-02       1.450599315957e+04 
       4.514810245720e-02       1.442537689503e+04 
       4.542641443685e-02       1.434450113481e+04 
       4.571102503992e-02       1.426333169099e+04 
       4.600233539701e-02       1.418178044630e+04 
       4.630078361421e-02       1.409983100747e+04 
       4.660684931358e-02       1.401749252621e+04 
       4.692105887197e-02       1.393470861148e+04 
       4.724399148701e-02       1.385139014610e+04 
       4.757628622703e-02       1.376759782971e+04 
       4.791865025622e-02       1.368323567150e+04 
       4.827186846946e-02       1.359816608871e+04 
       4.863681482539e-02       1.351244086282e+04 
       4.901446573466e-02       1.342594077347e+04 
       4.940591594624e-02       1.333868795426e+04 
       4.981239748439e-02       1.325033558857e+04 
       5.023530232774e-02       1.316103762346e+04 
       5.067620969944e-02       1.307062660375e+04 
       5.113691906296e-02       1.297897370620e+04 
       5.161949020620e-02       1.288586791509e+04 
       5.212629216112e-02       1.279122914602e+04 
       5.266006316458e-02       1.269474514904e+04 
       5.322398443365e-02       1.259619679102e+04 
       5.382177121123e-02       1.249538736196e+04 
       5.445778531942e-02       1.239187664226e+04 
       5.513717426353e-02       1.228526616926e+04 
       5.586604256910e-02       1.217512292182e+04 
       5.665166106805e-02       1.206039705265e+04 
       5.750271836583e-02       1.194056416529e+04 
       5.842961390339e-02       1.181437568166e+04 
       5.944478046888e-02       1.168021250416e+04 
       6.056299973492e-02       1.153595582003e+04 
       6.180162803767e-02       1.137900572537e+04 
       6.318056969811e-02       1.120592893936e+04 
       6.472171695245e-02       1.101157282961e+04 
       6.644744840900e-02       1.079012076666e+04 
       6.837776045235e-02       1.053416817179e+04 
       7.052595140856e-02       1.023625169646e+04 
       7.289374055439e-02       9.890075080621e+03 
       7.546800151892e-02       9.493059869360e+03 
       7.822159440483e-02       9.048750104647e+03 
       8.111878946937e-02       8.567711161982e+03 
       8.412269956466e-02       8.066497506905e+03 
       8.720114894046e-02       7.564961257863e+03 
       9.032927270826e-02       7.081984027855e+03 
       9.348941949076e-02       6.634110934095e+03 
       9.666975667836e-02       6.232607764491e+03 
       9.986264353907e-02       5.884191028723e+03 
       1.030632622073e-01       5.589986963966e+03 
       1.062686195636e-01       5.347513583889e+03 
       1.094768730248e-01       5.150373834187e+03 
       1.126868945370e-01       4.990202936698e+03 
       1.158979957376e-01       4.856991814472e+03 
       1.191097573320e-01       4.740544959417e+03 
       1.223219241327e-01       4.630952897616e+03 
       1.255343408468e-01       4.519679387257e+03 
       1.287469129214e-01       4.400216140333e+03 
       1.319595827169e-01       4.268531003414e+03 
       1.351723150237e-01       4.123294517879e+03 
       1.383850882641e-01       3.965582851567e+03 
       1.415978891506e-01       3.798620931012e+03 
       1.448107094418e-01       3.626907911959e+03 
       1.480235439723e-01       3.455679519518e+03 
       1.512363894565e-01       3.290072577497e+03 
       1.544492437611e-01       3.134551186936e+03 
       1.576621054631e-01       2.992626888303e+03 
       1.608749735801e-01       2.866501881355e+03 
       1.640878474059e-01       2.757044986344e+03 
       1.673007264105e-01       2.663850130344e+03 
       1.705136101778e-01       2.585495203479e+03 
       1.737264983678e-01       2.519649245375e+03 
       1.769393906927e-01       2.463437546227e+03 
       1.801522869022e-01       2.413741891102e+03 
       1.833651867738e-01       2.367676978664e+03 
       1.865780901068e-01       2.322628603271e+03 
       1.897909967176e-01       2.275777777117e+03 
       1.930039064376e-01       2.225334478950e+03 
       1.962168191105e-01       2.170372601551e+03 
       1.994297345911e-01       2.110778912437e+03 
       2.026426527440e-01       2.047243876423e+03 
       2.058555734425e-01       1.981019897799e+03 
       2.090684965682e-01       1.913723064152e+03 
       2.122814220097e-01       1.847035159915e+03 
       2.154943496626e-01       1.782500699524e+03 
       2.187072794288e-01       1.721422279196e+03 
       2.219202112156e-01       1.664743861272e+03 
       2.251331449360e-01       1.613086187053e+03 
       2.283460805077e-01       1.566717502416e+03 
       2.315590178532e-01       1.525575136262e+03 
       2.347719568990e-01       1.489270352675e+03 
       2.379848975760e-01       1.457163098083e+03 
       2.411978398184e-01       1.428360344169e+03 
       2.444107835642e-01       1.401877415506e+03 
       2.476237287544e-01       1.376707361443e+03 
       2.508366753332e-01       1.351952366638e+03 
       2.540496232475e-01       1.326862245387e+03 
       2.572625724470e-01       1.300941156677e+03 
       2.604755228840e-01       1.273913672108e+03 
       2.636884745127e-01       1.245708601638e+03 
       2.669014272900e-01       1.216449497563e+03 
       2.701143811747e-01       1.186433398155e+03 
       2.733273361274e-01       1.156054580656e+03 
       2.765402921107e-01       1.125804118988e+03 
       2.797532490889e-01       1.096192567661e+03 
       2.829662070280e-01       1.067712080996e+03 
       2.861791658953e-01       1.040746529514e+03 
       2.893921256598e-01       1.015559226878e+03 
       2.926050862917e-01       9.922579443979e+02 
       2.958180477628e-01       9.708133241524e+02 
       2.990310100456e-01       9.510903621849e+02 
       3.022439731144e-01       9.328577155157e+02 
       3.054569369440e-01       9.158558586564e+02 
       3.086699015106e-01       8.997960522721e+02 
       3.118828667914e-01       8.843923945235e+02 
       3.150958327644e-01       8.693681329164e+02 
       3.183087994084e-01       8.544758313090e+02 
       3.215217667034e-01       8.395127283217e+02 
       3.247347346298e-01       8.243558892966e+02 
       3.279477031691e-01       8.089446084568e+02 
       3.311606723032e-01       7.933197181721e+02 
       3.343736420150e-01       7.775595855500e+02 
       3.375866122879e-01       7.617990857341e+02 
       3.407995831060e-01       7.461870547611e+02 
       3.440125544539e-01       7.308631401477e+02 
       3.472255263168e-01       7.159535097972e+02 
       3.504384986805e-01       7.015634503067e+02 
       3.536514715313e-01       6.877759104234e+02 
       3.568644448560e-01       6.746489939467e+02 
       3.600774186418e-01       6.622066229231e+02 
       3.632903928765e-01       6.504318130066e+02 
       3.665033675481e-01       6.392778507533e+02 
       3.697163426453e-01       6.286551650445e+02 
       3.729293181570e-01       6.184704863828e+02 
       3.761422940725e-01       6.086090390531e+02 
       3.793552703816e-01       5.989765144168e+02 
       3.825682470743e-01       5.894995938799e+02 
       3.857812241408e-01       5.801206645292e+02 
       3.889942015721e-01       5.708060701111e+02 
       3.922071793590e-01       5.615371537151e+02 
       3.954201574928e-01       5.523062947439e+02 
       3.986331359651e-01       5.431193618727e+02 
       4.018461147678e-01       5.339979389028e+02 
       4.050590938930e-01       5.249708566964e+02 
       4.082720733331e-01       5.160872658583e+02 
       4.114850530805e-01       5.073879711355e+02 
       4.146980331282e-01       4.989106917961e+02 
       4.179110134692e-01       4.906841119116e+02 
       4.211239940968e-01       4.827194737133e+02 
       4.243369750044e-01       4.750175558305e+02 
       4.275499561857e-01       4.675731613148e+02 
       4.307629376346e-01       4.603712896800e+02 
       4.339759193450e-01       4.534024604207e+02 
       4.371889013112e-01       4.466487265426e+02 
       4.404018835276e-01       4.400911168665e+02 
       4.436148659888e-01       4.337049115086e+02 
       4.468278486893e-01       4.274622924162e+02 
       4.500408316241e-01       4.213298686201e+02 
       4.532538147882e-01       4.152878379691e+02 
       4.564667981768e-01       4.093184171189e+02 
       4.596797817850e-01       4.034152343019e+02 
       4.628927656083e-01       3.975790792767e+02 
       4.661057496423e-01       3.918141808964e+02 
       4.693187338825e-01       3.861268670221e+02 
       4.725317183249e-01       3.805215596564e+02 
       4.757447029652e-01       3.750050370039e+02 
       4.789576877995e-01       3.695850154301e+02 
       4.821706728238e-01       3.642717861206e+02 
       4.853836580345e-01       3.590771019283e+02 
       4.885966434278e-01       3.540114414226e+02 
       4.918096290001e-01       3.490790575616e+02 
       4.950226147479e-01       3.442802172103e+02 
       4.982356006678e-01       3.396066617813e+02 
       5.014485867565e-01       3.350494392104e+02 
       5.046615730108e-01       3.305948283582e+02 
       5.078745594275e-01       3.262326821577e+02 
       5.110875460035e-01       3.219554852714e+02 
       5.143005327359e-01       3.177555345786e+02 
       5.175135196216e-01       3.136286279962e+02 
       5.207265066580e-01       3.095666081301e+02 
       5.239394938421e-01       3.055638022674e+02 
       5.271524811714e-01       3.016138839415e+02 
       5.303654686430e-01       2.977149486606e+02 
       5.335784562546e-01       2.938682537468e+02 
       5.367914440034e-01       2.900776702076e+02 
       5.400044318871e-01       2.863494723795e+02 
       5.432174199034e-01       2.826889728576e+02 
       5.464304080497e-01       2.790949847290e+02 
       5.496433963239e-01       2.755709044944e+02 
       5.528563847237e-01       2.721131271622e+02 
       5.560693732470e-01       2.687198767901e+02 
       5.592823618915e-01       2.653901701511e+02 
       5.624953506552e-01       2.621267768169e+02 
       5.657083395361e-01       2.589268407311e+02 
       5.689213285322e-01       2.557903192478e+02 
       5.721343176415e-01       2.527144354775e+02 
       5.753473068622e-01       2.496942394815e+02 
       5.785602961923e-01       2.467241376825e+02 
       5.817732856301e-01       2.438005302535e+02 
       5.849862751738e-01       2.409214695048e+02 
       5.881992648216e-01       2.380854662436e+02 
       5.914122545718e-01       2.352933703982e+02 
       5.946252444228e-01       2.325457675336e+02 
       5.978382343730e-01       2.298404225687e+02 
       6.010512244206e-01       2.271757154931e+02 
       6.042642145643e-01       2.245491752612e+02 
       6.074772048024e-01       2.219598206699e+02 
       6.106901951335e-01       2.194086198483e+02 
       6.139031855561e-01       2.168972409399e+02 
       6.171161760688e-01       2.144277707956e+02 
       6.203291666701e-01       2.120011298488e+02 
       6.235421573588e-01       2.096171153130e+02 
       6.267551481333e-01       2.072735102715e+02 
