# Matter power spectrum P(k) at redshift z=0
# for k=1.04302e-05 to 0.62652 h/Mpc,
# number of wavenumbers equal to 560
#    1:k (h/Mpc)              2:P (Mpc/h)^3        
       1.043017433922e-05       4.283282605494e+03 
       2.330343671600e-05       7.696425419043e+02 
       3.622188044949e-05       4.781576777071e+02 
       4.922022203262e-05       4.279349828417e+02 
       6.233375117401e-05       4.349732096423e+02 
       7.559864509227e-05       4.641089893282e+02 
       8.905229284430e-05       5.036549939675e+02 
       1.027336339967e-04       5.493999084497e+02 
       1.166835159824e-04       5.998506608796e+02 
       1.309450745178e-04       6.535462551338e+02 
       1.455641414629e-04       7.101876568390e+02 
       1.605896844471e-04       7.695314798670e+02 
       1.760742824074e-04       8.314365417842e+02 
       1.920746408178e-04       8.960246554561e+02 
       2.086521497371e-04       9.633964764127e+02 
       2.258734867301e-04       1.033656882202e+03 
       2.438112650667e-04       1.107103010344e+03 
       2.625447251450e-04       1.183923978372e+03 
       2.821604635570e-04       1.264440090619e+03 
       3.027531892888e-04       1.349007120406e+03 
       3.244264898410e-04       1.437957588945e+03 
       3.472935811725e-04       1.531708432028e+03 
       3.714780039340e-04       1.630740087698e+03 
       3.971142142101e-04       1.735514111047e+03 
       4.243479999516e-04       1.846573761950e+03 
       4.533366349695e-04       1.964477410497e+03 
       4.842486621219e-04       2.089825386354e+03 
       5.172631786698e-04       2.223249543587e+03 
       5.525684837795e-04       2.365394949678e+03 
       5.903599466171e-04       2.516916678687e+03 
       6.308369707549e-04       2.678471025096e+03 
       6.741989745858e-04       2.850684203003e+03 
       7.206403845745e-04       3.034128920684e+03 
       7.703447503169e-04       3.229320178802e+03 
       8.234782310439e-04       3.436661051245e+03 
       8.801828545094e-04       3.656447577673e+03 
       9.405700816233e-04       3.888808274138e+03 
       1.004715287132e-03       4.133725854923e+03 
       1.072653754539e-03       4.390985986774e+03 
       1.144378664756e-03       4.660219577561e+03 
       1.219841342107e-03       4.940862890710e+03 
       1.298953746660e-03       5.232220099351e+03 
       1.381592926446e-03       5.533444455371e+03 
       1.467606926060e-03       5.843600369338e+03 
       1.556821530234e-03       6.161710212659e+03 
       1.649047213743e-03       6.486763408512e+03 
       1.744085754976e-03       6.817713353396e+03 
       1.841736114306e-03       7.153553022725e+03 
       1.941799340569e-03       7.493294775827e+03 
       2.044082417546e-03       7.836014137363e+03 
       2.148401078263e-03       8.180863355300e+03 
       2.254581691746e-03       8.527035702417e+03 
       2.362462367625e-03       8.873788333231e+03 
       2.471893436356e-03       9.220500004054e+03 
       2.582737456034e-03       9.566530352318e+03 
       2.694868879004e-03       9.911377959098e+03 
       2.808173488974e-03       1.025459104317e+04 
       2.922547696327e-03       1.059573451534e+04 
       3.037897758246e-03       1.093445649517e+04 
       3.154138972261e-03       1.127041722274e+04 
       3.271194877247e-03       1.160336926452e+04 
       3.388996484481e-03       1.193306637183e+04 
       3.507481552824e-03       1.225929022713e+04 
       3.626593915802e-03       1.258183678183e+04 
       3.746282863929e-03       1.290060272159e+04 
       3.866502582580e-03       1.321543083528e+04 
       3.987211643730e-03       1.352622652216e+04 
       4.108372548648e-03       1.383284881073e+04 
       4.229951317938e-03       1.413529857501e+04 
       4.351917125023e-03       1.443345632296e+04 
       4.474241969090e-03       1.472727880515e+04 
       4.596900383627e-03       1.501675694620e+04 
       4.719869176892e-03       1.530182779825e+04 
       4.843127200900e-03       1.558248864738e+04 
       4.966655145806e-03       1.585870316726e+04 
       5.090435356856e-03       1.613048142702e+04 
       5.214451671362e-03       1.639787079733e+04 
       5.338689273416e-03       1.666080749502e+04 
       5.463134564318e-03       1.691935349194e+04 
       5.587775046918e-03       1.717346038071e+04 
       5.712599222283e-03       1.742319194722e+04 
       5.837596497265e-03       1.766858265468e+04 
       5.962757101746e-03       1.790957782388e+04 
       6.088072014455e-03       1.814632889270e+04 
       6.213532896389e-03       1.837874821053e+04 
       6.339132030985e-03       1.860694348409e+04 
       6.464862270303e-03       1.883087763752e+04 
       6.590716986546e-03       1.905068605087e+04 
       6.716690028334e-03       1.926627549474e+04 
       6.842775681234e-03       1.947774842607e+04 
       6.968968632056e-03       1.968515059645e+04 
       7.095263936553e-03       1.988851702445e+04 
       7.221656990137e-03       2.008785241512e+04 
       7.348143501310e-03       2.028328079268e+04 
       7.474719467531e-03       2.047467504459e+04 
       7.601381153264e-03       2.066216669687e+04 
       7.728125069991e-03       2.084588022286e+04 
       7.854947957997e-03       2.102576110620e+04 
       7.981846769737e-03       2.120187206536e+04 
       8.108818654655e-03       2.137416522837e+04 
       8.235860945291e-03       2.154279672104e+04 
       8.362971144566e-03       2.170778612247e+04 
       8.490146914134e-03       2.186910120005e+04 
       8.617386063689e-03       2.202684557311e+04 
       8.744686541156e-03       2.218107921589e+04 
       8.872046423670e-03       2.233183946545e+04 
       8.999463909285e-03       2.247906862564e+04 
       9.126937309336e-03       2.262283541372e+04 
       9.254465041401e-03       2.276325349362e+04 
       9.382045622813e-03       2.290030332503e+04 
       9.509677664673e-03       2.303402867635e+04 
       9.637359866316e-03       2.316449348760e+04 
       9.765091010203e-03       2.329166603073e+04 
       9.892869957190e-03       2.341566076589e+04 
       1.002069564215e-02       2.353648154989e+04 
       1.014856706993e-02       2.365417347022e+04 
       1.027648331158e-02       2.376875378420e+04 
       1.040444350087e-02       2.388029370868e+04 
       1.053244683109e-02       2.398872831900e+04 
       1.066049255202e-02       2.409424844459e+04 
       1.078857996715e-02       2.419674403309e+04 
       1.091670843110e-02       2.429634485305e+04 
       1.104487734723e-02       2.439300904260e+04 
       1.117308616536e-02       2.448688952708e+04 
       1.130133437978e-02       2.457788055380e+04 
       1.142962152720e-02       2.466611933044e+04 
       1.155794718507e-02       2.475155807114e+04 
       1.168631096982e-02       2.483425850431e+04 
       1.181471253536e-02       2.491429836711e+04 
       1.194315157162e-02       2.499166522345e+04 
       1.207162780317e-02       2.506638169409e+04 
       1.220014098804e-02       2.513849133204e+04 
       1.232869091648e-02       2.520803951416e+04 
       1.245727740995e-02       2.527502214329e+04 
       1.258590032005e-02       2.533951864414e+04 
       1.271455952766e-02       2.540152458588e+04 
       1.284325494200e-02       2.546108065140e+04 
       1.297198649989e-02       2.551820412419e+04 
       1.310075416499e-02       2.557293757508e+04 
       1.322955792711e-02       2.562529423937e+04 
       1.335839780157e-02       2.567531564360e+04 
       1.348727382864e-02       2.572303994985e+04 
       1.361618607300e-02       2.576847931078e+04 
       1.374513462322e-02       2.581167807342e+04 
       1.387411959136e-02       2.585264404303e+04 
       1.400314111252e-02       2.589139780296e+04 
       1.413219934448e-02       2.592800678616e+04 
       1.426129446738e-02       2.596246092453e+04 
       1.439042668340e-02       2.599479071077e+04 
       1.451959621648e-02       2.602503995684e+04 
       1.464880331214e-02       2.605321063738e+04 
       1.477804823718e-02       2.607936589944e+04 
       1.490733127957e-02       2.610351593884e+04 
       1.503665274830e-02       2.612568597569e+04 
       1.516601297318e-02       2.614585340248e+04 
       1.529541230482e-02       2.616412744971e+04 
       1.542485111451e-02       2.618047468784e+04 
       1.555432979417e-02       2.619495597438e+04 
       1.568384875631e-02       2.620759258065e+04 
       1.581340843403e-02       2.621837732979e+04 
       1.594300928105e-02       2.622733461436e+04 
       1.607265177171e-02       2.623451244588e+04 
       1.620233640100e-02       2.623987062956e+04 
       1.633206368470e-02       2.624360362277e+04 
       1.646183415941e-02       2.624557659145e+04 
       1.659164838267e-02       2.624585403961e+04 
       1.672150693310e-02       2.624447582580e+04 
       1.685141041055e-02       2.624140675727e+04 
       1.698135943621e-02       2.623681862796e+04 
       1.711135465287e-02       2.623051486934e+04 
       1.724139672503e-02       2.622266881631e+04 
       1.737148633918e-02       2.621331789933e+04 
       1.750162420400e-02       2.620239514531e+04 
       1.763181105060e-02       2.618994784645e+04 
       1.776204763281e-02       2.617599902709e+04 
       1.789233472742e-02       2.616065036237e+04 
       1.802267313454e-02       2.614381340095e+04 
       1.815306367782e-02       2.612555819339e+04 
       1.828350720488e-02       2.610587835697e+04 
       1.841400458759e-02       2.608484186212e+04 
       1.854455672244e-02       2.606245571853e+04 
       1.867516453095e-02       2.603869133797e+04 
       1.880582896005e-02       2.601363916811e+04 
       1.893655098248e-02       2.598730822432e+04 
       1.906733159725e-02       2.595963946752e+04 
       1.919817183005e-02       2.593077371730e+04 
       1.932907273378e-02       2.590063911793e+04 
       1.946003538895e-02       2.586931967325e+04 
       1.959106090428e-02       2.583677317336e+04 
       1.972215041711e-02       2.580304530253e+04 
       1.985330509406e-02       2.576814143695e+04 
       1.998452613150e-02       2.573209480357e+04 
       2.011581475616e-02       2.569495893910e+04 
       2.024717222574e-02       2.565669872366e+04 
       2.037859982952e-02       2.561735907743e+04 
       2.051009888899e-02       2.557693834699e+04 
       2.064167075854e-02       2.553546928836e+04 
       2.077331682611e-02       2.549300485504e+04 
       2.090503851392e-02       2.544952040630e+04 
       2.103683727921e-02       2.540506622091e+04 
       2.116871461495e-02       2.535957155194e+04 
       2.130067205066e-02       2.531317113139e+04 
       2.143271115318e-02       2.526580047443e+04 
       2.156483352753e-02       2.521754048674e+04 
       2.169704081773e-02       2.516833505264e+04 
       2.182933470770e-02       2.511830887462e+04 
       2.196171692217e-02       2.506733667675e+04 
       2.209418922760e-02       2.501552020968e+04 
       2.222675343315e-02       2.496287288783e+04 
       2.235941139170e-02       2.490947851553e+04 
       2.249216500085e-02       2.485520454848e+04 
       2.262501620398e-02       2.480012871035e+04 
       2.275796699136e-02       2.474433240577e+04 
       2.289101940125e-02       2.468774830442e+04 
       2.302417552109e-02       2.463044231793e+04 
       2.315743748869e-02       2.457237517479e+04 
       2.329080749344e-02       2.451362817058e+04 
       2.342428777764e-02       2.445416835682e+04 
       2.355788063776e-02       2.439404221727e+04 
       2.369158842581e-02       2.433325540689e+04 
       2.382541355076e-02       2.427180123179e+04 
       2.395935847998e-02       2.420972069229e+04 
       2.409342574070e-02       2.414705733105e+04 
       2.422761792158e-02       2.408374471755e+04 
       2.436193767431e-02       2.401981701229e+04 
       2.449638771520e-02       2.395531964225e+04 
       2.463097082690e-02       2.389029252354e+04 
       2.476568986017e-02       2.382468193618e+04 
       2.490054773565e-02       2.375858854121e+04 
       2.503554744572e-02       2.369189560207e+04 
       2.517069205647e-02       2.362474443171e+04 
       2.530598470965e-02       2.355705954912e+04 
       2.544142862474e-02       2.348894697000e+04 
       2.557702710106e-02       2.342034589923e+04 
       2.571278352000e-02       2.335126086520e+04 
       2.584870134728e-02       2.328175504484e+04 
       2.598478413526e-02       2.321178327814e+04 
       2.612103552543e-02       2.314141929398e+04 
       2.625745925090e-02       2.307059538005e+04 
       2.639405913898e-02       2.299944762072e+04 
       2.653083911391e-02       2.292771612116e+04 
       2.666780319961e-02       2.285590805889e+04 
       2.680495552261e-02       2.278358424057e+04 
       2.694230031499e-02       2.271093681428e+04 
       2.707984191754e-02       2.263798961667e+04 
       2.721758478289e-02       2.256454299322e+04 
       2.735553347891e-02       2.249089225574e+04 
       2.749369269211e-02       2.241705844478e+04 
       2.763206723124e-02       2.234275244040e+04 
       2.777066203098e-02       2.226828275467e+04 
       2.790948215581e-02       2.219348201755e+04 
       2.804853280396e-02       2.211839277566e+04 
       2.818781931162e-02       2.204307887904e+04 
       2.832734715718e-02       2.196749376998e+04 
       2.846712196572e-02       2.189151200391e+04 
       2.860714951367e-02       2.181553381309e+04 
       2.874743573361e-02       2.173939421067e+04 
       2.888798671930e-02       2.166291369106e+04 
       2.902880873088e-02       2.158623575078e+04 
       2.916990820029e-02       2.150938848004e+04 
       2.931129173695e-02       2.143231552430e+04 
       2.945296613357e-02       2.135513068539e+04 
       2.959493837232e-02       2.127771856386e+04 
       2.973721563117e-02       2.120020589401e+04 
       2.987980529050e-02       2.112250597804e+04 
       3.002271494008e-02       2.104450761912e+04 
       3.016595238618e-02       2.096660185789e+04 
       3.030952565917e-02       2.088860843461e+04 
       3.045344302132e-02       2.081038838907e+04 
       3.059771297495e-02       2.073208067715e+04 
       3.074234427103e-02       2.065365475316e+04 
       3.088734591807e-02       2.057512393883e+04 
       3.103272719141e-02       2.049650591372e+04 
       3.117849764299e-02       2.041781520211e+04 
       3.132466711153e-02       2.033898884878e+04 
       3.147124573317e-02       2.026002075326e+04 
       3.161824395260e-02       2.018125140055e+04 
       3.176567253475e-02       2.010228482913e+04 
       3.191354257699e-02       2.002320909049e+04 
       3.206186552194e-02       1.994415365052e+04 
       3.221065317085e-02       1.986504320291e+04 
       3.235991769775e-02       1.978589138655e+04 
       3.250967166410e-02       1.970663662501e+04 
       3.265992803437e-02       1.962747893464e+04 
       3.281070019228e-02       1.954805988436e+04 
       3.296200195787e-02       1.946897002849e+04 
       3.311384760548e-02       1.938970990342e+04 
       3.326625188266e-02       1.931042887911e+04 
       3.341923003003e-02       1.923113987047e+04 
       3.357279780220e-02       1.915184859809e+04 
       3.372697148981e-02       1.907257127617e+04 
       3.388176794278e-02       1.899328318531e+04 
       3.403720459479e-02       1.891401908427e+04 
       3.419329948910e-02       1.883478210854e+04 
       3.435007130587e-02       1.875546484203e+04 
       3.450753939089e-02       1.867632351740e+04 
       3.466572378613e-02       1.859711384599e+04 
       3.482464526184e-02       1.851796065454e+04 
       3.498432535068e-02       1.843870424422e+04 
       3.514478638378e-02       1.835971128302e+04 
       3.530605152893e-02       1.828063505365e+04 
       3.546814483115e-02       1.820156368869e+04 
       3.563109125563e-02       1.812256624367e+04 
       3.579491673339e-02       1.804358066772e+04 
       3.595964820976e-02       1.796463440916e+04 
       3.612531369594e-02       1.788575908778e+04 
       3.629194232383e-02       1.780689403007e+04 
       3.645956440441e-02       1.772796895420e+04 
       3.662821149002e-02       1.764928678730e+04 
       3.679791644064e-02       1.757054677442e+04 
       3.696871349476e-02       1.749173896552e+04 
       3.714063834502e-02       1.741314682399e+04 
       3.731372821909e-02       1.733458857871e+04 
       3.748802196616e-02       1.725596029129e+04 
       3.766356014969e-02       1.717745466431e+04 
       3.784038514667e-02       1.709895757330e+04 
       3.801854125427e-02       1.702050557485e+04 
       3.819807480428e-02       1.694208739033e+04 
       3.837903428619e-02       1.686367091713e+04 
       3.856147047962e-02       1.678524923622e+04 
       3.874543659700e-02       1.670697363064e+04 
       3.893098843737e-02       1.662858432714e+04 
       3.911818455258e-02       1.655037481770e+04 
       3.930708642671e-02       1.647209682558e+04 
       3.949775867042e-02       1.639383226435e+04 
       3.969026923137e-02       1.631558739540e+04 
       3.988468962254e-02       1.623734532783e+04 
       4.008109517019e-02       1.615909900345e+04 
       4.027956528349e-02       1.608075556817e+04 
       4.048018374824e-02       1.600257881708e+04 
       4.068303904705e-02       1.592431282328e+04 
       4.088822470913e-02       1.584600909425e+04 
       4.109583969278e-02       1.576768918402e+04 
       4.130598880436e-02       1.568922462944e+04 
       4.151878315799e-02       1.561092068190e+04 
       4.173434068068e-02       1.553237108267e+04 
       4.195278666838e-02       1.545385670187e+04 
       4.217425439906e-02       1.537524338907e+04 
       4.239888581008e-02       1.529663629987e+04 
       4.262683224772e-02       1.521784785124e+04 
       4.285825529839e-02       1.513887572743e+04 
       4.309332771220e-02       1.505996138201e+04 
       4.333223443121e-02       1.498075748799e+04 
       4.357517373678e-02       1.490152883937e+04 
       4.382235853269e-02       1.482206068431e+04 
       4.407401778332e-02       1.474232740016e+04 
       4.433039812964e-02       1.466256406686e+04 
       4.459176570943e-02       1.458241662937e+04 
       4.485840821300e-02       1.450214782937e+04 
       4.513063721099e-02       1.442153861407e+04 
       4.540879079783e-02       1.434069724485e+04 
       4.569323660243e-02       1.425951798149e+04 
       4.598437522743e-02       1.417805858438e+04 
       4.628264419062e-02       1.409607593862e+04 
       4.658852245676e-02       1.401379471761e+04 
       4.690253566593e-02       1.393109468709e+04 
       4.722526218728e-02       1.384777354210e+04 
       4.755734015444e-02       1.376399713686e+04 
       4.789947567327e-02       1.367965550343e+04 
       4.825245243594e-02       1.359465122728e+04 
       4.861714302906e-02       1.350897025465e+04 
       4.899452229166e-02       1.342251429216e+04 
       4.938568316489e-02       1.333518776976e+04 
       4.979185558434e-02       1.324702426637e+04 
       5.021442910435e-02       1.315770703510e+04 
       5.065498012076e-02       1.306735428121e+04 
       5.111530478352e-02       1.297570086342e+04 
       5.159745897747e-02       1.288265386771e+04 
       5.210380711340e-02       1.278806771051e+04 
       5.263708192845e-02       1.269162973066e+04 
       5.320045806105e-02       1.259317638063e+04 
       5.379764284681e-02       1.249243705812e+04 
       5.443298856181e-02       1.238903892420e+04 
       5.511163114615e-02       1.228249937127e+04 
       5.583966108277e-02       1.217230670814e+04 
       5.662433215215e-02       1.205779603297e+04 
       5.747431232435e-02       1.193808071882e+04 
       5.839997628769e-02       1.181190076766e+04 
       5.941372766338e-02       1.167790231860e+04 
       6.053031487651e-02       1.153388762654e+04 
       6.176705862798e-02       1.137724412678e+04 
       6.314382946295e-02       1.120430205789e+04 
       6.468249611633e-02       1.101033589642e+04 
       6.640543787132e-02       1.078926293442e+04 
       6.833269422845e-02       1.053388037585e+04 
       7.047766451771e-02       1.023665708519e+04 
       7.284222480824e-02       9.891197204341e+03 
       7.541342829079e-02       9.494881000707e+03 
       7.816428126268e-02       9.051213571374e+03 
       8.105912196714e-02       8.570676350838e+03 
       8.406104926223e-02       8.069846893297e+03 
       8.713782233898e-02       7.568326886747e+03 
       9.026449689286e-02       7.085348685515e+03 
       9.342335093679e-02       6.637055698628e+03 
       9.660249820282e-02       6.235233733680e+03 
       9.979426068207e-02       5.886235170428e+03 
       1.029937959610e-01       5.591564083296e+03 
       1.061980952683e-01       5.348548070908e+03 
       1.094053062342e-01       5.150963389114e+03 
       1.126142947579e-01       4.990438883797e+03 
       1.158243687672e-01       4.857023173309e+03 
       1.190351067014e-01       4.740457740465e+03 
       1.222462519923e-01       4.630856427869e+03 
       1.254576485068e-01       4.519682721979e+03 
       1.286692011816e-01       4.400381327472e+03 
       1.318808520664e-01       4.268902419363e+03 
       1.350925657629e-01       4.123875167719e+03 
       1.383043205786e-01       3.966375839975e+03 
       1.415161031560e-01       3.799538610793e+03 
       1.447279052111e-01       3.627966289716e+03 
       1.479397215524e-01       3.456770952152e+03 
       1.511515488782e-01       3.291127009705e+03 
       1.543633850454e-01       3.135569072373e+03 
       1.575752286248e-01       2.993548858956e+03 
       1.607870786300e-01       2.867294473303e+03 
       1.639989343525e-01       2.757696131419e+03 
       1.672107952606e-01       2.664377606477e+03 
       1.704226609370e-01       2.585885740753e+03 
       1.736345310410e-01       2.519929301241e+03 
       1.768464052842e-01       2.463642759776e+03 
       1.800582834160e-01       2.413910114343e+03 
       1.832701652134e-01       2.367812008852e+03 
       1.864820504754e-01       2.322808848495e+03 
       1.896939390184e-01       2.275998305425e+03 
       1.929058306734e-01       2.225610988096e+03 
       1.961177252840e-01       2.170690999655e+03 
       1.993296227047e-01       2.111117264841e+03 
       2.025415228001e-01       2.047576430397e+03 
       2.057534254434e-01       1.981344163619e+03 
       2.089653305159e-01       1.914027392048e+03 
       2.121772379062e-01       1.847324886854e+03 
       2.153891475098e-01       1.782785173286e+03 
       2.186010592283e-01       1.721693439350e+03 
       2.218129729693e-01       1.664997686329e+03 
       2.250248886453e-01       1.613304171544e+03 
       2.282368061742e-01       1.566884120252e+03 
       2.314487254783e-01       1.525675570109e+03 
       2.346606464842e-01       1.489314065387e+03 
       2.378725691224e-01       1.457142658399e+03 
       2.410844933273e-01       1.428301963214e+03 
       2.442964190368e-01       1.401800649010e+03 
       2.475083461918e-01       1.376629179580e+03 
       2.507202747364e-01       1.351875081955e+03 
       2.539322046176e-01       1.326803300324e+03 
       2.571441357850e-01       1.300900233371e+03 
       2.603560681907e-01       1.273887652709e+03 
       2.635680017891e-01       1.245705514018e+03 
       2.667799365369e-01       1.216471677808e+03 
       2.699918723929e-01       1.186470873749e+03 
       2.732038093177e-01       1.156102727738e+03 
       2.764157472739e-01       1.125848539663e+03 
       2.796276862257e-01       1.096229471904e+03 
       2.828396261390e-01       1.067728625129e+03 
       2.860515669812e-01       1.040744036913e+03 
       2.892635087212e-01       1.015539038097e+03 
       2.924754513294e-01       9.922262179558e+02 
       2.956873947771e-01       9.707760854876e+02 
       2.988993390373e-01       9.510436540488e+02 
       3.021112840839e-01       9.328077744612e+02 
       3.053232298919e-01       9.157976149515e+02 
       3.085351764374e-01       8.997318979425e+02 
       3.117471236976e-01       8.843236837580e+02 
       3.149590716503e-01       8.692969349895e+02 
       3.181710202747e-01       8.544063587242e+02 
       3.213829695503e-01       8.394504292356e+02 
       3.245949194579e-01       8.242988374298e+02 
       3.278068699787e-01       8.088962966186e+02 
       3.310188210947e-01       7.932700273162e+02 
       3.342307727889e-01       7.775127612333e+02 
       3.374427250444e-01       7.617545379444e+02 
       3.406546778455e-01       7.461412885299e+02 
       3.438666311768e-01       7.308196426612e+02 
       3.470785850234e-01       7.159112863552e+02 
       3.502905393711e-01       7.015249056899e+02 
       3.535024942062e-01       6.877380756016e+02 
       3.567144495155e-01       6.746077395467e+02 
       3.599264052862e-01       6.621606195228e+02 
       3.631383615061e-01       6.503831586510e+02 
       3.663503181632e-01       6.392273607533e+02 
       3.695622752461e-01       6.286076808380e+02 
       3.727742327438e-01       6.184219117331e+02 
       3.759861906456e-01       6.085622557886e+02 
       3.791981489411e-01       5.989299402173e+02 
       3.824101076204e-01       5.894483832252e+02 
       3.856220666740e-01       5.800671977610e+02 
       3.888340260923e-01       5.707475167799e+02 
       3.920459858666e-01       5.614768051668e+02 
       3.952579459880e-01       5.522471854125e+02 
       3.984699064481e-01       5.430636914247e+02 
       4.016818672388e-01       5.339466663106e+02 
       4.048938283522e-01       5.249251003326e+02 
       4.081057897806e-01       5.160430627003e+02 
       4.113177515165e-01       5.073461245439e+02 
       4.145297135530e-01       4.988703337975e+02 
       4.177416758829e-01       4.906457717489e+02 
       4.209536384995e-01       4.826838406930e+02 
       4.241656013963e-01       4.749839937225e+02 
       4.273775645670e-01       4.675385452616e+02 
       4.305895280054e-01       4.603351018811e+02 
       4.338014917055e-01       4.533625401604e+02 
       4.370134556615e-01       4.466047700011e+02 
       4.402254198679e-01       4.400446455668e+02 
       4.434373843191e-01       4.336563410601e+02 
       4.466493490099e-01       4.274127958554e+02 
       4.498613139351e-01       4.212835524938e+02 
       4.530732790897e-01       4.152434718462e+02 
       4.562852444689e-01       4.092768896263e+02 
       4.594972100678e-01       4.033754872053e+02 
       4.627091758820e-01       3.975409230510e+02 
       4.659211419070e-01       3.917777171526e+02 
       4.691331081384e-01       3.860921606887e+02 
       4.723450745719e-01       3.804894153180e+02 
       4.755570412036e-01       3.749747874458e+02 
       4.787690080293e-01       3.695557496201e+02 
       4.819809750452e-01       3.642421291716e+02 
       4.851929422475e-01       3.590455177012e+02 
       4.884049096325e-01       3.539773804111e+02 
       4.916168771966e-01       3.490437594991e+02 
       4.948288449364e-01       3.442439831338e+02 
       4.980408128483e-01       3.395724601693e+02 
       5.012527809291e-01       3.350161277521e+02 
       5.044647491756e-01       3.305620504292e+02 
       5.076767175846e-01       3.262015936106e+02 
       5.108886861530e-01       3.219238226230e+02 
       5.141006548778e-01       3.177251680468e+02 
       5.173126237562e-01       3.135979210405e+02 
       5.205245927851e-01       3.095372628792e+02 
       5.237365619620e-01       3.055356016968e+02 
       5.269485312840e-01       3.015870939652e+02 
       5.301605007485e-01       2.976890795392e+02 
       5.333724703530e-01       2.938425483432e+02 
       5.365844400948e-01       2.900517386975e+02 
       5.397964099716e-01       2.863226527103e+02 
       5.430083799810e-01       2.826613278736e+02 
       5.462203501206e-01       2.790701919839e+02 
       5.494323203880e-01       2.755465115432e+02 
       5.526442907812e-01       2.720902801963e+02 
       5.558562612978e-01       2.686978278544e+02 
       5.590682319358e-01       2.653690829321e+02 
       5.622802026931e-01       2.621041456861e+02 
       5.654921735676e-01       2.589039117152e+02 
       5.687041445573e-01       2.557672611959e+02 
       5.719161156603e-01       2.526916067228e+02 
       5.751280868748e-01       2.496720663443e+02 
       5.783400581987e-01       2.467031063258e+02 
       5.815520296304e-01       2.437798165773e+02 
       5.847640011680e-01       2.409011017804e+02 
       5.879759728097e-01       2.380653559969e+02 
       5.911879445540e-01       2.352738010109e+02 
       5.943999163991e-01       2.325254441776e+02 
       5.976118883433e-01       2.298212848009e+02 
       6.008238603852e-01       2.271570864958e+02 
       6.040358325231e-01       2.245314843303e+02 
       6.072478047555e-01       2.219430204465e+02 
       6.104597770809e-01       2.193920164394e+02 
       6.136717494979e-01       2.168802628516e+02 
       6.168837220050e-01       2.144107901442e+02 
       6.200956946008e-01       2.119846122708e+02 
       6.233076672839e-01       2.096003279042e+02 
       6.265196400530e-01       2.072577769461e+02 
